60 0.003940202083804242
613 0.006271005394151726
1249 0.016046396155623536
1687 0.00472020881866936
1991 0.0021844943715363372
2284 0.026169013839671382
3120 0.0021599899806975923
3185 0.00222684681343347
3218 0.001968409390106555
3289 0.002111912784353033
3329 0.0020281690308223055
3383 0.0023125855286098207
3392 0.0025454625316852263
3898 0.0033921915189090166
3930 0.01378300975051453
4065 0.019719667564742176
4370 0.005984396372481172
4887 0.02297168291752422
5125 0.004696506191889815
5593 0.003906282596357042
5749 0.05387336996248693
5842 0.006211508189273626
9964 0.0011798395443313034
10203 0.01808544097097901
13306 0.008102635682542577
13515 0.0020257520919022493
14400 0.005284043286113318
15325 0.024338028369867665
15573 0.013870613626047463
16332 0.019689015003355435
18841 0.04676378308210287
22292 0.005433782081808386
23513 0.006039602981083397
23522 0.007822805537677564
24594 0.010150278498440933
24727 0.023981427221591217
26085 0.0034991606795801186
28099 0.005478602202087365
28452 0.0025209586567171358
29204 0.028097069484048127
32637 0.022530315948961606
32647 0.003471330663570733
32786 0.1539081656798172
34211 0.00084010389214608
35156 0.01566251108013015
36696 0.011366197276900003
40310 0.04571629722829597
40323 0.4819528455169178
41217 0.5038597930404141
41231 0.5038597930404141
41411 0.5038597930404141
42213 0.05797243450506132
48144 0.012997422015211162
48256 0.024935511756260496
48412 0.0016265663680731434
50393 0.01727422066357362
51790 0.015102064641538297
57175 0.011946951882289055
59010 0.03673936858163378
59078 0.001308862381346342
62163 0.02008260623157792
65244 0.005892825950940056
68229 0.013067723815358086
68232 0.014079418562353552
68370 0.0017627704985176097
69438 0.016616572668767517
70216 0.02008260623157792
70231 0.10920097073663845
70558 0.0060276864855296946
70790 0.0025175824317258933
72320 0.05355031616854642
74686 0.017228762188143162
75973 0.006619746846809305
76337 0.04016273712640982
76422 0.0027636288822959635
77284 0.01043613978776474
77314 0.0025684306125909775
77364 0.000991058073190191
78027 0.0016367324078736005
78813 0.03698830300279323
78951 0.0015614756228890137
79276 0.005834166024678478
79287 0.008308608378910759
79918 0.0005088091180982791
80495 0.0018976607627520005
80807 0.0008814341163238796
81336 0.0009671930316877533
81871 0.021256265037319488
83155 0.0010862667382602294
83552 0.000885677709888312
83784 0.10807838282765488
83843 0.03241054273017031
83990 0.00994162820348799
84917 0.02884109969821323
85267 0.01657450539618836
86205 0.06012319997728368
86207 0.005710930163260746
86208 0.07151558352831683
86621 0.0003068202095554598
87549 0.004845987884155738
89452 0.0251929896520207
90144 0.05501621539070926
90690 0.031657758013132566
91180 0.022192981801675938
92281 0.018599231907654553
93532 0.015190091952423206
95576 0.0032783823893311973
98641 0.01501589365021652
99521 0.031475623228338474
99910 0.010103286468355559
102320 0.06718130573872187
108302 0.03577557175680001
108608 0.08397663217340234
108665 0.06637673920292879
110516 0.027437909522002743
110783 0.022344469732062805
111251 0.004898205696149566
111482 0.0024365201456994427
111503 0.12092990975721174
113101 0.002399021484607696
113104 0.027644802772031254
113107 0.10911549385824003
113114 0.10911549385824003
113806 0.004617016665369818
114075 0.02884109969821323
114076 0.03241054273017031
114077 0.032899143876856295
114080 0.03784352388147053
114340 0.031475623228338474
115095 0.030621313389196436
115098 0.008480478797272543
115325 0.0007048804512806204
116043 0.010998281274414948
116063 0.008490915317580002
116200 0.0012682932257834952
116567 0.05366335763520002
116912 0.07334695428302261
116913 0.06413141330910259
117263 0.02949067401574055
118202 0.010857263070471645
118218 0.019601585723037135
118230 0.02639890980441291
118261 0.05279781960882582
118265 0.02975877105224728
118266 0.011968792744962344
118339 0.01931247678906903
118341 0.025375696246102333
118347 0.0589813480314811
118437 0.07039709281176777
118438 0.020983748818892315
118457 0.022118005511805414
118458 0.02871460364690527
118460 0.03374705995615671
120419 0.011670106294998933
120420 0.017228762188143162
120421 0.019484909617542862
120589 0.03042060953717717
120634 0.007499346656923714
120704 0.04710021317621872
120706 0.03225088488420888
120707 0.045151238837892425
121299 0.02661353508737562
123418 0.045151238837892425
123830 0.04392350125855887
124344 0.012483012890640889
125156 0.0014238646436481952
125177 0.02355010658810936
125712 0.4676378308210287
125759 0.2648307291214096
126987 0.0015655020639632718
127400 0.057733934619214104
127401 0.05264163592988327
127463 0.05951754210449456
127996 0.05595666351704618
128708 0.06295124645667695
128714 0.0414362634904709
128991 0.0222684681343347
129433 0.02071813174523545
129434 0.04643212504605959
129436 0.023216062523029796
129591 0.03992030263106343
129641 0.029097465028864008
129671 0.032899143876856295
129675 0.041175658059713224
129763 0.04423601102361083
129908 0.04922503482326618
129947 0.02305256912498029
130716 0.022344469732062805
130913 0.06006357460086608
