6 0.021114432316468364
96 0.0016067157470427901
221 0.005214678865847063
222 0.002197987141954537
240 0.004409201889577807
258 0.034888684792929156
293 0.0008633099536349321
328 0.006288947473403539
460 0.0035944188748234457
474 0.003911209387606239
542 0.0013793455550389312
572 0.005367489968142947
576 0.003450529265234752
604 0.044403780645546204
620 0.0036330365982719616
641 0.00222018903227731
646 0.004074118891481997
661 0.0039630104440197475
667 0.006280085536338038
670 0.0016495213072829544
675 0.009566878489221945
755 0.00967027846213897
760 0.004878994765714843
765 0.004758971524689689
771 0.009660152516105316
888 0.0017334283453900132
936 0.0004895294302794069
1032 0.0006184544574998697
1033 0.0034136311894956955
1038 0.001880228521774625
1040 0.001676736081237818
1042 0.0004109923601261288
1043 0.0015657579180041715
1074 0.001932588180788554
1106 0.02144377699467841
1121 0.0017597975516049134
1148 0.0021271881865146253
1198 0.00383830539528733
1231 0.0011459989572869713
1272 0.0012653927126969125
1402 0.002769990096981143
1498 0.0014952293482683925
1551 0.0010373563016884562
1630 0.0013305383383294016
1680 0.00912027859732173
1761 0.0038868030803793753
1866 0.004788643010794198
1900 0.0038493645218117983
1910 0.008545386296916962
1913 0.0025737554355439543
1984 0.006021882580697362
1999 0.001266851378648148
2030 0.004202652279071772
2038 0.046811518645375305
2063 0.0015927443057641572
2100 0.003528069248723173
2101 0.004135441471222083
2130 0.03510863898403148
2152 0.0013317098709206526
2153 0.00886285137884894
2223 0.0031602978317103337
2230 0.0023787253002923213
2249 0.010618295371761047
2253 0.006966678738366203
2257 0.018786214888500317
2287 0.0013130150190887317
2293 0.0013991006632428625
2311 0.02063837691976091
2315 0.003253866975506346
2325 0.039597035739256194
2352 0.0037003296640379627
2356 0.0018354798680204902
2363 0.003026852974629798
2385 0.0022803405222471423
2404 0.010036470967828936
2407 0.0013771849260366773
2416 0.002534229303580073
2419 0.001223142538650271
2420 0.0015049552495409358
2424 0.0019607378607979812
2446 0.026323199304844756
2450 0.007476146741341962
2459 0.0016551107996645611
2461 0.0014162288285789542
2519 0.022418769471730944
2530 0.0012906559847061284
2543 0.011243249946547844
2549 0.002373636222413107
2555 0.02892088344677022
2576 0.002827899492634754
2593 0.0015049552495409358
2611 0.0012716153554842562
2622 0.004409201889577807
2626 0.001517946921239321
2628 0.0015824241482754046
2630 0.0016458159056192715
2638 0.001460456572727267
2643 0.0013669074265886423
2648 0.0012595914853607661
2701 0.0031443236717384384
2757 0.022659661257263267
2759 0.002840346568005104
2780 0.010592709117853191
2781 0.0020802212030784444
2782 0.0025782840374833278
2784 0.0014957381027251016
2786 0.0015688701941145875
2787 0.0013161599652422376
2795 0.0023347024669431223
2799 0.0014667915528558805
2801 0.00603014305062973
2803 0.0014921840746466644
2804 0.0016263315885716146
2807 0.002624482180752706
2810 0.0026487656457703465
2824 0.0013517756100581409
2840 0.0013431024393244955
2849 0.0021676401794423444
2855 0.002464111145688943
2868 0.0025612634083326475
2942 0.0012944565029178662
2951 0.002356135316433895
3033 0.0015457012250031906
3082 0.0012190721807845465
3084 0.001364361975142481
3085 0.0012559926525454498
3113 0.001361825986341101
3116 0.0014484264526883274
3121 0.0015295665566837419
3122 0.0025204982948237972
3123 0.0014590024174938846
3132 0.0014876393515766747
3139 0.001397321768566139
3144 0.003842634863556883
3146 0.002441939456894578
3147 0.007808124838204394
3149 0.002186554484316884
3155 0.0026763867186676282
3156 0.0011801273245393485
3157 0.0016927124697378028
3158 0.002373415645604169
3160 0.0015616249676408786
3163 0.0013810789456201928
3173 0.001108974340037607
3178 0.0012716153554842562
3182 0.0013260857568353165
3185 0.0014952293482683925
3186 0.0014493815640979472
3190 0.002454825680941515
3195 0.0016607383014390154
3203 0.0015864216109379551
3204 0.0029618111677734474
3205 0.0032010567844831983
3207 0.0016114275234270798
3208 0.0014263381842664093
3210 0.0024515913915068095
3211 0.0015599624854184082
3221 0.003096826335307344
3223 0.003167297296292353
3225 0.001560516252718876
3226 0.001634191183609321
3227 0.0015577513408607632
3232 0.0014806245483021468
3235 0.0014441439828873435
3238 0.0015484234885202797
3247 0.0017178484892180828
3249 0.0013982106500983061
3251 0.0024556355871378005
3252 0.0012272401685954981
3254 0.001489655806136589
3256 0.0014821221456200518
3257 0.0012857485475019227
3260 0.0020464755195531135
3262 0.0018486014650584835
3266 0.0013771849260366773
3268 0.002586181884855689
3275 0.001433781566832705
3276 0.0030730998177483605
3283 0.0015158532013479565
3284 0.0013647855584939688
3286 0.0023413121939649807
3287 0.0016594844408867775
3288 0.0015495150806870194
3318 0.0014931977866538973
3319 0.0034058729367922964
3320 0.0025437564814130807
3322 0.0013758917946507271
3324 0.002546367247558903
3329 0.001361825986341101
3330 0.0026143419264540477
3332 0.0016281386236700272
3335 0.0013754612903345037
3337 0.0015200464328869552
3338 0.003402967780479741
3341 0.0024126520144618067
3342 0.001500844753809858
3343 0.0016439694405045151
3344 0.0013986555150840197
3355 0.0014836227755346183
3359 0.0015370539454227531
3376 0.00170717447918799
3383 0.0015527991112359852
3385 0.0014731817305325314
3388 0.0016817040106767687
3390 0.003234728489789824
3391 0.0036036031072896853
3394 0.0016293455462969139
3397 0.001570551727012888
3398 0.001558303539138275
3399 0.0015370539454227531
3400 0.001626933487753173
3402 0.0014328468982754477
3403 0.0017619135406449194
3445 0.0015343293062491598
3503 0.0010316766683663634
3685 0.0027928680329790813
3865 0.0027509225806690075
3924 0.005508739704146709
3962 0.0018505796779250804
4113 0.011329830628631634
4162 0.003828719889205079
4189 0.01510644083817551
4202 0.006534707168230618
4210 0.0040059372791252275
4214 0.0016759337719821096
4307 0.0666056709683193
4430 0.011359106676767634
4503 0.007425632236332896
4572 0.007935001561422893
4592 0.000870317617087522
4611 0.002608886815376305
4830 0.005716481513535857
4885 0.021511651631834317
4903 0.009856444582755771
4970 0.0019079749496133131
5000 0.015370539454227531
5061 0.003015071525314865
5068 0.0026228963507810704
5079 0.013044434076881526
5086 0.045791398790719515
5138 0.023405759322687653
5166 0.0035739628324464017
5300 0.01308089888332983
5481 0.006316055005616486
5542 0.029503183113483718
5593 0.004440949561225939
5652 0.0012434065259964372
5708 0.004007269174028326
5753 0.005916519897589602
5887 0.006701180310837003
5982 0.010417000672770318
6059 0.02402171739841024
6060 0.09542348031557274
6091 0.007906428568181788
6093 0.005664915314315817
6438 0.002324892979026689
6440 0.0007788756704303816
6541 0.002966244456078997
6545 0.00809571691327638
6564 0.03534653506850796
6614 0.018021867953062164
6718 0.003929794859881031
6749 0.013314904230079918
6882 0.029503183113483718
6994 0.036633119032575615
7110 0.004044134575813315
7325 0.02481010488204891
7476 0.004131554778110031
7482 0.012348242370531106
7572 0.046359023381309435
7585 0.006036521869111657
7586 0.0023956263127569884
7675 0.005515651548192062
7706 0.013443346433972703
7739 0.02338284193568656
7882 0.0017423600015493753
8047 0.01140227026665247
8077 0.014319134475273857
8105 0.013694623937411445
8366 0.002092324742460292
8540 0.0074381967578833735
8607 0.008419718851374065
8612 0.00283063379517648
8642 0.017797466736473984
8863 0.004485688044805178
8985 0.004178682779381249
9158 0.0055225807586797415
9169 0.004210703337077657
9185 0.007527353225871701
9348 0.004339960037676194
9491 0.016784141832512436
9500 0.2975950210606638
9501 0.03213171416951732
9529 0.002339528623687639
9668 0.0015142866978674042
9772 0.0006923884523403802
9874 0.008845018679897534
10043 0.01159887673854637
10061 0.0045743749052123564
10116 0.00621778540864084
10192 0.02313670675741618
10473 0.002103336977946925
10641 0.009101396032938042
10729 0.010908124773967924
10800 0.0053544144749197
10824 0.011753941935585759
10916 0.0016008646336158317
11287 0.009254682702966472
11307 0.005135483976529291
11311 0.0053544144749197
11502 0.004830740971328653
11553 0.006235424516183084
11619 0.012741954446113257
11693 0.003418331480489171
11733 0.0017513841768562047
11854 0.06002444729527962
12106 0.006021882580697362
12262 0.0034712404517936047
12348 0.002359449016081989
12424 0.01569990815681812
12895 0.004461047220928713
12954 0.025119853050908993
13088 0.013737750848524171
13127 0.002561039823369402
13344 0.06561155647625483
13362 0.07206515219523073
13363 0.08766073452561553
13568 0.010295021742175817
13656 0.01296747576374358
13721 0.024977126613119738
13809 0.0025249708695629374
13977 0.003149691243728432
14080 0.012705127988176513
14083 0.01460456572727267
14130 0.017373720626893744
14172 0.0011547082437376082
14245 0.006857994202666262
14246 0.011593506954228464
14248 0.004369755749412597
14256 0.0018479958756883244
14389 0.0027346425039938144
14402 0.004204444346821753
14799 0.014089661166375236
14903 0.012488563306559869
15160 0.049392969482124426
15285 0.0026952632028872307
15340 0.020735727754288082
15361 0.0045886996700512245
15381 0.003842634863556883
15416 0.005314127986484434
15656 0.0031924286738627987
15666 0.01634191183609321
15877 0.008971376089610355
15932 0.005129491579823889
16205 0.014945846314487296
16329 0.011545157886722649
16606 0.0006528997896790544
16619 0.009333278734414169
16623 0.02007294193565787
16745 0.13291127615383347
16841 0.005837671736952685
17052 0.004846719166382661
17114 0.0006005429349602559
17150 0.0004921601303077781
17183 0.03545140551539576
17222 0.005278745719584875
17305 0.01069580117739434
17381 0.020560860399488047
17416 0.018789095016050056
17460 0.0018548414700038287
17757 0.01383463097512021
17866 0.0013737419637215855
17964 0.013220304555265851
18049 0.006370977223056629
18056 0.04309778709714778
18077 0.001512203056040273
18099 0.006262071629500106
18183 0.02313670675741618
18192 0.03256277247340055
18216 0.009139239675486641
18391 0.00856915065089488
18585 0.005978338525794918
18657 0.006122526857812081
18903 0.02111085961757569
18964 0.002318701390845693
19207 0.002205707116863559
19214 0.019030191705234085
19256 0.010913535871869022
19263 0.0030060708661610153
19336 0.0028085913374351467
19349 0.0007798428745625464
19432 0.0055857360659581625
19589 0.0007030184365758954
19672 0.010865739364400984
19720 0.0035537383055045057
19942 0.0034586737088190983
19952 0.004104551152109313
19992 0.001483266533402685
20045 0.004681548758156628
20424 0.005744362174894506
20735 0.005571577039174999
21358 0.009535735973772394
21395 0.0030497341001258105
21424 0.0026936116935717363
21459 0.007697033572507418
21480 0.014851264472665791
21495 0.03684669041888452
21519 0.018090429151889194
21548 0.030109412903486805
21590 0.0012624854347814687
21591 0.0011260180030504801
21592 0.0014049134815944627
21596 0.0017259420038904885
21597 0.0018778190020969988
21598 0.0018142692050800966
21603 0.0028343608014526557
21605 0.0024476471513970345
21613 0.0033212991809971767
21614 0.0026753605318337852
21615 0.0027866718514046717
21616 0.0031077375635134336
21617 0.00711670546040357
21618 0.1569990815681812
21619 0.005852409553450727
21624 0.0020532567322999163
21794 0.025264220022465943
21797 0.0026182098176945052
21819 0.004971964906222226
21920 0.0023813511830493355
22091 0.005738869822335606
22181 0.01816518299135981
22312 0.19118369930862805
22504 0.003505561629911542
22600 0.0008673982407081834
22698 0.004930756629011533
22860 0.004598299460155934
22898 0.009045214575944597
22942 0.023332387036409635
23080 0.0070902811030791515
23126 0.004939296948212443
23449 0.0048095998729858576
23523 0.0019459824187291164
23726 0.008007239132803413
23736 0.010644005530046184
23890 0.01124290098186464
23955 0.03573962832446402
24862 0.048844158710100824
24919 0.0016049559269474532
24945 0.0027321157762020347
25337 0.009598197126439025
25343 0.028027217031109462
25388 0.028660582341924347
25389 0.005643099209125897
25414 0.013240886397316489
25473 0.0007426886778018371
25474 0.004637402781691386
25543 0.0055225807586797415
25544 0.0020183536657066453
25547 0.002711890366384376
25568 0.0021308648976776897
25582 0.004021086690769678
25585 0.004040417540357604
25619 0.013443346433972703
25628 0.013083256797348434
25719 0.0012303314536549325
25761 0.01730698536972076
25776 0.00238788304928286
25975 0.011447849697679879
25984 0.00489673122672018
26144 0.01296747576374358
26150 0.002034231505742283
26208 0.004721776889268608
26233 0.0029945328909462355
26276 0.019111708203340537
26319 0.006841021566741427
26330 0.010441744142301838
26332 0.023875036730204354
26342 0.016834754841022953
26391 0.07546826363539764
26392 0.0024544803371909962
26450 0.00652325281736606
26501 0.014901607742064657
26508 0.009968195655122617
26651 0.00526435151836516
26678 0.015424471171610785
26707 0.01482675590560692
26717 0.02154889354857389
26772 0.050528440044931885
26805 0.006114011521431257
26837 0.0028860145267990203
26919 0.10537539564276303
26927 0.0034829347050138854
27013 0.0076987290436235966
27029 0.032805778238127414
27047 0.004651824639057221
27347 0.0010962529386306917
27596 0.015210983681346277
27738 0.0019540644433223087
27800 0.01596097863820169
27994 0.013361623963249464
28035 0.0011061837654527111
28037 0.0009060128367496031
28059 0.005420998881729551
28342 0.014751591556741859
28495 0.019891286352529746
28515 0.00571943313879763
28521 0.006477834172858723
28606 0.0005905392643617779
28643 0.01365209404940706
28746 0.01953766348404033
28877 0.0032635295351960457
29114 0.004961596257233717
29145 0.0017191921329327625
29148 0.002492048913780654
29180 0.001087843178398682
29211 0.01717177454651982
29277 0.00530274340640419
29403 0.016545881144038287
29426 0.052333027189393734
29454 0.03694096036898381
30307 0.006590666092817202
30343 0.007055006127596847
30376 0.0047167106050526545
30500 0.0021339680989849873
30511 0.02402171739841024
30534 0.003672493136097806
30541 0.007044830583187618
30612 0.010592709117853191
30618 0.0006721673216986351
30714 0.0055857360659581625
30785 0.00636175728496248
30871 0.006590666092817202
30877 0.012076852428321632
30878 0.08092496186737348
30881 0.009481568744732067
30883 0.04748282777652729
30906 0.011753941935585759
31161 0.016306834321657037
31253 0.004961596257233717
31292 0.05951900421213276
31318 0.008204330803652043
31333 0.004508691573240076
31413 0.004297140062472213
31464 0.0025869515771443337
31487 0.0035914822580956486
31574 0.003929794859881031
31595 0.009998032288244876
31600 0.01159887673854637
31869 0.006575116134818616
31905 0.0012588700698479593
32009 0.0025344500230297835
32291 0.017375392426518078
32399 0.019801685963554385
32431 0.028361124412316606
32666 0.008341507180093119
32725 0.010859305015859496
32817 0.0035027683537124095
33080 0.014089661166375236
33150 0.0953644422301843
33171 0.0011871386129919184
33230 0.032054814994935406
33392 0.004536609168120819
33426 0.029535839145296325
33501 0.012559926525454497
33617 0.0019348478362275854
33625 0.006372458445731741
33628 0.00526943015611257
33796 0.006080185731547821
33822 0.011772859325412641
33936 0.005916519897589602
34027 0.0003939751105851473
34029 0.00633425689324074
34038 0.024977126613119738
34070 0.14706438408356004
34073 0.007044830583187618
34076 0.007780485458246149
34133 0.013694623937411445
34492 0.0049007517100435605
34551 0.019282464934234904
35156 0.01780629536989156
35157 0.011753941935585759
35169 0.008809567703224596
35437 0.04407600271142972
35441 0.0082334418856357
35463 0.010897557049216213
35558 0.0073114258002108775
35577 0.029306495226060495
35670 0.0027275321490692335
35703 0.0071247557275673805
35729 0.0016718399516205465
35765 0.01482675590560692
35767 0.018471855005664548
35853 0.014070002768647777
36006 0.003657216542353639
36007 0.01862700967758082
36058 0.042816688348246014
36108 0.02664226838732772
36202 0.0043784604421405115
36357 0.005093828834193597
36415 0.010945634506786284
36416 0.02283138486078121
36438 0.004490269952920402
36468 0.04573360076360091
36482 0.010491585403124282
36487 0.004517959181818164
36488 0.008421406674155314
36490 0.01500332520105486
36491 0.011945582293231179
36492 0.015478782689820683
36495 0.01266851378648148
36497 0.01646432316070814
36519 0.004799098563219513
36557 0.02313670675741618
36795 0.0036240513469984123
36817 0.011185685200786449
36890 0.007592356276181474
37074 0.004747272444826214
37212 0.00222018903227731
37234 0.0021104053211277356
37242 0.0090266412400597
38607 0.00858588727325991
39256 0.003246657521350867
40210 0.005460837619762825
44621 0.017444342396464578
44622 0.010935259412709139
44985 0.023015572167063215
45383 0.0052395402668761306
46205 0.0019312484339944662
46442 0.0031199249708368164
46713 0.009254682702966472
46927 0.013526074719720227
47033 0.0017071173083978608
47127 0.004327343874775973
47185 0.0037863688922558777
47249 0.017513841768562046
47258 0.002893992286971082
47651 0.016110457715616176
47672 0.006279963262727248
47850 0.002333970355790114
48256 0.007978174743936613
48378 0.02696916738594524
48402 0.01862700967758082
48412 0.0018492003638794219
48630 0.01296747576374358
48675 0.01634191183609321
48720 0.03185488611528314
48736 0.01984808390563913
48811 0.03352716875952556
48832 0.008081467388289548
48865 0.026207857269769978
48989 0.00858588727325991
49037 0.00888075612910924
49706 0.002102331077909648
50249 0.003681720505786494
50255 0.0038868030803793753
50389 0.0061482157816910125
50562 0.00041970348328327993
50564 0.025557990022727173
50736 0.0011559227672650733
50763 0.007658491783813718
50853 0.015588561290457709
50924 0.003508359364652094
51013 0.009990850645247894
51152 0.007112911066214786
51164 0.006804913752181229
51343 0.006389497505681793
51389 0.03721515732307337
51393 0.02585867225828867
51452 0.031942993231481996
51457 0.01837785546818438
51488 0.011209532992564494
51625 0.0009297745947354217
51627 0.0022291958843352303
51629 0.002557285796340357
51766 0.15836237158754624
51773 0.011978131563784942
51814 0.03355705560235934
51856 0.01266851378648148
52197 0.037572429777000635
52278 0.010466605437878748
52582 0.01500332520105486
52655 0.014044646274469883
52693 0.017513841768562046
52788 0.017654515196421982
52883 0.006933713381560053
52892 0.0659811980300332
52977 0.012854976622823271
53130 0.004856522520981607
53144 0.0013243231718556355
53184 0.004627341351483236
53273 0.015054706451743402
53529 0.030957565379641366
53626 0.012076852428321632
53789 0.12488200768238421
53893 0.019712889165511543
54033 0.07206515219523073
54097 0.06279963262727248
54188 0.010827522866771118
54364 0.006868709818607929
54594 0.09353136774274624
54648 0.011363406816205608
54671 0.017375392426518078
54852 0.0017848048249732335
54919 0.008457961980417764
54927 0.004094076713209391
54969 0.002094318382043389
55149 0.022543457866200378
55235 0.049954253226239476
55417 0.005494967854886342
55477 0.006731966744118031
55578 0.0032830278445922885
55606 0.01181582596528641
55625 0.006955655512514357
55676 0.021134491749562855
55963 0.008453796699825142
56043 0.014480605962285356
56078 0.022659661257263267
56505 0.0013742672571297402
56514 0.3186394988477134
56539 0.0011045161517359483
56562 0.004450610371370502
56565 0.001149015525330748
56579 0.009945643176264873
56626 0.00044719982542310005
56731 0.0008499522056200381
56810 0.004085477959023302
56936 0.0659811980300332
57171 0.014851264472665791
57210 0.0019468442355664631
57237 0.004305557574837486
57238 0.002782262205005743
57280 0.014952293482683924
57501 0.004343722006343798
57687 0.005041254912739764
57761 0.04226898349912571
57771 0.017583897135636295
57789 0.005334920247462468
58077 0.04209790115436711
58078 0.11271728933100189
58084 0.001961790053931121
58085 0.01575618022906478
58112 0.012853725976342321
58166 0.044403780645546204
58233 0.039963402580991576
58408 0.0005112192445527472
58452 0.012363839642217066
58502 0.0060072893176873875
58640 0.004060573630449904
58742 0.005433837186537792
59320 0.005799438369273185
59571 0.02176224893024294
59817 0.0009190830616577616
60093 0.004059071360950206
60122 0.0021083809515151436
60176 0.0022190682907163423
60251 0.0023271436124452484
60409 0.001266851378648148
60413 0.0006389497505681793
60567 0.024341545258260096
60755 0.008687696213259039
61064 0.011418115023140451
61167 0.036633119032575615
61381 0.0007508068802577411
61677 0.0008653492684860382
61703 0.0163224374224006
61849 0.006590666092817202
61852 0.002231459027365012
61937 0.012524143259000212
61981 0.01862700967758082
62105 0.025060712002069607
62130 0.053520860435307516
62142 0.005424950047095243
62145 0.013220304555265851
62148 0.004018258029167343
62150 0.008670560717769378
62163 0.01348458369297262
62220 0.011722598090424197
62249 0.0059646869523868025
62252 0.0070902811030791515
62253 0.006901374108763337
62276 0.008066007860383622
62279 0.002023489660093553
62340 0.02154889354857389
62383 0.011722598090424197
62437 0.02753304106383274
62458 0.00391449179332954
62467 0.007314433084707278
62510 0.01085346547397715
62605 0.003522415291593809
62622 0.0028397766691919085
62623 0.0050112302301291035
62649 0.004297140062472213
62725 0.0022894590786264758
62793 0.015263799596906505
62823 0.025711001581667337
62922 0.0015419060974777529
62954 0.03725401935516164
63062 0.011185685200786449
63142 0.02144377699467841
63289 0.027981321295543884
63359 0.0013664460188387503
63382 0.0012886134807158368
63554 0.0008868215218698959
63578 0.013609827504362458
63618 0.006466578162132645
63624 0.009023899142342777
63626 0.014123399363595206
63633 0.017149842084365607
63637 0.013314904230079918
63676 0.010270967953058582
63687 0.0035358819309333368
63708 0.029578337106213555
63712 0.006933713381560053
63745 0.0007287755775711329
63859 0.009045214575944597
63889 0.04579292102084394
63909 0.04281395633793637
63910 0.0015263799596906507
63914 0.003973060143359422
64173 0.011753941935585759
64448 0.005440562232560735
64457 0.014653247613030248
64548 0.0018486014650584835
64555 0.013737419637215857
64570 0.005474438709724874
64666 0.007136321889462783
64680 0.009900842981777193
64826 0.004472975639792471
64888 0.006361565354371516
64952 0.0026228963507810704
64967 0.0021687095628559814
65185 0.0050879331989688355
65367 0.0014677710463803252
65379 0.03208740353218302
65390 0.004998677948028659
65488 0.00669098064521929
65521 0.009937291675052968
65549 0.03207978178997026
65555 0.008325708871039913
65687 0.005536491541447196
65758 0.007354774174520428
65832 0.0026707012660443946
65844 0.014622851600421755
65846 0.028545287557851132
65858 0.0005941117069456157
65991 0.06561155647625483
66079 0.008687696213259039
66129 0.0015299246522190012
66323 0.01786981416223201
66346 0.003999976600463215
66368 0.023762023156265265
66384 0.01569990815681812
66533 0.006966678738366203
66596 0.0015458186415684614
66678 0.014508165953495293
66891 0.0067054337519051104
66984 0.0011598876738546369
67101 0.0032490571204058195
67282 0.01159887673854637
67309 0.013999918101621255
67498 0.04395974283909074
67522 0.05596264259108777
67526 0.02408732546444015
67534 0.005190052283245659
67550 0.0025617565757045887
67579 0.0057090575115702254
67580 0.00487358568060873
67635 0.027263851518735067
67663 0.03256277247340055
67868 0.017797466736473984
67872 0.008704899572097176
67991 0.006639635561654481
68045 0.006398798084292685
68077 0.0038392788505756106
68174 0.016286720929134954
68196 0.02736408626696571
68209 0.0022439889147060103
68444 0.004131554778110031
68480 0.02402171739841024
68489 0.1305794993792048
68543 0.013161599652422378
68618 0.008051234952214421
68653 0.008309970290943429
68685 0.010644005530046184
68691 0.009373079496607832
68708 0.007326623806515124
68712 0.031177122580915418
68719 0.01794275217922071
68730 0.007766739017507198
68731 0.002976285906505805
68786 0.029503183113483718
68865 0.03573962832446402
68881 0.002615260528676976
68924 0.04532414205411767
69289 0.0013173432076443135
69410 0.00432674634243019
69434 0.012853725976342321
69519 0.026967505306574904
69523 0.01153799024648051
69626 0.005467629706354569
69636 0.0031785786579241315
69669 0.0016002818652745081
69707 0.0021256787218618843
69921 0.005488107720236047
69926 0.020116301255715334
70053 0.010392374193638473
70124 0.0011611131230610339
70277 0.01422645399323325
70279 0.012383026151856547
70320 0.015346456628071492
70739 0.010105688008986376
70899 0.008110653660348844
70900 0.026676795252366704
71118 0.014851264472665791
71124 0.008604660652733727
71243 0.0069999590508106274
71290 0.0010875740435203054
71360 0.0018301308425932865
71376 0.0055878614599209255
71549 0.007892233902888823
71622 0.010441744142301838
71682 0.01774972698023735
71687 0.012832812870025299
71787 0.0003693475284749684
71836 0.0022079227945299216
71840 0.004139335483906849
71880 0.009682762739887829
71955 0.006436272743644325
71959 0.017239114838859114
72046 0.013707240266325365
72182 0.0034668566907800264
72295 0.0014508165953495294
72297 0.012405052441024455
72392 0.037781885607181084
72418 0.03595667374209987
72508 0.014180562206158303
72559 0.0022520360061009602
72627 0.008341507180093119
72734 0.01115729513682506
72794 0.007566220798466565
72814 0.002699684970843189
72875 0.006271004684606382
72896 0.010908124773967924
72931 0.0077942806452288545
73013 0.0018816302502816633
73143 0.012921929626067141
73172 0.015538687817567167
73228 0.004276239575787037
73290 0.003907532696808066
73316 0.00974717136121746
73406 0.011785453844260252
73581 0.004622475587706702
73603 0.01296747576374358
73614 0.003251460269163516
73958 0.01365209404940706
74286 0.011722598090424197
74336 0.0008893332558990641
74387 0.002976285906505805
74501 0.00856915065089488
74679 0.002268525286380577
74747 0.00603014305062973
74784 0.001060560462141058
74904 0.020735727754288082
74985 0.007122518147956626
75014 0.0017555807843087354
75061 0.0018210332576259626
75067 0.0392497703920453
75143 0.007400630107591033
75147 0.02338284193568656
75219 0.03633036598271962
75236 0.001784073806397327
75240 0.01677852780117967
75412 0.008808321259899022
75447 0.011045161517359483
75451 0.003164848296550809
75593 0.0015247916350707852
75676 0.021699800188380972
75730 0.02231459027365012
75731 0.008080835080715209
75775 0.010748103383640767
75805 0.0033277625162067177
75824 0.007302282863636335
75879 0.005076182775876528
76095 0.030957565379641366
76115 0.0005692792390454641
76150 0.017935015577384753
76182 0.001218371495271677
76315 0.01124290098186464
76359 0.03330283548415965
76422 0.0018556548154112873
76538 0.10704172087061503
76570 0.002503402211793322
76651 0.0014088645588897733
76692 0.005315567453336244
76696 0.0046322173697672005
76698 0.00019740330881086145
76707 0.003302760543883602
76708 0.001752780814955771
76744 0.0005678595132882296
76755 0.0026821075557712467
76785 0.012076852428321632
76804 0.014319134475273857
76835 0.004051579118524628
76901 0.025145376569644166
76929 0.012302531346470535
76958 0.01928058896451348
77128 0.01281625155658622
77151 0.011945582293231179
77183 0.0018899287549050188
77208 0.01332113419366386
77459 0.012348242370531106
77602 0.010004074549213272
77790 0.010105688008986376
77946 0.0032879388810090303
77972 0.0033698654402225863
77974 0.005972791146615589
77976 0.007658491783813718
77989 0.024287150739829136
78381 0.0018899287549050188
78560 0.001516899338823007
78911 0.013035081374106259
79068 0.01005943772061573
79142 0.022201890322773102
79255 0.010392374193638473
79485 0.003389340234316942
79704 0.017149842084365607
79764 0.01350822407371084
79784 0.02892088344677022
79841 0.0024314017057019215
79918 0.0005265318075148115
79938 0.007949320585730694
79956 0.0008522633353836901
80061 0.004174714419666737
80124 0.009254682702966472
80146 0.026966808856864456
80288 0.011072983082894393
80408 0.07947036852515357
80466 0.004686539748303916
80482 0.0021154832935077355
80489 0.0010481411998202123
80494 0.0022139298423039543
80496 0.007419892886085959
80525 0.006259132555801791
80527 0.0018524965376776545
80528 0.003338666023335542
80529 0.005802040179933779
80539 0.0019810609661600155
80540 0.0037140875571929507
80542 0.003606119895646644
80543 0.0027560967297235576
80544 0.00718492652093503
80545 0.0063187983923839565
80546 0.01107593967948612
80547 0.007986085262462096
80612 0.036003047409643274
80633 0.0031023107155321622
80695 0.17741241640154956
80953 0.0640839215559647
80960 0.03603689708156475
81039 0.013361623963249464
81282 0.0017833567074681841
81330 0.015036427201241766
81373 0.0030570057607156283
81570 0.00866233579299775
81621 0.019259803033153607
81694 0.024836012903441094
81805 0.028179322332750473
81808 0.014508165953495293
82062 0.008170955918046605
82265 0.00458391479031186
82270 0.0173497236937405
82368 0.02990458696536785
82424 0.026481772794632978
82427 0.02338284193568656
82428 0.01156835337870809
82544 0.016281386236700276
82597 0.010395295341640605
82697 0.01159887673854637
82740 0.001184260313553091
82766 0.004485688044805178
82788 0.0020648070849737313
82877 0.010721888497339205
82996 0.005614271116103543
83024 0.004852068746036505
83070 0.013607004505694102
83071 0.025316433553111136
83085 0.0035827011278802556
83093 0.015054706451743402
83096 0.015401411774425004
83109 0.014365929032382594
83147 0.0012061305241637778
83153 0.00145513783400198
83154 0.0015959362004138557
83157 0.0011809968041303083
83169 0.0382849950559134
83186 0.0020484453515563898
83200 0.029702528945331583
83279 0.008519330007575725
83444 0.015424471171610785
83529 0.017375392426518078
83552 0.001419113723663457
83629 0.02347959452559834
83662 0.013443346433972703
83679 0.06098888747279228
83715 0.0013118395356338628
83778 0.006235424516183084
83791 0.007949320585730694
83816 0.00750166260052743
83932 0.0013169485571926526
84025 0.018701084081946415
84224 0.03150886924076376
84232 0.0014408306404159535
84296 0.007078863581174032
84311 0.0840816510933284
84335 0.0035213456345485976
84336 0.010199476296772793
84380 0.021339680989849872
84406 0.006797289008780523
84608 0.0034143026102444775
84689 0.047107794079839706
84696 0.008722171198232289
84698 0.0035252400031347826
84699 0.002500798496308099
84701 0.002745767822554075
84702 0.0016460407187327986
84703 0.0016251160403088806
84733 0.008448389857678403
84755 0.02135519827055689
84816 0.006370977223056629
84855 0.006055060997119936
84856 0.0050439834078078605
84897 0.007822018298770593
84906 0.03192195727640338
85332 0.061342363414533065
85549 0.001683943770274813
85578 0.029702528945331583
85597 0.002365971089294442
85868 0.06868709818607928
85872 0.057011680300144446
85879 0.022201890322773102
86138 0.005400459808242105
86384 0.0013791053297414625
86392 0.012313653456327938
86485 0.008791948567818147
86500 0.012453184940252335
86512 0.006857994202666262
86514 0.0031044950119326047
86578 0.0005792242384914143
86621 0.0005375865572461189
86643 0.022659661257263267
86808 0.010644005530046184
87025 0.006890241824308893
87078 0.07326623806515123
87181 0.005564524410011486
88148 0.012024283464644061
88202 0.011978131563784942
88252 0.013955473917171663
88254 0.011100945161386551
88255 0.013911311025028714
88362 0.032323340322860834
88515 0.01115729513682506
88715 0.016588582203430468
89002 0.01332113419366386
89088 0.003375524473748151
89107 0.021574004245259924
89111 0.006312208321401427
89112 0.0011192276602513278
89475 0.01618050318394494
89709 0.015158532013479565
89751 0.03062073425240104
89819 0.011881011578132632
90002 0.0019873301464326735
90038 0.008186171850854886
90114 0.07156761023667954
90197 0.0070019110673703415
90258 0.01080091961648421
90400 0.045791398790719515
90427 0.007909704000653212
90734 0.017239114838859114
90737 0.019462965512406283
90857 0.003318337701566952
90967 0.14520280960148968
91130 0.024645799551704217
91147 0.04682967336487603
91169 0.00300271467480128
91183 0.03052759919381301
91487 0.022777068828544425
91521 0.0022211374111055426
91547 0.023634270343597174
91548 0.043987465353355466
91578 0.03573962832446402
91609 0.007780485458246149
91823 0.009177399340102449
91916 0.024977126613119738
91951 0.009628759980096603
92022 0.012245053715624161
92055 0.009082591495679904
92087 0.002848978797089484
92217 0.007645172667667955
92362 0.012636725746374658
92383 0.05861299045212099
92488 0.0032013038557482465
92635 0.0063069932337289445
92952 0.01730698536972076
93158 0.005799438369273185
93159 0.09556465834584943
93189 0.004059071360950206
93283 0.02782262205005743
93310 0.011702879661343826
93498 0.0031467246126765025
93691 0.0010519201445104269
93731 0.0035208285073863163
93872 0.04406212459775175
93922 0.006191513075928273
94058 0.010044576875323445
94492 0.005076182775876528
94509 0.007465427747858248
94518 0.00921167260472113
94520 0.013240886397316489
94575 0.03685436286362214
94576 0.00853587239593995
94581 0.06561155647625483
94591 0.01110457111182738
94612 0.006804913752181229
94782 0.010128973004398788
95039 0.017654515196421982
95064 0.007667795426816633
95161 0.0338389956300654
95202 0.02682887121565287
95210 0.011660409241138127
95313 0.003437040096879651
95318 0.014856350228771803
95477 0.004387199884140792
95540 0.0038225863338339776
95593 0.012701418881595006
95597 0.03162571427272715
95637 0.008898733368236992
95648 0.03888482019836503
95936 0.013526074719720227
96012 0.016281386236700276
96026 0.005494967854886342
96194 0.019712889165511543
96269 0.03516779427127259
96322 0.12341280759200321
96426 0.005147324664325501
96447 0.007488882936812732
96735 0.002657783726668122
96745 0.07884996284513314
97172 0.004637103675009571
97239 0.002144377699467841
97348 0.01697287368304662
97530 0.0019356998167807458
97538 0.003963908281252546
97673 0.007048325250582077
97781 0.010250495169867308
97909 0.006512554494680109
97929 0.006721673216986352
97930 0.0027079662033508774
97957 0.007808124838204394
98009 0.007362048926424009
98126 0.04352449786048588
98369 0.008325708871039913
98397 0.0018493791686617896
98414 0.022543457866200378
98457 0.004579139879071952
98597 0.0037222474884920182
98719 0.01824272417797714
98864 0.007194720595595866
98924 0.02176224893024294
98943 0.013173507017017121
98994 0.017593591960916692
99019 0.009494544889652429
99174 0.004085477959023302
99200 0.004174714419666737
99213 0.003657216542353639
99255 0.01550631555128057
99509 0.02730418809881412
99539 0.005370152571872059
99613 0.02063837691976091
99725 0.004263796589630528
99801 0.008809567703224596
100022 0.005900636622696743
100123 0.007949320585730694
100170 0.03208740353218302
100238 0.07027204663869267
100592 0.020351732795875342
100661 0.012929336129144335
100668 0.013567821863916894
100987 0.01962488519602265
101018 0.0027052149439440454
101092 0.034943809693026635
101094 0.02154889354857389
101430 0.040703465591750684
101531 0.024153704856643265
101564 0.025410255976353026
101581 0.02176224893024294
101744 0.020257946008797576
101771 0.03789633003369891
101805 0.007022323137234942
101812 0.009101396032938042
102230 0.07326623806515123
102281 0.035367443324455836
102548 0.002773111573999506
102919 0.007463453792714896
103375 0.03573962832446402
103469 0.002368520627106182
103595 0.059544251716917386
103678 0.09103985681363241
103697 0.022659661257263267
103840 0.036307470559095965
104202 0.05735510979258841
104204 0.01697287368304662
104280 0.00964029448225674
104368 0.03034661893787747
104450 0.006640444537627
104604 0.006901058530469504
104612 0.03256277247340055
104704 0.08325847833854226
104795 0.005334920247462468
104821 0.03960337192710877
104856 0.0028713091338400222
104950 0.027263851518735067
104951 0.05510700109767619
105008 0.03278868486614394
105233 0.003253866975506346
105236 0.029303273482734933
105253 0.009474082508424728
105347 0.014413030439046143
105357 0.018548414700038283
105362 0.013780483648617786
105470 0.0029267471930153623
105596 0.07234718021203299
105608 0.02215187935897224
105824 0.0066005619878514625
105836 0.0042720838521954066
105837 0.0037476336606215464
105840 0.04623000909698555
105877 0.015812857136363576
105948 0.009433421210105309
105981 0.02154889354857389
106000 0.06464668064572167
106031 0.00044611064379024496
106088 0.005831295009399251
106104 0.032082032175063245
106149 0.001215364745343952
106152 0.003962356462354985
106154 0.003822175086652468
106163 0.004404783851612298
106359 0.013999918101621255
106497 0.008216774362446867
106541 0.0005535910349285737
106610 0.022659661257263267
106720 0.0064551751599252185
106822 0.02231459027365012
106931 0.0015710908809401529
106993 0.019712889165511543
107055 0.037572429777000635
107073 0.0028793525758054237
107125 0.020834001345540636
107161 0.05344074913251741
107378 0.016281386236700276
107393 0.021454524774140876
107498 0.00865349268486038
107564 0.040217842416005914
107617 0.006901058530469504
107618 0.0078639969300699
107719 0.006977736958585831
107735 0.01870627354854925
107802 0.04082055598619725
107809 0.003672493136097806
107824 0.028179322332750473
107965 0.013005841076654064
108115 0.03578380511833977
108406 0.007022323137234942
108478 0.006735775081099252
108519 0.01906083812578632
108569 0.002259572393629227
108866 0.06370977223056629
108879 0.0036210661317208188
108917 0.021339680989849872
108919 0.010308907845726694
109019 0.020351732795875342
109105 0.08621911825122035
109228 0.03827737818292325
109394 0.05472817253393142
109406 0.015812857136363576
109762 0.02313670675741618
109982 0.00682604702470353
110238 0.044403780645546204
110472 0.003379284121934277
110690 0.010962529386306917
110764 0.05730152769006153
110783 0.01500332520105486
110789 0.013122311295250967
110800 0.03633036598271962
110915 0.022659661257263267
111011 0.008216774362446867
111126 0.044569050686315406
111240 0.0003697202930116967
111334 0.012453184940252335
111460 0.016801425428024094
111490 0.011722598090424197
111548 0.045791398790719515
111719 0.004476552223939993
111795 0.018548414700038283
111816 0.0023470231094015344
112014 0.0048174650928880305
112015 0.007987398833662838
112050 0.013012292770305373
112072 0.00108237610478559
112095 0.009063864502905307
112155 0.004243535258914709
112425 0.006297232527563534
112469 0.0008907749308832976
112528 0.013694623937411445
112542 0.0028656937965508954
112589 0.07443031464614674
112709 0.013955473917171663
112776 0.0031716986175390144
112792 0.0017605023163432415
112950 0.0032618434842413783
113005 0.04190985520373432
113028 0.03666517962864371
113067 0.007289894720877634
113070 0.029112412476219034
113077 0.052141008902353105
113190 0.005233302718939374
113254 0.002791834757919983
113258 0.0013977523877210655
113461 0.00183737216747273
113471 0.01510644083817551
113482 0.005047407093969378
113603 0.004369755749412597
113652 0.009878593896424885
113670 0.016402889119063707
113680 0.07622672567444828
113709 0.014556206238109517
113745 0.018561175722231104
113777 0.08677657580785815
113887 0.04538433819886996
113951 0.01500332520105486
113952 0.0659811980300332
113953 0.07712235585805392
113970 0.06640434618152158
114045 0.002441939456894578
114145 0.0036210661317208188
114230 0.014508165953495293
114264 0.016221307320697688
114299 0.007906428568181788
114331 0.007266073196543923
114346 0.002984368149293329
114403 0.0005733651742001602
114417 0.00750166260052743
114423 0.00090713363371294
114433 0.00473475284008567
114437 0.007808124838204394
114456 0.010774446774286945
114489 0.0018956335851268108
114536 0.0014272643778925564
114537 0.0010744956640125125
114538 0.0021655605075981007
114541 0.005341402532088789
114551 0.0016746568700605996
114552 0.0009757648585012552
114553 0.003878036467770896
114556 0.05278113158529274
114568 0.0003110742885933837
114579 0.0033659833720590155
114600 0.0033685626696621255
114628 0.08560464148147524
114688 0.008140693118350138
114700 0.06051245093182661
114705 0.004978453322660333
114724 0.033376822711276566
114743 0.0034861017318866564
114759 0.002682173500762044
114817 0.00924600181939711
114839 0.010105688008986376
114887 0.0018540591665580236
114897 0.013526074719720227
114997 0.028545287557851132
115037 0.0018082987593208862
115044 0.005599967240648501
115046 0.012705127988176513
115048 0.0071247557275673805
115057 0.0013361623963249465
115065 0.0028143241254219424
115067 0.0034668566907800264
115070 0.0027355160447474014
115096 0.005809474592494066
115112 0.021062661307946522
115150 0.0055504725806932755
115222 0.004773044825091286
115292 0.013780483648617786
115322 0.004985783576673133
115323 0.0019936391310245234
115324 0.002351668709198949
115325 0.0009932650358398555
115333 0.003907532696808066
115338 0.0024939472781919437
115406 0.010774446774286945
115551 0.011785453844260252
115602 0.005456767935934511
115609 0.015424471171610785
115860 0.006879458973253637
115930 0.0015381295605000258
116065 0.019498306032193817
116189 0.025410255976353026
116199 0.009598197126439025
116200 0.002222204951282
116280 0.01575618022906478
116333 0.019451213645615372
116381 0.04699251538126311
116481 0.003957595238176774
116522 0.00376045704354925
116527 0.018016288048807682
116530 0.009619199745971715
116545 0.0025737554355439543
116566 0.03856492986846981
116747 0.009923192514467435
116789 0.0026919622069253362
116880 0.012063260072309033
116883 0.00451332062002985
116922 0.0025513489749907567
117051 0.015424471171610785
117054 0.022895699395359757
117176 0.005566964446233861
117317 0.007081856769376473
117329 0.0036131220702012973
117445 0.0014993091009239679
117499 0.0007212427044969768
117500 0.01266851378648148
117519 0.006570963055170514
117558 0.005503719121364257
117563 0.0037896330033698913
117583 0.041111572247472715
117632 0.01870627354854925
117664 0.010395295341640605
117845 0.04538433819886996
117943 0.004210703337077657
118024 0.00621778540864084
118057 0.019365525479775658
118078 0.0014776384147593526
118096 0.004481115477990901
118176 0.0016179515214976349
118257 0.0020010661680106645
118321 0.02440338185119565
118371 0.02126580418461335
118385 0.0014653247613030246
118417 0.023259123195286103
118485 0.002588811094226514
118559 0.004040417540357604
118593 0.03567588033019237
118606 0.01569990815681812
118700 0.003090601558753962
118755 0.05562482428821181
118769 0.015533478035014396
118821 0.0017840804723656958
118883 0.0019137894139786998
119099 0.005625271739561328
119204 0.008774399768281585
119299 0.0034861017318866564
119649 0.002827765629858566
119673 0.0013114481753905352
119849 0.016526219112440125
119860 0.04067230308532608
119868 0.03856117792902696
120213 0.0032805778238127418
120609 0.003210971296209954
121086 0.014851264472665791
121245 0.0013480448586044385
121377 0.0021339680989849873
121408 0.005433837186537792
121460 0.03013373062597034
121550 0.010994138057037922
121699 0.009373079496607832
121726 0.0027999836203242505
121772 0.0051656572078837525
121795 0.05573529939790241
121852 0.01592744305764157
121939 0.01510644083817551
122070 0.005888474259979963
122079 0.030957565379641366
122137 0.007753041065095368
122621 0.0010631383323260496
122646 0.01837785546818438
122647 0.026487656457703464
122774 0.0027924753104872635
122867 0.03208740353218302
122932 0.07750690512511949
122933 0.06028786577770272
122952 0.013707240266325365
123057 0.014180562206158303
123200 0.09032300754738333
123366 0.013955473917171663
123909 0.044569050686315406
123977 0.005018235483914468
124114 0.013737419637215857
124146 0.01350822407371084
124415 0.009515095852617042
124605 0.014738676167553809
124659 0.010618295371761047
124879 0.010748103383640767
124882 0.02338284193568656
125303 0.0045696198377433205
125588 0.01138078205598574
125607 0.019981701290495788
126554 0.019451213645615372
126640 0.02892088344677022
126735 0.013083256797348434
126863 0.012966953771105702
126947 0.0023186289124477945
127157 0.00431824585845685
127327 0.00027504062340668673
127420 0.07087897733324508
127421 0.07448715557479016
127496 0.04907151943021584
127580 0.026804721243348012
127674 0.006551377472293702
127777 0.01422645399323325
127874 0.0031520699054447933
127883 0.020541935906117165
128048 0.01592744305764157
128403 0.03031706402695913
128563 0.012853725976342321
128608 0.03390090381663326
129300 0.0033634080213535375
129391 0.0931665126471504
129512 0.009433421210105309
129648 0.021449658399465915
129700 0.01953766348404033
129701 0.024287150739829136
129887 0.0006473235582254563
130030 0.004541295747839952
130314 0.017375392426518078
130461 0.028179322332750473
130488 0.012143575369914568
130640 0.023115004548492774
130926 0.055503114525504084
130934 0.041471455508576165
131318 0.011300705100023326
131433 0.0013784804904073608
