59 0.006879640318289433
242 0.006420997630403472
1130 0.0037428094995875156
1739 0.009722237327326924
4053 0.002346855859065596
6976 0.023453319266895797
7348 0.010978149444078883
8568 0.003717767542050389
9930 0.023076709035070177
10818 0.00730396595976128
10931 0.02448685537018273
10996 0.050164043987527114
12724 0.07627296125208177
12818 0.03629960971961761
13077 0.003031314449938693
13278 0.019470680146102173
13575 0.044590261322246326
13579 0.05796519331083978
14027 0.011678651248624987
15095 0.035066127835941284
15759 0.007587838586348639
15760 0.016644291092635728
22648 0.021956298888157765
28205 0.015946186168220543
28686 0.012019338326462405
34307 0.022364155833448623
34455 0.01554085868943735
34584 0.012476031665291718
34585 0.05125512142247412
34586 0.04423272447906218
34646 0.02626771757892329
34675 0.003993157730350417
34688 0.10174115963667472
34691 0.023883917939302
34692 0.030870180915401307
34694 0.07851763406743376
34709 0.018195522252402785
34721 0.011028431044586114
34812 0.00885247835074008
34879 0.04947686530276647
34976 0.011539332802242659
34978 0.04722260922234438
35014 0.015876093042206385
35020 0.033598243414901884
35316 0.034073690255678794
35325 0.0171537949349049
35463 0.02523819801313394
35619 0.04834251299836835
35664 0.015207625966745063
36393 0.009881836298500554
36933 0.018559416978129278
39966 0.026172544689144584
47640 0.16052494076008678
48017 0.014260468943870779
50736 0.0018994536771506456
51388 0.01830936495297484
54492 0.05969935813391657
54658 0.026576729626468062
60141 0.03593841957315376
63725 0.0013614063954398615
68234 0.026172544689144584
68833 0.03136065586817229
70124 0.0032304954539321695
70452 0.001711538733359529
71833 0.01139372607918597
71928 0.003461246925828417
74528 0.012922401313423803
76947 0.002522214502166168
77304 0.019110111995248424
78060 0.040131235190021694
80440 0.016760144626923212
82560 0.11466067197149055
85946 0.06304212034775045
85979 0.023377418557294194
87492 0.24078741114013016
88669 0.14959995225378875
89327 0.017862890407223296
90335 0.010911816214809524
101408 0.009272942662649428
101758 0.03154420233276815
101860 0.04671460499449995
103063 0.034073690255678794
107510 0.016016900962758103
111605 0.011707653702113298
116481 0.0068623483867378005
116482 0.02810747989962609
116483 0.026655432967542084
117537 0.0018929827919821555
117750 0.03607863064479998
121563 0.12454521265868802
121848 0.014476197062532874
121853 0.03439820159144717
123391 0.03947334608854593
123579 0.056878916017353585
127203 0.01968289464360737
128299 0.147420863963345
