587 0.025471255285618645
899 0.03568762811938737
1033 0.0021169976036815924
1074 0.0011985139344350651
1476 0.00376060974189946
1489 0.002389105264823185
1507 0.0019167747896622078
1572 0.0019162102020952969
1573 0.002941018822836136
2056 0.009566961229578725
2062 0.0023217464796979064
2163 0.007819151004944151
2230 0.003520238393743534
2234 0.0022037715569490288
2260 0.0014691810379660192
2383 0.0020279094875665627
2389 0.002307745170668156
2438 0.0029625674916685094
2449 0.002196331409896534
2453 0.0022210766937908956
2458 0.00228344458972044
2626 0.0022463859240723525
2782 0.003815562249919961
2798 0.0019870292107860518
2799 0.002170681893931776
2808 0.0018900446357099166
2942 0.0019156459470298978
2943 0.05082448153213698
2952 0.010309878979577707
3027 0.002477354773843691
3082 0.003054582899063649
3160 0.002311024382278342
3176 0.003418630022974401
3179 0.0023882282070901368
3180 0.001939634357815603
3181 0.0022135194406646933
3191 0.002363070699641676
3196 0.0023004008614262847
3211 0.0023085641008209843
3212 0.00200416932720688
3220 0.0020574110171137044
3228 0.0033694787194932757
3250 0.002159871725137295
3252 0.0018161735444203052
3258 0.0021867339953322803
3262 0.002735716415522932
3267 0.0016753885233359604
3275 0.002121830931543879
3280 0.0019803755361076205
3326 0.0023242349539526735
3336 0.002089124481732027
3367 0.002132262745366612
3368 0.002509850939858616
3372 0.0037452655335000066
3379 0.0023690945506604274
4778 0.009227707285267424
5019 0.002325896902436015
5758 0.005767317053292139
5917 0.002939689849124959
6266 0.09035463383491017
7834 0.031126955196715468
8126 0.03285623048542189
8282 0.004727858747175533
8740 0.006097032461212308
8893 0.08674044848151378
9168 0.012510641607910641
9521 0.012025015963241282
10760 0.00441651978011781
10982 0.03594217478515764
11546 0.0033147234228177907
12516 0.01341347141466708
13136 0.008091459746409867
14002 0.002953033879307096
14346 0.02348568099679976
14459 0.01073520401998933
14542 0.016023481862348605
15222 0.03760424067117649
15731 0.016723736853762296
15939 0.01495524973819203
15940 0.1227459176625195
17582 0.036547941775918726
18266 0.0006384233205214459
19515 0.005565041604887539
20357 0.005267638571751849
22091 0.008492863754717406
22165 0.02374282348946545
22891 0.03966788802508252
23136 0.046226111209072246
24201 0.008827046996083492
24409 0.026662023098825958
24853 0.0090859408325608
26450 0.005701607043044289
26524 0.011197131903809868
28756 0.0017206958802852476
28911 0.017921580264775572
30877 0.01787234515415806
31881 0.0027265438541967868
34882 0.007809764269043857
36794 0.007048248793189093
36896 0.010425534673258867
37180 0.009318803666686562
46743 0.006297709231474863
48684 0.001478530371843985
49512 0.011216437303644022
53726 0.006783663854132985
55880 0.013753770900874278
55912 0.012510641607910641
57266 0.02655319851474912
57674 0.04170213869303547
60248 0.006344141651064866
61835 0.03696325929609962
63108 0.020329792612854794
65681 0.01495524973819203
66322 0.02492541623032005
66870 0.0037517495017955786
67846 0.003556880063484709
68857 0.0016753885233359604
69595 0.0014996619723636544
69614 0.005569806195302682
70080 0.004858501595305103
71085 0.03252766818056767
71814 0.011764075291344545
73931 0.020587131759852953
74484 0.008662494855011364
74617 0.021020660179434193
76277 0.01366708747082675
76292 0.010952076828473961
76939 0.0474200656161921
77451 0.0034670525445462757
78015 0.09103161928945057
78058 0.0003447188234481525
78381 0.0027968760258441673
78702 0.023317324860621984
80472 0.005462244866594066
80848 0.009977812325327505
81066 0.02699391550254578
81736 0.007717121751024358
82234 0.0030160100306506877
82632 0.0056119231518733746
82634 0.006031844945533569
83148 0.006840729375513705
83306 0.005890281248140919
85941 0.008470746922022829
86630 0.09566961229578726
87056 0.08031523007547571
88145 0.003624252722068821
89209 0.00965212705654827
90226 0.00492097854471523
91522 0.004107028810677736
91577 0.0009660727110355706
93047 0.03804405635154113
93905 0.0023851489925037724
95885 0.003713204130201788
96231 0.007591054417868766
97673 0.01043070637691621
98444 0.004057026126712162
99124 0.0043263259756573125
99527 0.09566961229578726
99699 0.10842556060189222
100058 0.11413216905462338
101677 0.01588006184348917
102515 0.011139612390605364
102926 0.06799275267915751
102947 0.025713571684243212
104086 0.017030192764695116
104315 0.012159875955352398
106822 0.09219231030965266
107751 0.08880331343150749
107834 0.12307486408325237
108646 0.021305272599658642
109938 0.008152297789615955
109939 0.007809764269043857
112075 0.03236583898563947
112093 0.001204059529171485
113835 0.014751776952638398
114536 0.002112186245491407
114539 0.0012518270183002067
114550 0.007188434957031529
114568 0.00016489743577292743
114655 0.014698026801059052
114776 0.0528905173667767
115544 0.011493875682179387
115593 0.007837992332666908
115768 0.0022949555374732894
115858 0.09414381140191042
117811 0.03337826040613188
117868 0.02289984601668091
117932 0.041409120052719996
122092 0.02744950901313727
123255 0.06517648481670721
123764 0.04188146742974722
125481 0.04285924487946895
127743 0.02445689336884787
127967 0.058085121751013685
128248 0.02623199046819973
129547 0.019894598275576554
130031 0.02365648594950376
