229 0.06722403880669267
382 0.027541126030935763
464 0.002858635395071979
547 0.04076153021983261
779 0.013590946976135691
813 0.01646232944749701
836 0.017414583869143227
942 0.12862920623360122
1775 0.1182157743513669
1870 0.05788736675020757
2288 0.05166806288448279
2595 0.0008998036282415686
2733 0.1359094697613569
2773 0.0013908421822074345
3020 0.007614903299661897
3682 0.003445425166971461
3818 0.0058156610316487615
4339 0.014849965817155388
4739 0.0034212274837558425
4810 0.001038338417044082
5101 0.022900496736345855
5129 0.012970613296727008
5152 0.008280576965592607
5554 0.000977613074123912
6064 0.018496555056279344
6070 0.0034848581990091516
6322 0.011183963522401464
6891 0.010566463551832788
7574 0.004490996111472454
9160 0.010116238849550839
9792 0.03788991278195405
10712 0.049227052039546595
10725 0.0658087958844465
10962 0.06963998575487222
11875 0.009073781725721942
12202 0.0383548196872541
12460 0.019422528137138673
12564 0.008707291934571613
13719 0.009443860436589756
13746 0.005617691756366608
14027 0.004235660981722506
14156 0.0029683897461414963
14634 0.001828022107901292
14814 0.0025528116002541523
15039 0.03257008564535562
15252 0.007398622022511738
15491 0.05166806288448279
15541 0.11795916243438524
15630 0.0067079781212686885
16053 0.002846919676239717
16124 0.003105730555897873
16878 0.021936265294815502
16942 0.00528026656167434
17114 0.0008540759028719151
17141 0.013052130499063596
19011 0.005867700821031898
19145 0.0031011089330468342
19294 0.0026947567280269044
20228 0.06069743309730503
20320 0.010083605821003901
20403 0.008269623821458225
20671 0.0012853280446180958
20829 0.012512148740828104
21745 0.004173455012698543
21934 0.01748970698764213
22600 0.0012335902938086854
22926 0.10912657561588222
23117 0.030797219748878907
23292 0.007269576289560951
23463 0.020834964061926736
23700 0.008425654459598947
23706 0.016896852997357888
24193 0.009180375343645254
24518 0.049233850394142215
24574 0.13892968020049817
25451 0.025311075340171733
26134 0.007953989324456004
26149 0.007883777564971524
27611 0.0028352995959285343
27715 0.05847231849637503
27939 0.0053388860879781536
27944 0.0185575375329948
27976 0.017697176821421988
28256 0.012258501194161603
30380 0.03222595674753824
30730 0.004341552506265568
30902 0.005141312178472383
31873 0.008707291934571613
33359 0.026798171733520445
33455 0.02551769636335681
33934 0.00767096393745082
33940 0.11747023669652547
34280 0.0012397056531870748
35030 0.01883501394081953
35849 0.022098701116368635
36391 0.028161421662263143
36555 0.017414583869143227
47381 0.006525924435305238
48555 0.02298468973905301
50338 0.0032096051651730067
50938 0.03125917804511209
51160 0.018662195847828113
51680 0.009100197393045732
51743 0.15629589022556045
51836 0.055325978840906356
53182 0.020341367656469617
54630 0.04596937947810602
54880 0.11097807388087505
55901 0.03532110513571988
56381 0.0011362841892080004
56456 0.0033008635739294706
56480 0.0023654315584647817
56484 0.0024064032367291832
56560 0.0028739493665170374
56561 0.0024559809361347044
56592 0.003745857165381916
56626 0.0006359954841324942
57060 0.011960765914961103
58030 0.006425319228183369
58175 0.006758741198943155
58514 0.00461835856664074
58689 0.0016196465308348233
59420 0.004488600422794158
60397 0.036122808863096205
60411 0.006622707212947477
62028 0.10419726015037363
62249 0.008482816294467324
62349 0.014372035882810157
62431 0.011330033709695443
62438 0.0018210997987248522
62675 0.0320606954308842
62875 0.003067632781659675
63665 0.03788991278195405
63722 0.027541126030935763
63901 0.03812094883550255
64144 0.022488617298641794
64987 0.029078305158243806
65338 0.004374972434585317
65491 0.02928611391925742
65540 0.023069504092333645
66082 0.035269298483406784
66131 0.15566585051089082
66273 0.039820608974665085
67186 0.07269576289560951
67583 0.06416772522627015
68377 0.026831912485074754
68662 0.005422233832630024
69020 0.028531746185284573
69356 0.010437121217065807
70281 0.005638237660432885
71028 0.001688772449762944
72030 0.0032550054842375694
72290 0.028288848909603703
72920 0.005517948463391367
74317 0.0008346910025397087
75322 0.0013321618600090385
75895 0.022091291904672856
75964 0.003686223826074539
76879 0.025834031442241397
76952 0.006399012905857132
77170 0.05227162962481006
77319 0.002771203727403554
77566 0.018944956390977024
77701 0.002079093983712144
77788 0.03290439794222325
77907 0.0209793141242363
78058 0.0006952193215253987
79841 0.0034578736775566473
79999 0.0037831586257114284
80490 0.0044308404498704795
80833 0.022052877761943746
81671 0.00457339839723659
81861 0.0017939270040236493
81862 0.0015559570953266346
81909 0.0012548338851424623
82420 0.005329783127896349
83980 0.010741985582512745
84332 0.003384859560921721
84452 0.03743614137139173
84703 0.003257362458615444
84913 0.016495608467077618
84923 0.007775914936595047
87173 0.048467650437105145
88598 0.012069180712398491
88942 0.00619607097028981
90002 0.002826327128852811
90089 0.008647075531151339
90735 0.015907978648912007
90738 0.06305527590735718
92814 0.001069787065198908
94017 0.0762418976710051
95857 0.011128226493492217
96013 0.02423192096520317
97090 0.05400651956500294
98942 0.03928197316115965
99378 0.019351513409032132
99502 0.029897234590097667
99929 0.016896852997357888
100155 0.010248910834462981
100751 0.01130905751574848
101163 0.0028744071765620313
101333 0.018125475744418796
101901 0.04311610764843047
102013 0.2685172501776228
102275 0.010083605821003901
103046 0.007416175099670722
103498 0.04167890406014946
103764 0.006892872777312479
104096 0.09472478195488512
104156 0.0059598051563607415
106076 0.1736621002506227
106100 0.13024657518796703
106206 0.011863065671769294
107932 0.04946391511561017
108727 0.02551769636335681
109216 0.021783399334572885
111683 0.0017954726045440604
111863 0.008151024262089203
112039 0.014144424454801852
112093 0.0011571044991712785
112925 0.010649172871972411
112968 0.00975325368022218
113227 0.029913089038384775
113280 0.013590946976135691
113321 0.009047518971088882
114330 0.0031290468513625715
114491 0.00544247812377203
114509 0.0020115301187330816
115547 0.0018701273134975826
115736 0.014701774770473021
116229 0.03222595674753824
116360 0.018944956390977024
116361 0.024710812683883074
116425 0.005311670016161783
117371 0.006720811323644811
117677 0.02660355578307412
117913 0.001513761648673709
119939 0.025834031442241397
120068 0.0024440326853097803
120699 0.01130905751574848
120719 0.004658595833846809
122754 0.0702453439216002
122779 0.010350721206990758
124141 0.002141468305632324
124688 0.004899557687321644
126248 0.049227052039546595
127202 0.017073028765710607
127283 0.03753644622248431
127962 0.013473783640134521
128211 0.0001630034835746576
128742 0.035831957133986535
129097 0.0015115656694928477
130364 0.0012287884079119295
131168 0.003546134775395586
