106 0.008266446177047283
151 0.0064755210273559965
236 0.034897807914994215
382 0.028440944776537132
637 0.007172649697909497
700 0.004047708128071429
902 0.021452536565701962
981 0.0026426911437879364
1151 0.017785384199101733
1222 0.011054956274441658
1390 0.001716589860216413
2037 0.018084298219254703
2038 0.113357628018035
2039 0.08967095947695307
2386 0.023735641412771798
2467 0.0021585070091186655
2601 0.0032788697126835595
2781 0.001804386379059231
3033 0.002270075409379019
3124 0.01567013219483963
3194 0.0024098896843127767
3333 0.002188506598058959
3373 0.0022147836927183286
3410 0.002337470841518439
3429 0.004861516915868923
3499 0.0016108020120443932
3723 0.002039840273072331
3895 0.01852731888070182
3939 0.006354423685308985
4077 0.03345126665426906
4202 0.005668212874691773
4455 0.004958597898827902
4500 0.005613995186325156
4650 0.018393431522147945
4810 0.001072262824161091
5286 0.03985243496465388
5809 0.0037644865680897545
5838 0.039366429660206884
5973 0.0023640038316638332
5974 0.0021223190217863016
6120 0.011467308107058488
6155 0.007079050947668781
6212 0.0015284314546103051
6713 0.04712477711148853
7574 0.0027391151736418876
8926 0.002798480478662301
8931 0.0034822515988532517
9238 0.016020085519290145
9249 0.00793259661800731
9433 0.006016863433619691
10425 0.002015010756639803
10971 0.006169781047143636
11860 0.01672563332713453
12197 0.020626499885859198
12218 0.007719716200292425
13193 0.00593936933235872
13515 0.0011798418246114636
13627 0.06355301243961671
13679 0.038892135326951384
13765 0.020495537981821996
13958 0.008277044184966576
14187 0.005152509548502737
15415 0.01278434547380976
15610 0.00976716257832667
15973 0.02023854064035714
15984 0.016812746000713356
16860 0.011508189775889355
17114 0.0008819801180702089
17216 0.006669519074663149
17273 0.004868849520568574
18675 0.005864333765887379
18708 0.024641581924709652
18916 0.018289219445535212
20104 0.014979337504115843
20136 0.0056932049949505546
24583 0.0040350590401712055
24657 0.03380154169776926
24726 0.021959504980523566
25105 0.009262689331813385
25458 0.0035867191468188495
25503 0.004729739534266615
25555 0.0028045588463396737
25594 0.0074550744391153915
25798 0.018186181589504025
25931 0.00259646511629788
26211 0.03345126665426906
26497 0.004821579136873734
26793 0.006062060529834675
26916 0.008172271473764467
27388 0.1320769042053083
29377 0.003760101609944047
31574 0.0034087087984550836
34174 0.019044526443285924
35456 0.008904957881757143
35876 0.004897454363626377
36522 0.024454903273764882
46786 0.14346876587275398
47169 0.01783451509467936
48823 0.0025258585540977813
48913 0.009116862501763199
49714 0.003682883322460883
51018 0.008330444470030876
51059 0.019415840390078286
51790 0.029048775663041492
51791 0.03211987295658671
52200 0.008868261626749903
53107 0.01530968927116817
54621 0.004913313899751848
55210 0.014807556110720021
55859 0.005331209301629999
56794 0.07778427065390277
57968 0.047471282825543595
59036 0.04712477711148853
61541 0.007658475046588291
62232 0.05291880708421253
62804 0.0025948932734219973
64047 0.013942752729099584
64486 0.007931319980680501
65060 0.03960794149861306
65490 0.011759734907602785
65715 0.01834080224767462
65874 0.056139951863251554
66486 0.02168872646748824
66487 0.10121405684827846
66646 0.012044952358720017
66870 0.003723237868670086
68416 0.02322336138228032
69426 0.026459403542106266
69438 0.027743954669071254
70853 0.00746423467493678
71029 0.003202427809659687
71037 0.061410776065247606
71255 0.019446067663475692
71705 0.022543825589895882
74673 0.01034630523120822
74979 0.004843281668622602
75308 0.004836025815935527
75322 0.0023292388961461906
75973 0.006527901379447856
80599 0.02330728814416647
81838 0.006549501581554268
82197 0.013122143220068962
82358 0.004520727104885886
82627 0.012622538267452741
82908 0.018932828340979264
83503 0.0035662365312394023
83817 0.001364347942576908
84337 0.000869624793140346
84539 0.008039968199593933
85606 0.021266766808587693
85634 0.043622259893742764
88300 0.019109787277189597
88364 0.03797702626043487
88675 0.043531725223080915
88942 0.010833615599221084
88945 0.013561744555417445
89527 0.024735994115992064
89644 0.05380078720228274
89651 0.005136113336733436
89655 0.004726277060229816
89657 0.004434130813374951
89726 0.014157616697520822
90267 0.0013372192345223546
90298 0.05376523483939454
90310 0.025928090217967582
90837 0.012181310309950809
91570 0.010942532990294794
91760 0.028113397472544193
92138 0.03471018529179532
94574 0.5461776622687141
94597 0.004775499405685484
95306 0.024641581924709652
95393 0.009316153628100907
95800 0.0319608636845244
97937 0.009183633661840582
99750 0.021811129946871382
100345 0.017000183731903692
103614 0.015119659166917866
105144 0.014573576668789907
106206 0.012250653632398347
107747 0.12659008753478293
107931 0.0065147270073399885
108482 0.03293925747078535
109433 0.014706365522264075
111137 0.01921456685795812
112351 0.0034841308495811812
113212 0.0674760378988523
114230 0.0213072424563496
116691 0.0716869797858594
116708 0.0028951096252349457
117150 0.005411646659072866
117952 0.029081506595828508
118253 0.004958597898827902
118385 0.0021520314880913096
119280 0.33872097948818564
120229 0.018605459551221695
121694 0.007328143546281417
125144 0.016639418722355487
125145 0.038201742392153425
126751 0.010924017706047257
128418 0.009067548404879113
128527 0.012759079968920808
129483 0.010796144589086837
130130 0.05291880708421253
130442 0.025120990133361592
130571 0.03974952050768754
131385 0.08172271473764467
