0 0.001126423346220878
13 0.0006916217746115534
17 0.004469402174224599
19 0.013260321891909012
55 0.00105185405500124
112 0.0010683671666466977
149 0.001827756323887198
208 0.0026551548008226233
244 0.0021405033445117535
296 0.0012234761040024597
297 0.0043250776528566915
348 0.00362493221567764
357 0.0029894512863123867
461 0.0030322026027269286
514 0.019496257051887844
519 0.0008036394317531299
571 0.0019401869578263857
582 0.01669818312314468
599 0.003215501553501684
613 0.0034547965082368307
641 0.001821619977070329
643 0.0024327033717311524
736 0.0031473015310639193
790 0.002092105529939032
792 0.004731668240343495
794 0.0019161769820809644
796 0.0029981775183701175
816 0.002074069899137005
856 0.03249376175314641
924 0.003008303468912332
1032 0.0005074293126898215
1035 0.0014916491127374902
1038 0.001542689287681459
1042 0.00033721087832827703
1044 0.0017240953893877873
1068 0.0013885529881518949
1074 0.0011250655935689082
1113 0.0021911934129501378
1198 0.002234488123634114
1227 0.0051540385227274235
1231 0.00033680152718267356
1244 0.007944510032156942
1249 0.024679752804499373
1253 0.004885484833513627
1270 0.003614035625850953
1285 0.0010760165735677959
1286 0.0015492576750329242
1308 0.003920442994129621
1354 0.0008701586380215323
1378 0.01413624083771304
1387 0.009936108965838159
1397 0.003306981319882761
1439 0.005716986901014323
1444 0.005600632848756601
1450 0.0027296396166400882
1464 0.008941224073048365
1466 0.005489813629527019
1474 0.002949147632542315
1476 0.0039371026832661915
1477 0.002113830405639333
1484 0.021342056536090243
1486 0.021342056536090243
1489 0.002242694102788114
1492 0.003872205167923947
1493 0.0020764556415817865
1495 0.0037646961503300055
1498 0.0020771619190108957
1506 0.0020638242791118735
1507 0.00253591765739093
1527 0.002398143320877162
1531 0.0040309280804567875
1535 0.0025598350281045078
1540 0.009441904593191757
1542 0.006766993535833492
1571 0.005145676857201199
1572 0.0022295406942394592
1573 0.002760784829065115
1574 0.001001334690338493
1575 0.0019191879452834801
1601 0.022126290006855193
1630 0.002246940942354045
1631 0.007184875606771416
1644 0.0029448499298576386
1653 0.019817623926369515
1732 0.01316353122116515
1751 0.0035085676601160033
1776 0.002242694102788114
1783 0.005752484138116828
1796 0.0024353865999994944
1825 0.010188721905647603
1866 0.003928984264269337
1878 0.017340420935573326
1887 0.012022691848664172
1890 0.0015620647702898447
1894 0.010350603460833956
1924 0.056026202219192967
1934 0.006317806012614561
1948 0.016783349571935616
1952 0.0016305639939417952
1972 0.01033469213352221
1975 0.032832559365010935
1976 0.003191865092565709
1983 0.002567122814661389
1985 0.05928986448438868
1987 0.019817623926369515
1988 0.0050304149994410755
1999 0.0034327921795728514
2031 0.019084045519256798
2034 0.002398143320877162
2062 0.0012872261079940226
2069 0.0021266553977589923
2120 0.004223428049882027
2152 0.003050390531425551
2228 0.0031473015310639193
2230 0.0019516957628290296
2234 0.0029156180654420108
2242 0.009197072352247038
2245 0.003954697312927359
2259 0.02330861084691616
2285 0.003211760956900491
2287 0.0031736352989197463
2293 0.0011479336583702262
2294 0.002638536029793015
2295 0.0030402347330218352
2296 0.0009577290373338426
2299 0.0028349487909040895
2323 0.012488458163378392
2332 0.0013044511951534363
2346 0.018449716138646627
2352 0.0024417066635299884
2358 0.005128245702535884
2371 0.0028602756182388987
2383 0.002933834281740964
2385 0.002319022872837918
2387 0.004588813682696249
2416 0.001228058411508087
2418 0.0012946186484563
2419 0.002618736888098223
2420 0.002591335384095503
2424 0.0033761332100548454
2435 0.0018652584123066687
2436 0.0025357757644700043
2438 0.0028578082250627517
2440 0.0013559426896989667
2441 0.0402621843454413
2444 0.0023383659737234983
2449 0.002905774655362868
2453 0.0025842576500317393
2459 0.0028498835304755134
2461 0.0032439881263646086
2467 0.0012058868454026248
2480 0.0071352918215890826
2502 0.010149651567434925
2508 0.009366343622533795
2511 0.01243726742965259
2530 0.0022223401811341643
2537 0.0026737162334662537
2549 0.0019475202778613668
2576 0.0023202340584696176
2577 0.0011468386501110497
2593 0.0020906730715138763
2594 0.0011841127887719143
2605 0.002258489389229337
2611 0.0032128877687236323
2619 0.0018062277556616484
2623 0.0026173204207963225
2626 0.0029719974202986246
2628 0.0027247266583667975
2630 0.0013503585004115506
2631 0.0037086670089994107
2632 0.003420905016350068
2637 0.00291759475565587
2638 0.002514714503967762
2643 0.003303896449248542
2648 0.0010334692133522208
2653 0.0018692549868050301
2675 0.003425045452547411
2700 0.0027807827542038806
2701 0.0037856008917783223
2759 0.0018801896680702077
2761 0.0028455979913319415
2778 0.002067317549726484
2781 0.001706779217968707
2783 0.0013378366300442327
2784 0.0025754646672143462
2787 0.003325435034873532
2789 0.0033093320590102016
2790 0.002576341271934297
2791 0.0021810200149614406
2792 0.003454318745878472
2793 0.0028201530018416407
2794 0.003337101438688226
2795 0.0019155759228017672
2797 0.0025667313180545823
2798 0.001101651666035202
2799 0.00287184001641135
2800 0.002148788192080237
2803 0.0020729314466707512
2804 0.0028003295068231462
2807 0.0012717939191111605
2808 0.003226889313328761
2809 0.0022126290006855196
2810 0.0033493737992259832
2815 0.005097396026052768
2824 0.0023275801528114897
2826 0.0020792836370078427
2827 0.0011432036623135503
2841 0.0028008150111242486
2862 0.0036060307953352543
2868 0.0029617703128646993
2870 0.0010487954505958858
2888 0.0012002687369714648
2905 0.0026655853522008005
2913 0.050800106402806355
2914 0.011071464831683482
2915 0.008050909720087615
2917 0.004298936298688023
2924 0.1103449298613438
2942 0.002228884174600402
2943 0.04770981282728151
2946 0.10713782529635146
2947 0.03249376175314641
2948 0.003069623450722767
2950 0.002278463395198516
2951 0.0036504506993626706
2954 0.001047881334863234
3011 0.0026662154039164346
3026 0.0028153575757777485
3027 0.0032775721740993208
3032 0.002814553475861614
3033 0.0012682164397325075
3034 0.002185761090656357
3045 0.0031173790445974516
3047 0.0030132059771088146
3051 0.0016575402364886265
3080 0.025222430451743015
3081 0.0029678981135120054
3082 0.0020990822675937227
3083 0.002368363785025959
3084 0.0011194312708253417
3085 0.0010305164441712148
3107 0.008015127899109447
3108 0.0019634227297764028
3113 0.0011173505435561498
3115 0.0011413947957592567
3117 0.0020518543391008304
3118 0.0010400252464242362
3119 0.0025055579797891307
3120 0.00118997279927392
3121 0.0012549782723031493
3122 0.0025632545401093683
3123 0.0020268357258187964
3129 0.0023211159414260863
3131 0.0035526105235017483
3132 0.0025615196808605628
3133 0.0024183037242629275
3139 0.0011464741114428645
3140 0.0011970818302685865
3142 0.0012611215225871509
3146 0.0034860009779472804
3147 0.00640640773463455
3149 0.00252846784053608
3151 0.0032788470023561527
3152 0.0039040256648427405
3153 0.003087807158612617
3154 0.002452109552474307
3156 0.0009682704844561747
3158 0.0011501299600125163
3160 0.0012812815469269098
3161 0.0022387727468035977
3162 0.0022198676997063006
3163 0.0031634744405390335
3164 0.0020821193460252413
3165 0.0021322821375321347
3166 0.0031060644277101468
3167 0.002486626365618582
3173 0.0015405792234843678
3174 0.0033339601445821496
3175 0.0031936682646165637
3176 0.0026712925292317865
3178 0.0010433345544111226
3179 0.0013240850053594902
3180 0.0028061241430605284
3181 0.002077868677064319
3182 0.003037508037476846
3183 0.002035618680630678
3184 0.0012735902382059504
3185 0.0020771619190108957
3188 0.003229422432404023
3189 0.004030099062582583
3190 0.0028386888288868127
3192 0.0022643144389662712
3193 0.0033373030357444033
3194 0.0022795281977947123
3195 0.002307085773287508
3196 0.002159425757387565
3197 0.0025571927895077584
3198 0.0021624844340977457
3199 0.0019368398483641082
3200 0.0026336917163968226
3201 0.001201868562012413
3202 0.0013641480917546335
3203 0.0013016266887763447
3204 0.0024301058662523013
3205 0.0021189646224469235
3206 0.002676552566104301
3207 0.002774666663102259
3208 0.001981458806584047
3209 0.0033469915987997916
3210 0.002493178740758552
3211 0.0026860506234715983
3212 0.0018813481336697577
3213 0.0019885561842696298
3214 0.0024825222178208295
3215 0.002665501557505363
3216 0.0018790326282744718
3217 0.002593222214276835
3218 0.0030274621600227735
3219 0.0036032696691519956
3220 0.0023938300622843023
3221 0.0033801071313312335
3223 0.0010890119428137836
3224 0.00351215177685237
3225 0.0030553441708146313
3226 0.0031995927617787423
3227 0.002164017024058127
3228 0.0033976607575642694
3229 0.0034563864766158697
3230 0.0032919693514603054
3231 0.001228476687533805
3232 0.0025494411104556966
3233 0.0029191248194920805
3234 0.0026503118546719064
3235 0.0028274982027545388
3237 0.0023255354310327625
3238 0.003031667674950622
3240 0.002294085665624355
3241 0.0022534524139823002
3243 0.001175621758343954
3244 0.0022837905915826604
3246 0.001669045606015387
3247 0.0029579095963044016
3248 0.0024976916326756786
3249 0.0027375650538119644
3250 0.002513044706820373
3251 0.0033221178304967815
3252 0.0024028209182537174
3253 0.0028818364471883133
3254 0.0029166060756302325
3255 0.0012347851950014553
3256 0.0033949221659594552
3257 0.0010549305512135862
3258 0.002893077152667165
3259 0.0011239662058582895
3260 0.002366484610718949
3261 0.0023736636870338706
3262 0.0036193879433073237
3263 0.0037510817347104347
3264 0.003084805105154052
3265 0.0027198313535547842
3266 0.0031545548697480405
3267 0.0024238321853785765
3268 0.003498727986183372
3269 0.0036066975494851703
3271 0.0036692944934990307
3272 0.003428443699092865
3273 0.0027787836952539156
3274 0.0038686705038236146
3275 0.0019917991004214067
3276 0.0012014682060623755
3277 0.0031020897744973674
3278 0.003843236337881521
3279 0.0031701305816518657
3280 0.003065247836905858
3281 0.0020624302741952157
3282 0.0036380905975357605
3283 0.0021058124282386324
3284 0.003298767768017172
3285 0.0029668750531488507
3286 0.003167454905390294
3287 0.004192885245933408
3288 0.002668061563955927
3289 0.001969953561900656
3290 0.02862545678253374
3296 0.0028882229963707435
3300 0.008608132588542367
3316 0.0027550910784842563
3317 0.0035719542902574474
3318 0.0012251384356655065
3319 0.0030557598622808486
3320 0.002941525813118529
3321 0.0026624376372913127
3322 0.003325612200558157
3323 0.002969946352375713
3324 0.003945184317238001
3325 0.001094298408555598
3326 0.0033625367544926807
3327 0.002943928800695969
3328 0.0034938720139610496
3329 0.0032916143063145328
3330 0.0039012831108105363
3331 0.003309749614647901
3332 0.0028034409840529497
3333 0.00291759475565587
3334 0.0018900823404184566
3335 0.0029448499298576386
3336 0.0034121165641564904
3337 0.002976108066799729
3338 0.0040969948419319795
3339 0.002762514838300352
3340 0.0028968114422360768
3341 0.0024535788191063094
3342 0.003437807833470722
3343 0.0037656466507987076
3344 0.0024083011953366096
3345 0.0024515680617792188
3347 0.003046856709558114
3348 0.0023077105661411476
3349 0.0013168337183640931
3350 0.0029325058021072627
3351 0.0027951590313674167
3352 0.0031161855645129677
3353 0.0029018558763266407
3354 0.0035133772310662055
3355 0.002061038151161672
3356 0.00328098375504586
3357 0.002947698812715382
3358 0.0032544728972966207
3359 0.0012611215225871509
3360 0.003132061327942073
3361 0.0030011927218829763
3362 0.003280070323622262
3363 0.004539553682590623
3364 0.0028081254581353394
3365 0.0032247675268583047
3366 0.002889042235474414
3367 0.001182172256505818
3368 0.00235604013961884
3369 0.0019579532035562787
3370 0.0020913890554424774
3371 0.0032645648199184922
3372 0.003423780735884306
3373 0.0012373267768779593
3375 0.0034317801153049506
3376 0.0023715945793755474
3377 0.0024136768676476287
3379 0.0022239097020728456
3380 0.002744548638132913
3382 0.00277976153394894
3383 0.0012740401111265458
3384 0.0012014682060623755
3385 0.0028843513837750723
3386 0.00207363532831648
3387 0.0022999971610279443
3388 0.0023362111866457665
3389 0.002164784133956765
3390 0.003017848712897902
3391 0.002600237257623828
3392 0.0023743608249969027
3393 0.0023612906801604434
3394 0.0031901054592975596
3395 0.004430185846825461
3396 0.002983118978074489
3397 0.0012886057715610043
3398 0.00127855638234642
3399 0.0026466051248052323
3400 0.0013348658603254075
3401 0.0012753916388257608
3402 0.0034632760693557078
3422 0.037570912027075534
3435 0.013723272004251762
3465 0.0028444854531539834
3490 0.006092580328714952
3520 0.011413947957592567
3526 0.00842324971295453
3532 0.009224571750893227
3536 0.05264531070596581
3539 0.008861935023585383
3582 0.0029371397024423873
3610 0.011904202810705719
3625 0.25762911104280367
3653 0.001197479267795236
3681 0.005840502050110311
3682 0.0031280958148943794
3685 0.004808952132746482
3730 0.00888376244975185
3806 0.00439854579829177
3813 0.0308274149965748
3816 0.0053119404338722405
3835 0.05383294857610823
3858 0.046241122494862195
3872 0.00920103968010013
3911 0.0043351052338933315
3915 0.033360095074359754
3917 0.02172775635300754
3919 0.05928986448438868
3922 0.1803403777299626
3974 0.012927625643724915
3984 0.009774546218426156
4002 0.004927332724862365
4044 0.0012181045439376061
4107 0.0024926106113332767
4109 0.0030271598235849886
4119 0.0019143749347623929
4125 0.0033486329046344345
4167 0.000630450542667235
4169 0.03141206032549203
4193 0.0035119839869515593
4255 0.00044627660908181776
4288 0.00833131792891137
4300 0.004250651747599539
4319 0.01139338813785827
4325 0.04158950910408222
4349 0.006873507710973915
4359 0.05227257325506161
4375 0.002192766980930712
4421 0.0013952833866921668
4523 0.009801107485324052
4541 0.0023967252911664184
4543 0.004623879448346344
4551 0.0038658173146830133
4579 0.002097134629770616
4592 0.0025456516084450638
4662 0.005745873245314416
4669 0.000524702873814264
4694 0.000968530492642119
4699 0.011083223306519117
4706 0.0033412089257541565
4722 0.00638494401274838
4755 0.020771619190108958
4759 0.011308992670170432
4779 0.0210924418397617
4794 0.001961287414137711
4799 0.02082178139718768
4830 0.0046902568980484415
4832 0.0010620619203290493
4857 0.0005220448045446882
4878 0.06440727776070092
4890 0.006896381557551149
4928 0.007218505959683255
4950 0.0054786152318171966
4970 0.0037356356463475763
5004 0.14427230218397005
5017 0.001673692600742112
5021 0.03468084187114665
5027 0.039146513089051496
5033 0.008396980028472991
5055 0.0038288827543516467
5068 0.0036437088555441727
5082 0.008015127899109447
5125 0.004380814951142061
5137 0.016854240909342295
5159 0.09254736052886899
5160 0.1387233674845866
5161 0.04182778110884955
5171 0.001129183008497302
5172 0.15028364810830214
5184 0.010074881437428077
5193 0.019185146567017294
5206 0.006395048855672431
5209 0.009295895759276421
5211 0.018065132832799435
5216 0.009748128525943922
5264 0.016311508450303314
5335 0.03825290901859918
5336 0.046841656553237035
5338 0.030056729621660425
5350 0.031806541884854336
5367 0.024704161332871583
5368 0.012480302957090836
5372 0.008077851907264594
5383 0.02437032131485981
5389 0.026717092997031493
5398 0.013115663834906368
5411 0.023044739780724657
5428 0.048714706212621035
5429 0.00846378062131647
5437 0.008721182370814679
5438 0.015344797833221555
5440 0.06046392120685182
5449 0.03370848181868459
5463 0.04587448882995736
5465 0.07403925841349812
5475 0.025580195422689724
5476 0.03308997756513075
5478 0.050800106402806355
5488 0.03613524285143215
5527 0.009054175426965268
5533 0.003786023584557987
5539 0.003654313631812818
5547 0.10929719862421974
5555 0.12722616753941735
5565 0.01586853387199783
5578 0.004145755809884197
5600 0.0010315635205898706
5651 0.037183583037105686
5744 0.004641965964735201
5789 0.008178701937866783
5794 0.00616548299931496
5806 0.007017135320232007
5813 0.022402531395026404
5814 0.012022691848664172
5878 0.0056533033771148135
5902 0.01431272839126687
5928 0.008411213537043527
5942 0.04293818517380061
5947 0.03249376175314641
5948 0.06679273249257872
5949 0.022046411703581348
5951 0.021342056536090243
5957 0.012611215225871508
6034 0.008905697665677163
6097 0.008407476817247673
6112 0.009770969667027254
6149 0.007156364195633435
6199 0.00402995257497123
6235 0.009344061022277854
6241 0.017340420935573326
6242 0.043934216128719665
6243 0.05152582220856073
6251 0.16454979689006444
6259 0.011825598539669677
6267 0.08387924545579654
6275 0.023886142745690404
6276 0.0263270624423303
6277 0.0814247472252271
6287 0.02420676211140437
6289 0.020913890554424774
6290 0.06011345924332085
6291 0.050928429166774064
6296 0.005108792570253897
6299 0.009541818927511245
6300 0.03606807554599251
6301 0.03191865092565709
6304 0.05725091356506748
6305 0.018667147926853103
6306 0.015959325462828546
6318 0.011560280623715549
6319 0.05464859931210987
6329 0.002420676211140437
6330 0.017175274069520245
6378 0.004605472128123705
6389 0.027118853793979332
6403 0.012387131930815485
6413 0.02437032131485981
6414 0.008861935023585383
6419 0.026320808957751733
6446 0.03520600305554867
6447 0.022684324242762587
6448 0.02212765370919786
6466 0.018785456013537767
6468 0.07360831744080104
6479 0.0525645184509928
6482 0.042764353994028045
6483 0.024655669892322356
6488 0.009908811963184758
6489 0.018689606560352998
6523 0.0016409497518649915
6549 0.006338853347274607
6594 0.003223241782483692
6600 0.009774546218426156
6602 0.005932249267432979
6609 0.0263270624423303
6623 0.004821935233421459
6649 0.031767971788668525
6650 0.040604837180586884
6664 0.028536710476131
6672 0.13279457292882393
6677 0.04345551270601508
6695 0.03639082046607194
6704 0.017299875472781966
6732 0.0016389844449522365
6786 0.023728997069731916
6809 0.0693616837422933
6867 0.034026486364143876
6873 0.06496655363714929
6924 0.003122114540844598
7028 0.022511294450812097
7030 0.02774467349691732
7031 0.026322655352982904
7067 0.08015127899109448
7070 0.03435054813904049
7080 0.016621232970503462
7092 0.007244194592991735
7096 0.014644738709573222
7099 0.00599310424144336
7116 0.00880462375126315
7128 0.00982781350027044
7172 0.004278538024435648
7210 0.0686163600212588
7216 0.007316039664501524
7222 0.01563903028294001
7238 0.028689681763949388
7242 0.0033962406352158673
7243 0.002121651502705442
7256 0.016241638409287322
7277 0.004678090213488004
7291 0.01934135849255015
7292 0.012700026600701589
7295 0.008427120454671148
7342 0.002669943794336142
7404 0.0008127101294725668
7410 0.0037966395311571067
7426 0.037183583037105686
7435 0.04565579183037027
7459 0.06637887002056558
7478 0.05867667175924779
7479 0.0063612126183408306
7480 0.011943071372845202
7482 0.010131481894941717
7503 0.034116514200514154
7508 0.06113233143388561
7517 0.0199401279148835
7519 0.031149344267254995
7520 0.023420828276618517
7532 0.00445835297231057
7541 0.003757091202707553
7568 0.03339636624628936
7569 0.0026404154865294666
7582 0.06428269517781088
7600 0.14427230218397005
7601 0.0017989065110220704
7611 0.0008363264916313385
7663 0.01669818312314468
7664 0.006081851580218157
7685 0.005912799269834838
7692 0.03468084187114665
7694 0.013309252969000927
7713 0.03468084187114665
7714 0.01759418319316708
7754 0.026916474288054115
7755 0.04809076739465669
7765 0.1060825751352721
7768 0.020728779049420984
7782 0.03537051708851852
7836 0.019496257051887844
7843 0.0102466123710206
7872 0.012790097711344862
7895 0.012567273709405058
7898 0.042408722513139124
7903 0.005136127873752762
7907 0.005761673409902957
7922 0.026520643783818024
7923 0.038407899634541096
7959 0.01414820683540741
8022 0.013246976229700724
8041 0.0031638662759642558
8078 0.015091244998323226
8085 0.009020466827019251
8094 0.005817064785809211
8122 0.0037492802022861243
8144 0.04145755809884197
8177 0.007421414721397637
8179 0.0015559998078512733
8192 0.022542547216245323
8193 0.004594659305221976
8202 0.021732583778975207
8232 0.0073758845697326205
8281 0.004168502417673743
8306 0.004171349755390733
8318 0.007483892208201021
8336 0.021736120960334903
8423 0.010305164441712146
8534 0.008775687480776768
8543 0.003377685863878337
8554 0.012185160657429904
8569 0.03878287693117475
8572 0.02481734641620644
8603 0.010766589715221646
8606 0.0012562896393588476
8608 0.0018420876172621304
8609 0.005489813629527019
8612 0.006841810032700136
8641 0.004430967511792692
8645 0.08387924545579654
8660 0.015441508146840942
8707 0.0032003616278609153
8713 0.018591791518552843
8739 0.011247088643303066
8740 0.005723388980217463
8780 0.09491598827892767
8781 0.01841676558866901
8808 0.014427230218397006
8838 0.003018248999664645
8875 0.008466684400467727
8876 0.011568420066108623
8878 0.008724080059845762
8886 0.014200029742516737
8888 0.03529974590689037
8891 0.02774467349691732
8896 0.013458237144027057
8898 0.029808326897514476
8908 0.0016651927768232923
8914 0.0071280781711447645
8938 0.0036007405907382273
8951 0.0021638909825451584
9001 0.001159745194404904
9037 0.0051233061855103
9122 0.008950523683765105
9168 0.014556328186428776
9236 0.007384348297330149
9251 0.016854240909342295
9253 0.0387314418758231
9279 0.002582329591714616
9310 0.025400053201403178
9325 0.0439854579829177
9329 0.028403981590195505
9348 0.002103094784022887
9364 0.02472411352992726
9371 0.0015896022717493395
9602 0.006580663838245726
9604 0.020149762874856154
9605 0.004834862673725538
9627 0.004314363103587621
9806 0.0024271921632565622
9828 0.006070000526818736
9847 0.004112360970971066
9849 0.03769664223390144
9851 0.003764934816909448
9854 0.1051290369019856
9888 0.021035895864540903
9915 0.00696334782427826
9956 0.008847302803644047
9977 0.0901701888649813
9978 0.023434336399204222
10028 0.03290818313225529
10081 0.03878287693117475
10108 0.005087175676444642
10115 0.04193962272789827
10116 0.010706210264417204
10117 0.05175301730416978
10212 0.008056538313841732
10215 0.0007648022804493747
10360 0.0037030878383975886
10369 0.03339636624628936
10422 0.004366595102420401
10445 0.005903122020620706
10449 0.007815467599024909
10507 0.050800106402806355
10527 0.008193864166576614
10554 0.005635636804061331
10568 0.0036068075545992516
10579 0.007406175676795177
10593 0.007304851724751236
10687 0.007228071251701906
10735 0.010908624244847676
10760 0.002448613411133232
10795 0.009936108965838159
10796 0.019185146567017294
10826 0.005327633020087521
10842 0.009101126739034328
10845 0.01989203922440402
10872 0.06327732551928511
10877 0.0836555622176991
10886 0.10496225035591239
10902 0.031149344267254995
10903 0.08587637034760122
10911 0.018591791518552843
10926 0.005312904030360998
10968 0.017448160119691525
10976 0.08587637034760122
10980 0.004821935233421459
10984 0.07514182405415107
10986 0.0181246610783882
11006 0.030534280209460172
11046 0.00706812041885652
11069 0.012881455552140183
11074 0.008912632931652476
11090 0.0035852957799197326
11105 0.009643870466842917
11106 0.012347945606758505
11125 0.0016916498731002864
11133 0.011029992521710249
11136 0.01639457979363296
11219 0.012650188677184157
11221 0.009344061022277854
11222 0.0036879422848663103
11272 0.002401336587616013
11294 0.0027620334879656415
11298 0.03127806056588002
11301 0.003231906410931229
11304 0.008015127899109447
11305 0.026784456324087866
11315 0.004122065776684859
11414 0.006989937121316379
11442 0.013914137237027507
11465 0.01057714825395675
11488 0.001974169433278189
11510 0.0025240080857937375
11546 0.0036880994100710945
11617 0.020149762874856154
11657 0.0009782705862465507
11658 0.009108099885351646
11685 0.009654707470590515
11687 0.009754240537297634
11688 0.010103102393835437
11693 0.005885918084714591
11701 0.029087157698381057
11708 0.02172775635300754
11763 0.001480019513581966
11782 0.026136286627530807
11874 0.01252363734235851
11883 0.009154333894921957
11888 0.06831188930178547
11889 0.019185146567017294
11890 0.008236272276731882
11897 0.0020055356459415543
11932 0.022046411703581348
11942 0.030382368367622058
11978 0.036432399541406583
11996 0.005108792570253897
12003 0.00637245150989267
12050 0.014301770589911085
12062 0.013979874242632757
12103 0.0032814916936550424
12115 0.0017545875421750034
12188 0.06679273249257872
12223 0.023573905585616024
12239 0.006545174546908605
12262 0.002020799484411659
12271 0.01236205676496363
12302 0.012382333351703008
12463 0.00526376262652501
12516 0.007436716607421137
12541 0.002602314252957613
12555 0.026520643783818024
12559 0.0023870334577096304
12574 0.004577166947460978
12583 0.003911938779391813
12597 0.0013856348653858053
12620 0.0041890912364683525
12631 0.0025134547418810115
12632 0.03606807554599251
12703 0.002890070155928887
12707 0.0035188366386334157
12736 0.005094360952823802
12771 0.006440727776070091
12788 0.005002507010539877
12914 0.004943220002079403
12916 0.030644901445113212
12954 0.03489632023938305
13007 0.012045080950477384
13011 0.01801432460735113
13023 0.004815497402669227
13026 0.002331751066014522
13044 0.002591097381177623
13064 0.004436417656333643
13069 0.05227257325506161
13071 0.012348500041872046
13072 0.020149762874856154
13073 0.010645978420454238
13080 0.008608132588542367
13101 0.026136286627530807
13127 0.00351013551264602
13128 0.007411233060548585
13142 0.030956083651122856
13145 0.009271998855010928
13146 0.025580195422689724
13189 0.0046241122494862195
13193 0.00331813022502231
13203 0.030842707282282996
13235 0.013787414675670245
13240 0.0025134547418810115
13262 0.004140996044316018
13294 0.0011315278936246125
13368 0.038266412443370534
13371 0.006883220524044373
13466 0.01029534034591485
13467 0.009011060305884482
13480 0.0018561364091405682
13501 0.1147773216564026
13517 0.015004560299489024
13528 0.021342056536090243
13561 0.032311407629058375
13563 0.03301422670241228
13564 0.0819728989681648
13598 0.012617471160933954
13682 0.012309923394536694
13757 0.0033089977565130746
13765 0.011450182713013497
13811 0.015750251330127734
13814 0.017424191085020538
13815 0.016621232970503462
13816 0.035704201211995114
13817 0.021859439724843947
13818 0.02212765370919786
13823 0.019287740933685835
13825 0.020149762874856154
13892 0.027227664233607785
13902 0.003680415872040053
13908 0.0073758845697326205
13924 0.004383959829068222
13926 0.0024321021946050246
13956 0.014471222848085389
13980 0.02121651502705442
14009 0.012974127894241912
14053 0.03606807554599251
14127 0.006659603099118902
14134 0.009516642624272431
14139 0.007892357887525714
14140 0.004641965964735201
14146 0.00730122986760982
14156 0.0034367791193679886
14160 0.008927741471780324
14205 0.009571874673811966
14230 0.009271998855010928
14237 0.023487907853430898
14250 0.010515473920114435
14256 0.0008859776311611609
14271 0.0029252291602589226
14286 0.0047209522965958785
14290 0.02827248167542608
14291 0.007892357887525714
14305 0.015889020064313884
14368 0.011384794350773565
14374 0.018496448997944878
14396 0.0015750251330127736
14413 0.0016661436415069627
14436 0.025762911104280365
14451 0.0027240927281693235
14459 0.017533549473239787
14460 0.0006660771107293169
14461 0.0009339089115868941
14505 0.00491390675013522
14506 0.011436060003543134
14509 0.11634863079352423
14532 0.015587212297578553
14542 0.034561138538373046
14554 0.014721663488160211
14555 0.05912799269834838
14596 0.006741696363736918
14617 0.009108099885351646
14639 0.013309252969000927
14717 0.0021859439724843947
14722 0.008329809594917439
14854 0.020610328883424293
14864 0.0014691680466799395
14926 0.08587637034760122
14975 0.0004979468888193516
14987 0.010734546293450152
15002 0.0011748558809769548
15008 0.0027723347844729063
15012 0.001346902523575658
15029 0.028013101109596483
15072 0.0017908677033759935
15202 0.013408206522673796
15212 0.005080010640280636
15230 0.027118853793979332
15257 0.003281899503729983
15269 0.024132667630320546
15282 0.009669725347451075
15323 0.008949894676424942
15327 0.03963524785273903
15328 0.13050501132660283
15335 0.04293818517380061
15379 0.0022813457018338087
15384 0.005627823612703024
15394 0.015348117253613836
15398 0.0210924418397617
15404 0.002949147632542315
15405 0.0246244195237582
15452 0.001883450420156267
15479 0.001284842424130451
15563 0.007261422166340111
15575 0.005343418599406298
15600 0.015750251330127734
15624 0.0026579274536472006
15655 0.022402531395026404
15694 0.005789418225680981
15763 0.003461427595584694
15824 0.12881455552140184
15877 0.007360831744080106
15927 0.016198557140297172
15930 0.01750877453688957
15959 0.005319775154276182
15970 0.009541818927511245
15976 0.007909665689910639
16038 0.011134417243447369
16039 0.007593279062314213
16040 0.003039476478462487
16186 0.003175006650175397
16213 0.004315799322891897
16306 0.009774546218426156
16319 0.004098561101940962
16334 0.0034978237786242898
16350 0.004263365903781621
16555 0.006424396160972705
16561 0.006844037105501426
16672 0.0040939926839946095
16694 0.01154415130792445
16731 0.011051374305399257
16748 0.0011560280623715549
16750 0.09748128525943923
16800 0.042705287006238
16808 0.008587637034760122
16820 0.001390442388049056
16830 0.007773292143532869
16838 0.07270066716538134
16890 0.011308992670170432
16971 0.005983306024046417
16981 0.015199378829202739
17004 0.0014977449270021932
17066 0.03220363888035046
17089 0.0017358885849607826
17090 0.002707813479428867
17091 0.002555169892005035
17122 0.01104313931626046
17144 0.008546937333173582
17149 0.011943071372845202
17150 0.0006837053338437117
17168 0.030566165716942807
17186 0.010074881437428077
17264 0.0028602756182388987
17312 0.0021793399121445628
17333 0.004020967173466278
17380 0.0022684324242762586
17471 0.03488152376471412
17473 0.02172775635300754
17474 0.017013243182071938
17475 0.015819331379821278
17476 0.04157924893325998
17479 0.029219406899004943
17480 0.020969811363949136
17482 0.01750877453688957
17484 0.04145755809884197
17485 0.022684324242762587
17487 0.01639457979363296
17491 0.01057714825395675
17495 0.029800356917098283
17497 0.013610594545657552
17498 0.014256156342289529
17502 0.01759900876625946
17504 0.02404274032240958
17505 0.006922855191169388
17507 0.024767737831118457
17508 0.02001605704461585
17509 0.01873586796273011
17539 0.008466684400467727
17540 0.01414820683540741
17542 0.009516642624272431
17545 0.013161327676491452
17546 0.02900111362813396
17547 0.025222430451743015
17554 0.015959325462828546
17555 0.01914374934762393
17556 0.025339651626108024
17557 0.027021486911026696
17558 0.0370112487387396
17559 0.01243726742965259
17561 0.016854240909342295
17562 0.01759418319316708
17617 0.018552182982703343
17651 0.004647947879638211
17695 0.007723356647964136
17803 0.006072066590234429
17841 0.003407843773377251
17861 0.01944858612067527
17866 0.001127127360812266
17872 0.020377443811295207
17894 0.02437032131485981
18014 0.0033029373210615855
18016 0.0409864494840824
18266 0.0007428155698668267
18280 0.003106638720585057
18286 0.006417807036653472
18321 0.00520165452537895
18336 0.017340420935573326
18349 0.015055963562243549
18383 0.02395345144602204
18385 0.023728997069731916
18389 0.0036212927255012558
18428 0.0023264486038222757
18440 0.0051233061855103
18456 0.009484722165159058
18475 0.03216680929046259
18485 0.02492500477526863
18499 0.0005663067286229001
18639 0.017944316192036076
18651 0.005583293428172216
18663 0.008625502884028295
18697 0.005288574126978375
18707 0.0010962940895438455
18847 0.07061453725577824
18859 0.0012918365166902763
18881 0.023120561247431098
18887 0.007944510032156942
18896 0.0023390885837277393
19018 0.002445795274286069
19100 0.0012373267768779593
19173 0.04883413327059977
19197 0.009021912504386598
19230 0.0032060511596437792
19260 0.003733755232504401
19281 0.0011668740066642677
19332 0.029087157698381057
19356 0.031184436699944983
19358 0.05464859931210987
19431 0.009748128525943922
19474 0.0011504968276233657
19499 0.0022659948207391593
19514 0.0149660064506193
19515 0.003085378575362918
19541 0.011023205851790674
19616 0.000681687309506568
19680 0.011450182713013497
19681 0.012309923394536694
19702 0.030566165716942807
19708 0.0028168155174778755
19777 0.002316713217713215
19784 0.005514996260855124
19853 0.008628726207175242
19898 0.008077851907264594
19907 0.0010602021030568052
19920 0.013559426896989666
19926 0.01197672572301102
19928 0.0055668696826727745
20034 0.004314363103587621
20045 0.00806101241420976
20048 0.007131495437745989
20069 0.004947609814265091
20087 0.001363441849049349
20090 0.004486079048009019
20105 0.0154137074982874
20107 0.00401648948173636
20139 0.00176703010471413
20152 0.012974127894241912
20168 0.0313172104712412
20295 0.038407899634541096
20478 0.0049440174114585
20480 0.0038824623838528
20503 0.0045069048279646005
20573 0.0013110896236274996
20589 0.026520643783818024
20592 0.0055919496970531024
20615 0.0019498115549668558
20951 0.001430705099008033
20971 0.0025598350281045078
20976 0.036432399541406583
20978 0.02022375019205059
20979 0.0409864494840824
20980 0.023679716895499112
20983 0.017917927454946563
20985 0.01801432460735113
21068 0.007044546005076663
21078 0.010263623599818543
21107 0.0023448403273853926
21111 0.009017018886498128
21157 0.009491598827892767
21206 0.029080266866152542
21250 0.002820021543861807
21261 0.019969616076994934
21265 0.06168541456456599
21297 0.0020308601095716506
21393 0.00681816172892108
21501 0.03837029313403459
21503 0.023420828276618517
21515 0.017398450261800664
21520 0.012185160657429904
21526 0.0019381018563134076
21533 0.0020681235978206717
21571 0.0005192639727324001
21572 0.0007249864431355279
21574 0.10929719862421974
21577 0.0012758427854967283
21579 0.0010296339008276482
21580 0.10929719862421974
21581 0.10929719862421974
21582 0.10929719862421974
21583 0.10929719862421974
21584 0.10929719862421974
21585 0.10929719862421974
21587 0.0003744220444928113
21588 0.0010394258082418591
21589 0.0014335483126388122
21590 0.0010358436400342479
21591 0.0009238748859116935
21592 0.0011527029576859223
21593 0.00148857100891426
21594 0.0017407372367757004
21595 0.0020354444439047692
21596 0.0014161003355317044
21597 0.0015407123257579031
21598 0.00148857100891426
21619 0.00171998452770589
21620 0.0015183630138965773
21621 0.1202269184866417
21622 0.0011725642245121104
21623 0.1202269184866417
21624 0.0007059713357994229
21625 0.1202269184866417
21626 0.000941233704227362
21627 0.0013819186032947323
21674 0.0036992897995889755
21676 0.02199272899145885
21678 0.012567273709405058
21679 0.021058124282386324
21680 0.014781998174587096
21681 0.012394527679035228
21682 0.00595182764785355
21684 0.014750860004570128
21730 0.012846126162962412
21760 0.006291596878059076
21798 0.006962948947102802
21799 0.0090623305391941
21812 0.02827248167542608
21813 0.013979874242632757
21815 0.009319916161755171
21843 0.012226466286777123
21844 0.015750251330127734
21845 0.016030255798218894
21848 0.026717092997031493
21874 0.005137902499429133
22303 0.0013934629338996619
22442 0.008863361454124868
22494 0.0030794510402534434
22562 0.019866904611398856
22600 0.0007116826271900653
22636 0.0046902568980484415
22678 0.005826829652018177
22801 0.04565579183037027
22885 0.0012480801230108386
23007 0.008015127899109447
23009 0.006316650708580125
23025 0.003287882912123292
23027 0.017013243182071938
23036 0.015348117253613836
23051 0.007588047584201767
23063 0.011166586856344432
23112 0.04300733327808502
23135 0.006741696363736918
23172 0.1357079120420452
23268 0.01057714825395675
23269 0.03220974747635304
23280 0.0359226825993649
23357 0.009155706209733185
23359 0.0063277325519285115
23361 0.0030157313787121153
23379 0.0023775923234009566
23418 0.013692502336080794
23434 0.0037107073606988186
23466 0.00208354010299967
23497 0.006176040333217896
23522 0.002545382889625442
23653 0.013594801733754708
23684 0.01431272839126687
23719 0.03693950441710222
23725 0.008388538519082464
23847 0.014089092010153325
23854 0.007653478925119276
24059 0.03613524285143215
24060 0.1164506254914302
24061 0.02862545678253374
24122 0.003293888177716211
24147 0.025948255788483823
24177 0.0018543997710021856
24274 0.04636325308288183
24275 0.17066676515653806
24285 0.023420828276618517
24286 0.24591155797670905
24324 0.03030930718150631
24328 0.05208495578815349
24330 0.02849710254334401
24337 0.014661819327639235
24342 0.015499634624091456
24354 0.0031973068282157248
24355 0.002863241693008921
24425 0.03136354395303697
24427 0.024330103752557904
24459 0.028805924725905818
24461 0.013275774004113117
24471 0.01992711356132183
24472 0.06218633714826295
24523 0.0025187203593570193
24555 0.00864074275906731
24558 0.04490335324920613
24572 0.017529337126649322
24579 0.007593279062314213
24614 0.02969534936317787
24629 0.0026436606241956855
24645 0.009818096530373044
24684 0.001332400278758497
24701 0.024417066635299883
24771 0.001772157876347079
24792 0.008419678150103407
24847 0.00488065974911942
24882 0.005491213469431423
24886 0.008215962538950457
24893 0.01274490301978534
24921 0.0014423920848353738
24922 0.0013605460409653908
24926 0.008927741471780324
24935 0.0027804255172304325
24944 0.0077068537491437
24969 0.0063277325519285115
24980 0.020262963789883435
25003 0.02132194551251539
25008 0.001454706060479284
25024 0.009007162303675565
25029 0.042435928297874646
25034 0.028805924725905818
25074 0.026020285222221332
25104 0.004696364003384442
25122 0.004036256471838753
25151 0.02199272899145885
25228 0.03536085837842403
25238 0.002337321762726767
25247 0.003808666900315999
25316 0.004385713129461796
25320 0.008649937736390983
25337 0.007875125665063867
25339 0.017257452414350484
25360 0.0027702054950839105
25366 0.009064803628553804
25371 0.011377941812615934
25424 0.002397666290495498
25431 0.004157151832465646
25433 0.005228472638606194
25473 0.0029683197509907232
25475 0.01057714825395675
25493 0.0016460528414803325
25555 0.0015668147500431152
25594 0.004164904797458719
25604 0.0010187110975043013
25623 0.003058015043511284
25776 0.0011571406976577643
25836 0.036351404852836625
25930 0.028127138984264104
25931 0.0023917670176331935
25981 0.006836803642693153
25983 0.02226424416419291
25984 0.0056624371902531685
26035 0.01460245973521964
26049 0.03501754907377914
26076 0.006604965669234698
26098 0.006351959062129015
26169 0.0029808326897514475
26173 0.01982745468146764
26189 0.0014578850261112576
26203 0.009541818927511245
26218 0.005963726603410189
26258 0.006782518509805523
26354 0.03558070368987895
26392 0.002013851230932022
26452 0.002717781950107714
26534 0.006462281525811676
26552 0.015889020064313884
26588 0.03796639531157107
26649 0.020977789883824465
26658 0.004874064262971961
26661 0.014942542585390305
26734 0.012846126162962412
26827 0.0016952346632650528
26853 0.00365061493380491
26856 0.08015127899109448
26891 0.01302096590108033
26904 0.0038288827543516467
26909 0.007951635471213584
26921 0.008215962538950457
26955 0.0026481700107189804
26959 0.017944316192036076
27006 0.0062570246330861
27013 0.006316650708580125
27017 0.058174315396762113
27049 0.005932249267432979
27093 0.07539328446780288
27286 0.025575381456046233
27330 0.004992949605011525
27378 0.007467510465008802
27537 0.019185146567017294
27574 0.0025205517878481554
27591 0.0030905141912409076
27635 0.005685679923340341
27637 0.0021780962890408273
27691 0.005991374675414039
27767 0.0029587363646101897
27800 0.013095658576025888
27932 0.006823302840102831
27935 0.001201900421549308
27944 0.00863770302955026
27966 0.0014156144860562865
27992 0.09748128525943923
27994 0.01856187246775694
28019 0.005206185883965928
28136 0.0012974127894241911
28203 0.0018468036633892736
28207 0.0019124112166485957
28214 0.0028355405303453233
28252 0.015750251330127734
28253 0.025300377354368315
28256 0.007072171675684806
28258 0.005046876784214613
28304 0.011342162121381293
28328 0.0009241115948243021
28330 0.001579854382216054
28378 0.006001343684857324
28413 0.022958105420646743
28444 0.019066223317236685
28466 0.007058331809391881
28468 0.003795435700367951
28478 0.006691665221891004
28521 0.0031390840335937783
28531 0.015901871128031438
28625 0.05484993229668814
28752 0.016320396174657248
28756 0.0013203046844510967
28765 0.01243726742965259
28804 0.005583293428172216
28867 0.013408206522673796
28884 0.0024419820951924517
28934 0.0018088302681039375
28959 0.00920103968010013
28969 0.0006230450085678444
29045 0.0005552351531094906
29046 0.000611426946024623
29084 0.005496107617614825
29085 0.007028125029659204
29092 0.016246880876573205
29126 0.0049190713943506326
29282 0.03796639531157107
29294 0.03633876592982631
29297 0.011710414138309259
29334 0.003714077849334133
29377 0.002100645052183606
29388 0.009155706209733185
29492 0.04874064262971962
29589 0.0018528082651371462
29737 0.021859439724843947
29926 0.001425615634228953
30029 0.09541962565456302
30077 0.15681771976518483
30331 0.005300804536019993
30342 0.002591097381177623
30343 0.0034187749332694325
30358 0.011271273608122662
30364 0.010161158139587411
30417 0.037183583037105686
30485 0.03746537449013518
30507 0.017602144241644368
30528 0.006862457531226622
30531 0.002753288209617749
30543 0.008387924545579654
30704 0.007773292143532869
30712 0.0024190526858479215
30781 0.005182194762355246
30782 0.0038824623838528
30786 0.0019443706493796505
30860 0.0037107073606988186
30880 0.009881644080731446
30890 0.0076253859505269585
30902 0.0062247456060386215
30906 0.009643870466842917
30907 0.003957780973358414
31061 0.001542689287681459
31062 0.0021623546490403185
31136 0.009131158366074053
31169 0.0024567320218807135
31253 0.011364942600717546
31290 0.0025598350281045078
31376 0.004714781117123204
31542 0.002776603198305813
31560 0.02003781974777362
31672 0.006639728646441197
31719 0.005108792570253897
31730 0.10305164441712146
31731 0.07213615109198503
31758 0.035382482615883504
31843 0.014485170902005023
31868 0.0034187749332694325
31881 0.0025594534961827465
31883 0.009276091491351671
31905 0.001032877306586269
31916 0.003005672962166043
32069 0.018785456013537767
32093 0.012881455552140183
32111 0.0029612541499172834
32116 0.005464859931210987
32382 0.0026442870634891874
32383 0.01057714825395675
32477 0.0042836194235145505
32486 0.007059949181378073
32538 0.011943071372845202
32593 0.0013830605525034666
32666 0.006844037105501426
32726 0.0027221189091315105
32745 0.03310071956630315
32877 0.009818096530373044
32880 0.002087272890393085
33039 0.003028385856086693
33084 0.0006347778167193332
33119 0.004606395344315775
33163 0.003654313631812818
33203 0.0026365552299702126
33327 0.0020828294822278423
33391 0.004606395344315775
33449 0.012927625643724915
33594 0.003695499543646774
33668 0.01150067051203773
33673 0.009295895759276421
33692 0.0879709159658354
33723 0.009801107485324052
33728 0.050800106402806355
33747 0.0028003164243783005
33795 0.004335266595034191
33810 0.03370848181868459
33880 0.002949147632542315
33934 0.007493074898027035
34027 0.0007713662420850345
34121 0.03141206032549203
34133 0.019024473650754
34165 0.007330909663819617
34175 0.008142474722522712
34224 0.008407476817247673
34331 0.015499634624091456
34368 0.0042203566288127395
34472 0.005867667175924778
34477 0.016775849091159308
34569 0.02228779577332859
34597 0.0017559919934757797
34684 0.0033994416160219145
34975 0.0108173606387261
35008 0.0019043334501579994
35012 0.0017357110464866466
35015 0.010510939831139472
35303 0.001856308571589939
35319 0.001793539311088638
35323 0.0021141896568577087
35334 0.007170591559839465
35353 0.0018678444094247803
35356 0.002103094784022887
35357 0.0020116048826543513
35359 0.0019774164224776597
35365 0.0019256847595297657
35366 0.0018620586239541826
35381 0.002250035904303962
35382 0.001926713437285925
35392 0.0016965228384756591
35432 0.012394527679035228
35441 0.0039898313657071366
35452 0.0039418661798898925
35464 0.0028602756182388987
35689 0.0102466123710206
35765 0.007184875606771416
35797 0.0028134224294845953
35874 0.010217585140507794
35876 0.0016159532054656144
35896 0.01801432460735113
35911 0.002326149556528262
35995 0.02199272899145885
36136 0.0028993629860122596
36163 0.009007162303675565
36171 0.004598536176123519
36246 0.014543578849190528
36295 0.013847746126739306
36387 0.01547986074935301
36405 0.06284899661367306
36409 0.0623294064624173
36412 0.034531284702001445
36427 0.04532509375414948
36470 0.0029734604737009494
36478 0.005457422736275275
36500 0.006510482950540165
36745 0.01058642049922093
36750 0.0004464975927951537
36793 0.0817333152367947
36860 0.012835614073306944
36878 0.08700334088440188
36955 0.012401879725050167
37106 0.003733755232504401
37119 0.006272708790607394
37221 0.019763160984185284
37260 0.018067621425716076
37340 0.00365061493380491
37371 0.022684324242762587
39259 0.0025597871683946446
39313 0.0114146841904524
39932 0.03023196060342591
40244 0.00897899247561443
40359 0.011632106746461016
40376 0.00753010020051165
41878 0.011271273608122662
42878 0.002348182001692221
43500 0.2404538369732834
44711 0.019602214970648103
45345 0.013510743455513348
45430 0.0901701888649813
45529 0.003618207771005241
45774 0.011271273608122662
46344 0.0063414912169179995
46584 0.026373835041613117
46831 0.003234563581510611
47127 0.003550497698774438
47146 0.0016809439611243536
47176 0.01001890987388681
47258 0.00880462375126315
47260 0.0070193747607954415
47279 0.008486606010821768
47280 0.05152582220856073
47342 0.0009934693414498186
47366 0.003333436704089538
47455 0.0033396366246289367
47459 0.0002063627162489559
47478 0.0016997208080109572
47539 0.021341814911167833
47575 0.0035291659046959405
47576 0.007723356647964136
47595 0.02772633940272148
47656 0.02024030188349465
47678 0.006162316893937471
47772 0.01004681770083357
47842 0.010929719862421973
47867 0.04852109395476259
47871 0.018043825008773197
48020 0.008087012454258411
48044 0.3619900144548082
48055 0.014904163448757238
48060 0.004737669543748668
48142 0.011486648263054941
48236 0.005991374675414039
48237 0.00318341355216174
48255 0.0011446548887969696
48302 0.004541076422391856
48743 0.010131481894941717
48761 0.027118853793979332
48808 0.033370798043125864
48809 0.007944510032156942
48883 0.010160021280561272
48892 0.004542578784130039
48914 0.02540030421792941
48933 0.007213615109198503
48959 0.0009329559116914773
48964 0.00465394523174097
49043 0.012615484428238273
49324 0.00391465130890515
49331 0.05304128756763605
49367 0.021378639372050413
49430 0.0019506801268789895
49536 0.0019205578033009859
49539 0.01174855880976955
49618 0.08015127899109448
49666 0.01172141274835323
49706 0.0036199381429665054
49715 0.0022236791335383792
49782 0.0039898313657071366
49963 0.0040939926839946095
49970 0.025222430451743015
50206 0.0010993012967385708
50214 0.010515473920114435
50255 0.0031890429306801514
50281 0.0009400948340351038
50338 0.001851684670070356
50562 0.0003443581778307477
50645 0.0016675023368466256
50655 0.00824137117664242
50668 0.004403916428082114
50669 0.050346695721178725
50671 0.027262750187018008
50672 0.005135124987510208
50756 0.0615389484304306
50782 0.020288558278711077
50783 0.007723356647964136
50796 0.07569290656942963
50846 0.0209857595941307
50855 0.012835614073306944
50916 0.03796639531157107
50962 0.04113744922251611
51007 0.01978259163897003
51071 0.017013243182071938
51077 0.014721663488160211
51120 0.016777077038164927
51235 0.016544988782565374
51331 0.009417252100781336
51336 0.0031012962636279033
51415 0.006637887002056558
51416 0.002390197186613155
51489 0.007951635471213584
51551 0.00620615451411792
51560 0.07072171675684806
51582 0.003442421669612195
51777 0.021130989764332298
51802 0.012700026600701589
51804 0.02817818402030665
51869 0.004606395344315775
52086 0.05304128756763605
52087 0.022046411703581348
52132 0.005893476396404006
52331 0.011271273608122662
52376 0.005932249267432979
52380 0.009897659711332309
52388 0.007041495905059961
52468 0.00797697521079828
52575 0.017093874666347163
52618 0.016030255798218894
52648 0.004605472128123705
52765 0.002604193180216066
52796 0.004193962272789827
52898 0.0011935167288548152
52923 0.0200883422430659
52971 0.0017716437603400156
53016 0.019609561287417008
53144 0.0003892098364734273
53147 0.03468084187114665
53169 0.1803403777299626
53232 0.008625502884028295
53357 0.0016799289960872153
53418 0.021278244048404296
53588 0.026431171593988338
53619 0.0076577655087032934
53629 0.006754321263294478
53643 0.009414540618088264
53816 0.007700193954163747
53908 0.009017018886498128
53983 0.0181246610783882
53988 0.003054028412023075
54198 0.0021214379643898443
54216 0.025948255788483823
54399 0.008068920703801457
54422 0.023120561247431098
54544 0.0017517278069933227
54590 0.01467994240839431
54734 0.0008888140844256411
54813 0.06440727776070092
54815 0.0055201526708513506
54896 0.01264359428963154
54903 0.005919466663813491
54919 0.002485739183045659
54998 0.06231485757032688
55027 0.012655465103857023
55062 0.02330861084691616
55113 0.028805924725905818
55179 0.0018515439191987943
55210 0.014006550554798242
55293 0.039914091777072114
55302 0.0010999718068311227
55314 0.01086387817650377
55357 0.008786843225743933
55419 0.00808684899246043
55796 0.004741347858611827
55893 0.00526541248846606
55894 0.013925897894205603
55903 0.005067930325221604
55915 0.04745799413946383
55929 0.013819186032947323
55986 0.00521214964537464
56011 0.007467510465008802
56040 0.005531913427299465
56046 0.023573905585616024
56049 0.004809076739465668
56344 0.0039445025339985415
56413 0.01489477083388301
56475 0.0039998545494994275
56477 0.002390197186613155
56486 0.0018543997710021856
56503 0.002408873363891636
56561 0.000836846300371056
56562 0.0015302535233768567
56564 0.0024081993646292155
56565 0.0018168905322116103
56731 0.0008643702931304058
56965 0.021655517879049763
56996 0.0034212078666061812
57178 0.008853942028057398
57188 0.001139126290224218
57240 0.005820427251003321
57261 0.0058647277310556935
57385 0.0286706856426856
57386 0.24427424167568138
57572 0.0025744522159880452
57612 0.04777533185697977
57617 0.0021481879419888335
57677 0.002579976791558835
57696 0.017058257100257077
57703 0.0017407372367757004
57706 0.00371915715096957
57736 0.03136354395303697
57742 0.005464701288371312
57755 0.010197754181498597
57818 0.0033396366246289367
57870 0.005961665379502895
57886 0.003820770714617851
57938 0.007543299324438928
57956 0.030687718803477558
58130 0.04784968364849242
58139 0.0076253859505269585
58157 0.016394103865113935
58161 0.00420308720244146
58162 0.002507372631073894
58172 0.006730841673954375
58174 0.0067479072286099825
58175 0.008183016926424825
58176 0.008853942028057398
58177 0.0038392509562660197
58178 0.0063569060254013545
58179 0.004843356971734365
58180 0.00940928062745587
58181 0.008413396411715363
58182 0.0016256739246086089
58183 0.0011729455462111387
58184 0.008871664444260569
58186 0.005406636183530688
58245 0.020610328883424293
58255 0.03471828424834631
58298 0.05009454936943404
58340 0.05227257325506161
58353 0.002231222521699683
58410 0.0021525752703179532
58454 0.0023239739398191054
58472 0.010093976928747162
58502 0.0029110634016136006
58510 0.031638662759642555
58531 0.00355350497990074
58543 0.00817517542421959
58633 0.011450182713013497
58766 0.006716587624952051
58792 0.016300955547698514
58795 0.015875070388168714
58874 0.046241122494862195
58882 0.03674412940263575
58884 0.005798725972024519
58923 0.0017340420935573325
58924 0.004046499543575372
58969 0.005106750068271847
59023 0.006070000526818736
59047 0.002811229582696221
59078 0.0007210730816871754
59082 0.008003743174170424
59109 0.016030255798218894
59113 0.0010094619520288977
59206 0.033370798043125864
59254 0.00805243686908826
59610 0.0015315531017406588
59650 0.008015127899109447
59651 0.020377443811295207
59982 0.006729118572013529
59992 0.011825598539669677
60029 0.0020183590120868783
60440 0.006176040333217896
60567 0.009516642624272431
60624 0.0071280781711447645
60917 0.0014867302368504747
61300 0.0031583253542900626
61326 0.0020528216019346907
61381 0.0018147448301935628
61446 0.006659603099118902
61539 0.013021015014695167
61583 0.03249376175314641
61610 0.002402936412124751
61627 0.0012646590303643937
61628 0.002048522505261966
61659 0.0018515439191987943
61686 0.001372975848724496
61849 0.005407507578109822
61852 0.0018308667789843915
61872 0.007514182405415106
61876 0.025948255788483823
61919 0.006176040333217896
61925 0.0028641945188634995
61941 0.009748128525943922
61943 0.025580195422689724
61965 0.04258706052409508
62059 0.003768868918076543
62090 0.08782555642025322
62138 0.0007887180307455175
62372 0.0010718596001780835
62381 0.015986534141078625
62408 0.004784271555967102
62420 0.0038847759044119386
62426 0.008649937736390983
62454 0.004537040149994082
62507 0.0016997208080109572
62559 0.0025948255788483822
62605 0.002890070155928887
62610 0.00836846300371056
62612 0.005067930325221604
62695 0.011029992521710249
62709 0.005574663917464067
62717 0.0016245959143101978
62837 0.002971011165238263
62883 0.002883139532053758
63204 0.09355331009983496
63388 0.017013243182071938
63534 0.07821797898927885
63575 0.002876242069058414
63631 0.005712672193919218
63660 0.001546658471097449
63744 0.0010261187922046234
63745 0.0005979455495025283
63755 0.0010151442596676755
63795 0.002753288209617749
63820 0.00040439595858271683
63833 0.07514182405415107
63914 0.00703088343455013
63933 0.003874121970568476
63936 0.016696940517256467
63937 0.02836433561756548
63943 0.03249336691371043
63973 0.00573431110374467
63975 0.007119027732989921
64014 0.013073040858278002
64053 0.005319775154276182
64095 0.0027959748485265512
64107 0.054469130398516655
64108 0.03394300743023751
64136 0.0039898313657071366
64268 0.014485170902005023
64304 0.05691195982663882
64311 0.0017053493554571443
64319 0.004777228549138081
64365 0.09114710510286617
64370 0.035940042051807175
64415 0.017013243182071938
64504 0.004785937336905983
64521 0.009516642624272431
64548 0.0015167399304454377
64553 0.013662149828027468
64570 0.004491665696885742
64585 0.0029429590423572954
64612 0.004954405981592379
64618 0.027151118388595637
64619 0.02102580738039712
64677 0.011225838312301532
64681 0.0025562066297655926
64718 0.001438121034529207
64739 0.010929719862421973
64771 0.00472666876307433
64788 0.003095972149870602
64798 0.008526731807563241
64843 0.01099893623526859
64871 0.020728779049420984
64953 0.0014928839216056503
64962 0.02252648578128802
64964 0.07967674375729436
64978 0.017691241307941752
64983 0.0439854579829177
64994 0.014621615939068116
64996 0.03816822342432164
65028 0.003231906410931229
65069 0.0035781820978167175
65099 0.005473152586645298
65173 0.001775248849387219
65205 0.0176580494856004
65268 0.0038329517052064304
65272 0.003658019832250762
65309 0.006741696363736918
65315 0.020913890554424774
65330 0.012872943294120687
65347 0.012103381055702186
65355 0.007586156573778923
65360 0.005166751301667552
65365 0.0019053394371892505
65398 0.01768525854425926
65427 0.0016473381365555522
65474 0.0015084933310745509
65552 0.018496448997944878
65676 0.0119036552957071
65835 0.0615389484304306
65841 0.010962940895438453
65876 0.029800356917098283
65877 0.023420828276618517
65960 0.017424191085020538
66017 0.0015148288763541585
66021 0.018216199770703292
66070 0.00475756798047955
66129 0.002591281584638288
66176 0.010093976928747162
66189 0.002352347007204452
66206 0.0007715096373474334
66228 0.0016605927967768192
66254 0.13279457292882393
66278 0.0015661344136340648
66280 0.010639550308552364
66302 0.09581380578408816
66306 0.1525657446096325
66331 0.02899987732761775
66364 0.06679273249257872
66365 0.0154137074982874
66423 0.008628726207175242
66576 0.0836555622176991
66596 0.0006043578342156922
66656 0.00817517542421959
66659 0.03678828940898815
66670 0.016006361183375874
66822 0.011560280623715549
66829 0.0026997062534425535
66870 0.0020800504928484725
67083 0.024727088988953882
67187 0.004670051290930449
67223 0.0009547930021719876
67229 0.06361308376970867
67297 0.0012554150903582497
67299 0.0263270624423303
67327 0.01840207936020026
67337 0.00469707762741238
67366 0.0308274149965748
67467 0.002430463311724563
67489 0.011560280623715549
67492 0.012910900722816138
67501 0.013847746126739306
67597 0.005845717268394248
67615 0.007773292143532869
67631 0.0032060511596437792
67715 0.0034949685606581894
67720 0.02817818402030665
67771 0.009491598827892767
67833 0.001930839161991034
67847 0.004954405981592379
67903 0.0048674865784065465
67907 0.006229374014851902
67911 0.007514182405415106
67932 0.004542578784130039
67935 0.011377941812615934
67938 0.014471222848085389
67976 0.0007507925800581289
67984 0.005808063695006846
68091 0.004960890367093447
68103 0.025767325071274404
68121 0.00920103968010013
68133 0.00412068558832121
68272 0.0012602402357090325
68356 0.008297358752570698
68423 0.00356756434678462
68446 0.01001123941293776
68475 0.003911938779391813
68540 0.006041553692796066
68605 0.006476226131817017
68684 0.0308274149965748
68686 0.019763288161462892
68687 0.012913520447129534
68760 0.06327732551928511
68839 0.005009454936943405
68867 0.004150526530033661
68974 0.04191303025085885
68983 0.01709565219734422
69029 0.014235095668746001
69096 0.06037577884443285
69174 0.004696364003384442
69199 0.0015964083984592696
69255 0.002172775635300754
69278 0.007843824514966801
69289 0.0010808533277192843
69291 0.003281899503729983
69335 0.010027678229707772
69348 0.012655465103857023
69383 0.0026136286627530805
69430 0.004278538024435648
69458 0.0058630139844583215
69479 0.015028364810830213
69511 0.007853015081373007
69516 0.0125324863257105
69534 0.005688970906307967
69558 0.11634863079352423
69600 0.029808326897514476
69603 0.003072238121464439
69845 0.022089288155471395
69906 0.008863361454124868
69925 0.006666927087983828
70015 0.012564824130196812
70079 0.004042287894113105
70160 0.07213615109198503
70210 0.014721663488160211
70344 0.02504727468471702
70359 0.023269726158704845
70466 0.009289058251139985
70483 0.014256156342289529
70579 0.006623488114850362
70673 0.008733190204840802
70691 0.021342056536090243
70719 0.0027981439523655943
70853 0.00270574038187507
70873 0.003074857250297742
70884 0.0033303855536465847
70909 0.10230152582418493
70919 0.003977556834967401
70963 0.004536864848552517
71027 0.002256069339235863
71029 0.0037546084607852004
71048 0.004452848832838582
71069 0.007100845910890809
71072 0.011166586856344432
71079 0.0037492802022861243
71147 0.011523346819805914
71162 0.03214134758890544
71170 0.018064760798128625
71203 0.037570912027075534
71217 0.08015127899109448
71221 0.0010880605985896677
71226 0.0263270624423303
71270 0.004708626050390668
71284 0.003828675092029825
71394 0.00638591881977081
71400 0.001816587603903689
71493 0.034026486364143876
71546 0.001235631228023039
71550 0.004168502417673743
71552 0.006240151478545418
71609 0.015343859401738779
71615 0.013113285733739783
71619 0.012278184722241433
71620 0.007826080516699046
71718 0.019496257051887844
71770 0.008754387268444784
71841 0.0027495974974750263
71866 0.00879709159658354
71953 0.007641541429235702
71974 0.005644456266978484
72055 0.012185160657429904
72120 0.01264359428963154
72127 0.0343081800106294
72157 0.0026756732600884655
72200 0.0034231255840201985
72254 0.004159934523530602
72289 0.0102466123710206
72313 0.0030367260277931545
72362 0.016460528414803326
72389 0.0006858352452175796
72468 0.016320396174657248
72489 0.0031975244278362154
72491 0.006976416933460834
72498 0.0031336295000862304
72577 0.00748300322530965
72603 0.0005380082867838979
72674 0.0024738049071325453
72733 0.010812694132141728
72739 0.02212765370919786
72754 0.013125379468076091
72755 0.03214134758890544
72756 0.1001123941293776
72757 0.007875125665063867
72778 0.015078656893560579
72825 0.0024349505749170787
72841 0.017424191085020538
72847 0.00501642218998505
72848 0.005644456266978484
72860 0.009908811963184758
72988 0.00819728989681648
73078 0.0017027369333861102
73080 0.005883862242413135
73292 0.0036007405907382273
73308 0.016469440888581054
73310 0.05339362301901161
73343 0.01236205676496363
73348 0.010074881437428077
73352 0.05383294857610823
73436 0.019971743158160853
73479 0.0018971283137284975
73522 0.009295895759276421
73546 0.007278731873530434
73554 0.012014747074512642
73615 0.009512236825377
73653 0.0077068537491437
73688 0.00856501548652459
73738 0.008160198087328624
73759 0.00879709159658354
73777 0.006514019498229745
73786 0.006679273249257873
73798 0.0014848940117740846
73823 0.006792481270431735
73836 0.008649418596161274
73843 0.008486606010821768
74017 0.012974127894241912
74023 0.01796134129968245
74025 0.005103980681033088
74074 0.007390999087293548
74084 0.0024419820951924517
74085 0.02887036925099697
74090 0.014201990795097753
74106 0.02404274032240958
74109 0.010922467676630476
74192 0.008526731807563241
74263 0.01460245973521964
74265 0.003405943135466834
74372 0.029124178149432262
74387 0.005827288103713484
74402 0.0106763217515595
74411 0.025658612396416827
74413 0.002348182001692221
74534 0.004696364003384442
74554 0.005087175676444642
74595 0.002192588179087691
74651 0.0032759378334234796
74686 0.009491598827892767
74717 0.006463812821862458
74726 0.001023207816907589
74730 0.0017820195427861911
74770 0.0016416966566223266
74784 0.0005646131695536274
74840 0.013559426896989666
74861 0.014932172318630366
74985 0.003451490482870097
75000 0.013358546498515747
75010 0.0051178435814354046
75023 0.04109934344586018
75055 0.011333983436905795
75074 0.005023408850416785
75076 0.01057714825395675
75141 0.00803297896347272
75209 0.011342162121381293
75263 0.014904163448757238
75287 0.00897899247561443
75322 0.0013012691331540664
75429 0.009592573283508647
75441 0.02817818402030665
75564 0.05383294857610823
75708 0.0034579769100782707
75838 0.0020871004927860677
75892 0.009721853246898253
75900 0.011717168199602111
75905 0.03663907234752865
75959 0.006846251168040397
75964 0.004463025151499389
75971 0.00920103968010013
75974 0.006342597294904065
75986 0.011566015230856125
76001 0.0073758845697326205
76002 0.002278463395198516
76008 0.022067902789921177
76039 0.01833890703270881
76046 0.010454514651012322
76071 0.003706802476465702
76080 0.022778932218473144
76116 0.0008947774420354627
76121 0.0154137074982874
76123 0.033370798043125864
76338 0.05033277502447261
76397 0.014200029742516737
76418 0.008234720444290527
76463 0.015613885517745677
76570 0.0020539906347376144
76654 0.000685704858288831
76682 0.021278244048404296
76854 0.027508360549063214
76902 0.0053710255425611555
76941 0.005023408850416785
76947 0.0012593601796785097
76950 0.034026486364143876
76952 0.003691717046672724
77046 0.005571948943332148
77070 0.04661722169383232
77085 0.012072775017910431
77157 0.02003781974777362
77180 0.001723271645771262
77230 0.014485170902005023
77285 0.0036272835533990434
77286 0.006037399322411453
77287 0.004847322527729613
77288 0.0008745896107175683
77289 0.004440446231405065
77295 0.0025187203593570193
77305 0.0023235340696438904
77307 0.0011718023244312056
77309 0.0014382083710702952
77310 0.003016855582679539
77313 0.004460395201498506
77315 0.0023360152555694635
77321 0.0030514446316406525
77323 0.004168502417673743
77331 0.002630785962508571
77337 0.00626078631674356
77338 0.008186134104412914
77390 0.014781998174587096
77398 0.03678828940898815
77465 0.008761629902284122
77530 0.0011227373505328484
77539 0.011377941812615934
77904 0.0205906806918297
77991 0.03984678022770748
78058 0.0004010857702915941
78143 0.004989261472134014
78444 0.0020849628002362697
78529 0.007271789424595264
78676 0.015028364810830213
78761 0.005102554760746316
78783 0.015582351615604326
78784 0.004337255711571047
78807 0.017202411385611363
78846 0.0011718023244312056
78847 0.00999906295501052
78868 0.001050628474977935
78890 0.012916878254168882
78891 0.07278164093214388
78931 0.004934073262105679
78933 0.026081528876317622
78935 0.015091244998323226
78940 0.013819186032947323
78958 0.009991156660939754
78985 0.008050909720087615
78987 0.014870905023463582
78989 0.013979874242632757
78990 0.018034037772996257
78991 0.018496448997944878
78999 0.0036729201166998482
79012 0.009017018886498128
79016 0.0015654546677948138
79047 0.016174024908516823
79061 0.03837029313403459
79062 0.020262963789883435
79064 0.023077105661411475
79091 0.007421414721397637
79093 0.011132122082096454
79104 0.006962948947102802
79198 0.015819331379821278
79215 0.006294603062127839
79221 0.008446856099764054
79225 0.026436606241956855
79226 0.024655669892322356
79228 0.012185160657429904
79229 0.023854906413640756
79285 0.028312185951265844
79356 0.002208700278382885
79522 0.018034037772996257
79562 0.017125091984033856
79563 0.016823294881245274
79564 0.007739930374676505
79565 0.03197306828215725
79566 0.01431272839126687
79573 0.05280309527107249
79575 0.012062901520398834
79576 0.03308997756513075
79589 0.009344061022277854
79592 0.021842384260815063
79597 0.02587650865208489
79599 0.04960265588293471
79600 0.019602214970648103
79602 0.02372818387756415
79604 0.020969811363949136
79605 0.015154653590753155
79606 0.04457559154665718
79609 0.02212765370919786
79610 0.026717092997031493
79611 0.012567273709405058
79612 0.02557192789507758
79615 0.01610181944017523
79616 0.013979874242632757
79631 0.03116470323120865
79705 0.02540030421792941
79764 0.006545930226132942
79918 0.0003950658463777112
79935 0.019763288161462892
80017 0.005116039084537945
80095 0.007840885988259242
80104 0.005540410990167821
80111 0.013076779532959387
80185 0.002939533459331093
80273 0.0020860656764599486
80288 0.019066223317236685
80300 0.04052592757976687
80339 0.026209682583227614
80384 0.03278915958726592
80407 0.009224978059147713
80413 0.030566165716942807
80489 0.0006039509177731259
80502 0.02199272899145885
80528 0.0019436206371394123
80535 0.018983197655785534
80547 0.006552420645806903
80574 0.022844030038410228
80600 0.01390453074181715
80616 0.004469630005879131
80672 0.007316039664501524
80693 0.0185056243693698
80714 0.02998921438740354
80716 0.0043560477712551345
80726 0.015441508146840942
80738 0.002637950774035436
80788 0.02002247882587552
80919 0.005280830973058933
80920 0.006338853347274607
81332 0.0011045822034374765
81357 0.02817818402030665
81443 0.0102466123710206
81555 0.01252363734235851
81559 0.013115663834906368
81719 0.0026193228428462246
82016 0.0022842353100691903
82087 0.0033994416160219145
82097 0.012103381055702186
82118 0.01387921827702735
82151 0.008711634867178363
82176 0.001358496254086347
82234 0.002831180362490512
82241 0.01586853387199783
82253 0.006272708790607394
82410 0.005137902499429133
82493 0.000383254442099591
82506 0.010639550308552364
82547 0.017804245020093392
82630 0.006361308376970869
82632 0.0027560001100512487
82634 0.0020281820132487657
82701 0.008253564198167623
82741 0.009344061022277854
82805 0.0286706856426856
82858 0.0033898567242474165
82896 0.008427120454671148
82984 0.029087157698381057
83028 0.01610181944017523
83186 0.0016807077776185932
83190 0.004111725808573619
83191 0.00298120939619652
83306 0.0019287740933685836
83310 0.0021465223345841947
83374 0.008587637034760122
83420 0.07514182405415107
83423 0.0026442870634891874
83482 0.03191865092565709
83503 0.0008349091561572342
83528 0.006487063947120956
83715 0.001076337676693301
83770 0.023044739780724657
83811 0.03191865092565709
83871 0.006144476242928878
83875 0.006679273249257873
83900 0.0032056987096546106
84063 0.025400053201403178
84156 0.024137770916569302
84220 0.011640854502006642
84222 0.0032290130300799027
84232 0.001182172256505818
84247 0.0027702054950839105
84281 0.011597451944049039
84406 0.003293888177716211
84428 0.014369751213542833
84440 0.010407381534685388
84442 0.057746364025996255
84671 0.022206749243243756
84698 0.004897238205206121
84702 0.0006923873063369653
84725 0.012103381055702186
84804 0.00979209658078003
84894 0.01274490301978534
84912 0.007773292143532869
85024 0.006249495601477432
85052 0.0003400403087205856
85096 0.004420107297303004
85280 0.0718453651987298
85285 0.008840214594606008
85286 0.018781390487437582
85323 0.006808089232878521
85348 0.010364389524710492
85447 0.07824458662895287
85470 0.01042429929074928
85527 0.017665507270589027
85528 0.01538473710760765
85531 0.027885187405899698
85532 0.02452552627265877
85534 0.020541538255811016
85538 0.019609561287417008
85541 0.005304128756763605
85556 0.004393188251643424
85588 0.08521687652658233
85591 0.015348117253613836
85608 0.003874121970568476
85742 0.0035326224824674354
85746 0.0046122858754466135
85760 0.012790097711344862
85775 0.006766993535833492
85841 0.016174024908516823
85857 0.018597765741874602
85911 0.008972158096018038
85917 0.004198844650290165
85919 0.012835614073306944
86049 0.022126290006855193
86052 0.007773292143532869
86113 0.011377941812615934
86135 0.014095513327640528
86151 0.00748300322530965
86184 0.003240617748966084
86190 0.011982749350828078
86245 0.010394258082418591
86247 0.02109535423819808
86248 0.017819678114254278
86253 0.00982781350027044
86254 0.021736120960334903
86255 0.02323886512549386
86259 0.014821638387126005
86279 0.007286479908281316
86309 0.02932363865527847
86324 0.009908811963184758
86339 0.01617369798492086
86340 0.007306370568068604
86354 0.001322180036300912
86373 0.005101566555303043
86374 0.0015542484277679693
86375 0.0020820999945348495
86379 0.0023900453164169668
86380 0.0024628507151049704
86381 0.0065783973911252
86382 0.016777591674824205
86383 0.015634120225622945
86384 0.0011315278936246125
86391 0.000990912937288534
86396 0.0057314978922896
86397 0.0007857037377724791
86398 0.00392808634839638
86399 0.002189795341048165
86407 0.006519583589944329
86409 0.010188721905647603
86410 0.0014745738162711575
86413 0.001676825835842755
86422 0.0019857733256769465
86483 0.028854460436794013
86495 0.0015244273694188801
86519 0.010515473920114435
86531 0.02330861084691616
86542 0.02212765370919786
86548 0.002229593297514434
86562 0.0018825080277102449
86563 0.0020890189920633874
86574 0.0027897904155913217
86578 0.0008643543203484511
86583 0.0025035282633270885
86584 0.0015122251059980416
86621 0.0005743534698503256
86634 0.009669725347451075
86645 0.0019666344354412496
86651 0.003377160631647239
86654 0.003422018552750713
86694 0.0047683681602131945
86724 0.019817623926369515
86728 0.019391438465587375
86729 0.003368370679477128
86755 0.016246880876573205
86793 0.004813704993951239
86806 0.010962940895438453
87042 0.012611215225871508
87180 0.018883809186383514
87396 0.005319775154276182
87490 0.025400053201403178
87571 0.03489632023938305
87573 0.026916474288054115
87575 0.052195350785402
87576 0.027930961833737875
87578 0.08980670649841226
88145 0.002009363540166714
88173 0.09581380578408816
88174 0.008307369496243527
88180 0.03136354395303697
88184 0.008649418596161274
88185 0.012394527679035228
88186 0.011029992521710249
88190 0.023762085766116863
88192 0.017856304216058577
88197 0.012268052906800175
88198 0.02856336096959609
88200 0.009908811963184758
88202 0.020624770182405897
88206 0.009368331310647406
88208 0.027959748485265515
88209 0.0102466123710206
88218 0.011132122082096454
88225 0.016174024908516823
88226 0.02270206707023061
88228 0.009039617931326445
88229 0.022542547216245323
88230 0.01992711356132183
88232 0.02437032131485981
88239 0.01759418319316708
88245 0.02437032131485981
88246 0.02084859858149856
88253 0.022624375903425514
88254 0.021734607396931355
88256 0.025687089653662613
88271 0.023420828276618517
88273 0.04915123803209717
88274 0.031638662759642555
88284 0.01908363785502249
88322 0.003733755232504401
88374 0.00177675248995037
88428 0.012394527679035228
88467 0.016174024908516823
88522 0.005257736960057218
88585 0.01492956737069618
88629 0.018785456013537767
88654 0.009085157568260078
88658 0.022709510631094502
88660 0.04284407653541658
88703 0.09541962565456302
88751 0.003656662153112543
88798 0.01252363734235851
88859 0.010678724603802323
88879 0.003333436704089538
88942 0.00605238458066604
88945 0.003175006650175397
89038 0.003661733557968783
89352 0.0027951590313674167
89520 0.021813517743351482
89543 0.02199272899145885
89544 0.024045383697328344
89547 0.06218633714826295
89559 0.04745799413946383
89567 0.06440727776070092
89607 0.022542547216245323
89655 0.006300808586518898
89761 0.04357287211030098
89762 0.017093874666347163
89809 0.0879709159658354
89896 0.0031666440338887192
90052 0.01645497968900644
90056 0.002811229582696221
90057 0.01991918593932359
90282 0.050874272301756826
90323 0.013610594545657552
90382 0.003217491128099243
90445 0.009567128792040453
90495 0.005755754987645649
90573 0.0038782876931174747
90634 0.017529337126649322
90635 0.011184718025443284
90686 0.025767325071274404
90688 0.01057714825395675
90699 0.00340462995616488
90824 0.02753288209617749
90865 0.008050909720087615
90893 0.009991156660939754
90920 0.06944303354993545
91025 0.0836555622176991
91028 0.025762911104280365
91057 0.022451676624603064
91070 0.009131158366074053
91088 0.01202137016120479
91100 0.029808326897514476
91177 0.011306606754229627
91191 0.0357109658871213
91227 0.010671028268045122
91280 0.015681771976518485
91301 0.0061132331433885615
91302 0.003928017984921103
91324 0.11743953926715447
91345 0.015986534141078625
91349 0.009087583395672668
91434 0.016174024908516823
91438 0.0154137074982874
91508 0.0024307291769245227
91579 0.0018427447320132871
91659 0.004052326504241562
91696 0.00982781350027044
91868 0.009208382794334505
91921 0.002100645052183606
91927 0.009643870466842917
91955 0.006031450760199417
91972 0.040554698399936306
92013 0.006729118572013529
92016 0.0037492802022861243
92184 0.03920442994129621
92488 0.0047771840931086435
92653 0.01969953561900656
92665 0.007003509814755828
92681 0.011377941812615934
92698 0.004889396350594102
92717 0.013211749284246342
92759 0.014273473514402682
92792 0.00943801827548998
92901 0.05464859931210987
92947 0.009801107485324052
92952 0.02404274032240958
92955 0.047465611181528186
92982 0.0040939926839946095
92985 0.011634863079352423
93204 0.0039418661798898925
93265 0.01004681770083357
93314 0.03489632023938305
93383 0.015153488937697355
93428 0.005635636804061331
93582 0.007044546005076663
93643 0.0015613885517745676
93707 0.017424191085020538
93711 0.026322655352982904
93731 0.0017061530532636003
93744 0.007406175676795177
93747 0.05404297382205339
93770 0.053459034342762835
93795 0.03963524785273903
93827 0.006018732303787056
93839 0.02199272899145885
93846 0.006123612147027591
93905 0.0006301201178545163
93968 0.018458828902179734
93992 0.005817431539676211
94138 0.011943071372845202
94349 0.007739930374676505
94439 0.028854460436794013
94506 0.0029419311212065674
94584 0.0052690733752304006
94591 0.005911767707543111
94661 0.0039034713794364193
94730 0.03147863939119605
94793 0.03099926924818291
94894 0.04007563949554724
94974 0.013068143313765403
95072 0.015443771693613106
95084 0.006031467784992863
95114 0.0030411530814496214
95120 0.004643736599351511
95128 0.02344840327385393
95156 0.07019374760795441
95186 0.007772736635540095
95215 0.005433145944743802
95262 0.024732484279266713
95301 0.031325487990635066
95320 0.0714137527959982
95329 0.006593798088846895
95330 0.0033273132422502317
95370 0.0015590646009425667
95377 0.0063341344409564545
95470 0.0034350548139040486
95555 0.002780884776098112
95587 0.00501642218998505
95591 0.008310616485251731
95639 0.0718453651987298
95642 0.058174315396762113
95664 0.0130488376963505
95666 0.0022231001244601505
95667 0.0090623305391941
95795 0.01759418319316708
95810 0.00515995358311767
95835 0.008905697665677163
95841 0.007201989207367234
95845 0.00445835297231057
95849 0.009991156660939754
95853 0.012753035739600288
95855 0.02031612042214782
95908 0.006417807036653472
95991 0.003219217734260429
95995 0.04565579183037027
96022 0.0135328687565799
96062 0.009794491196188356
96157 0.0062687417792129515
96183 0.0007261372251062867
96219 0.006805297272828776
96226 0.007605051110699917
96232 0.015510841510129025
96242 0.0047457994139463834
96260 0.0027659567136497326
96296 0.026097675392701
96351 0.005002507010539877
96379 0.1696348900525565
96380 0.19083925130912605
96446 0.0016431925077900918
96515 0.007184875606771416
96524 0.015756334475023538
96531 0.004802673175232026
96534 0.027324299656054936
96539 0.02452552627265877
96546 0.010385809595054479
96594 0.005013839114853886
96597 0.0014537716866583038
96601 0.016764128128104325
96629 0.026729517171381417
96632 0.030566165716942807
96675 0.015353530744306215
96694 0.03881687516381007
96698 0.009271998855010928
96705 0.002140538608070772
96735 0.006715207386020312
96769 0.013160404478875867
96780 0.009491598827892767
96807 0.028127138984264104
96810 0.007980466269402544
96848 0.01627014088692782
96892 0.0037107073606988186
96918 0.02212765370919786
96927 0.008219868689172037
96929 0.020100121696900602
96963 0.010263623599818543
96966 0.008754387268444784
96977 0.014369073039745961
97096 0.0036729201166998482
97112 0.017408457868844103
97172 0.003804649319197522
97185 0.01387233674845866
97191 0.008319967359525931
97193 0.005215077747132394
97194 0.15099832507341782
97195 0.2102580738039712
97227 0.004193962272789827
97231 0.02487453485930518
97260 0.01086387817650377
97295 0.1892322664235741
97300 0.016672446380931637
97324 0.011864498534865958
97335 0.058160533732305085
97337 0.01607067379445272
97344 0.01033469213352221
97370 0.012097352668155543
97395 0.009128334890720529
97413 0.0010362352532059056
97464 0.02125161612144399
97465 0.034026486364143876
97466 0.043253089468245506
97467 0.11764675469781266
97472 0.001392606970152162
97538 0.003252306180883004
97547 0.007962002662179966
97550 0.0025029892814706807
97566 0.013661870339803208
97585 0.008156563207912677
97653 0.02283053943585634
97673 0.003415537457006867
97689 0.010612705954605199
97759 0.05137417930732523
97761 0.016858108367356267
97763 0.012228256311701073
97783 0.015206545104566812
97909 0.013943319075296315
97928 0.00537595535864136
97929 0.005514996260855124
98009 0.00356756434678462
98103 0.003912143524594513
98110 0.014169039540352748
98136 0.012881455552140183
98142 0.010734546293450152
98143 0.008754387268444784
98144 0.019609561287417008
98197 0.005697958222115721
98199 0.0014159057718752066
98210 0.04193962272789827
98214 0.015750251330127734
98218 0.0034949243131593244
98271 0.006176040333217896
98377 0.005808063695006846
98397 0.006776209504023207
98422 0.02066988892610408
98423 0.007967685090729983
98426 0.010120150941747326
98428 0.020977789883824465
98437 0.020610328883424293
98444 0.0013284742374214554
98445 0.006133947047765773
98460 0.009332103006705972
98463 0.011503481241554656
98465 0.01125806265050839
98470 0.04230814766485607
98472 0.012787690728023117
98475 0.0021418097117572752
98488 0.04007563949554724
98503 0.017299875472781966
98505 0.020793211312687496
98507 0.015415791622221694
98508 0.007318796368354435
98512 0.014401356450841655
98514 0.007836061590844937
98565 0.004954405981592379
98567 0.007674058626806918
98597 0.006409221555413179
98621 0.015191184183811029
98692 0.007287417711088345
98734 0.014017204920264748
98757 0.008567238847029101
98781 0.025762911104280365
98789 0.003191865092565709
98816 0.012881455552140183
98836 0.008471362725575606
98981 0.012927625643724915
98984 0.020154640402283937
99042 0.00595182764785355
99051 0.01004681770083357
99061 0.003985935048416516
99075 0.0032261248252229437
99174 0.010322447041336056
99217 0.03370848181868459
99239 0.01573410525318013
99255 0.012722616753941738
99402 0.0053119404338722405
99410 0.02214527147252944
99415 0.049408322665743167
99486 0.011236160606228196
99539 0.006209887827694672
99682 0.17603001527774334
99683 0.16876283390558464
99704 0.030687718803477558
99725 0.011185037593876502
99743 0.017903913625393206
99749 0.019203949817270548
99840 0.0054483497803614065
99852 0.010666672822283629
99980 0.03550497698774438
100028 0.0256505804225095
100073 0.015681771976518485
100159 0.0016993502167193385
100201 0.006229374014851902
100236 0.010160021280561272
100309 0.009482695717223655
100328 0.009114710510286618
100415 0.03278915958726592
100465 0.006666927087983828
100581 0.008587637034760122
100623 0.02003781974777362
100625 0.026916474288054115
100626 0.009963556780660915
100638 0.01750877453688957
100665 0.0057433241315274705
100668 0.011132122082096454
100676 0.024029494149025284
100763 0.005752484138116828
100910 0.00842324971295453
100968 0.001579828290966376
101001 0.2102580738039712
101004 0.08410322952158848
101020 0.021859439724843947
101037 0.005319775154276182
101081 0.0686163600212588
101134 0.10529062141193161
101142 0.06383306331308963
101164 0.010620619203290493
101191 0.013766441048088746
101195 0.06620695791680627
101198 0.09248224498972439
101208 0.05356891264817573
101224 0.05501672109812643
101226 0.14109679556040683
101228 0.015562447718335592
101296 0.008957740422417709
101315 0.010734546293450152
101385 0.0154137074982874
101416 0.0042333422002338635
101443 0.021342056536090243
101451 0.006729118572013529
101460 0.004324709298080637
101477 0.006058388930448446
101508 0.01058380596515084
101537 0.009516642624272431
101566 0.1127127360812266
101612 0.020610328883424293
101728 0.0072425854510025115
101744 0.016621232970503462
101776 0.015861963745174113
101791 0.011436060003543134
101957 0.012116777860896892
102083 0.035096873803977205
102153 0.011974224396723937
102156 0.03501754907377914
102228 0.025580195422689724
102305 0.02212765370919786
102307 0.04947248795387558
102548 0.002275281684758582
102660 0.0038329517052064304
102908 0.0181246610783882
102926 0.02226424416419291
102935 0.03468084187114665
102948 0.020149762874856154
102951 0.02487453485930518
102954 0.025580195422689724
102969 0.03912229331447643
102970 0.09830247606419434
102981 0.018777366907118873
103003 0.002915770052222515
103183 0.024137770916569302
103377 0.03318943501028279
103391 0.030849120176289664
103421 0.03118269335894711
103525 0.027012786290453818
103536 0.06147788949417726
103538 0.03837029313403459
103539 0.02932363865527847
103620 0.0177675248995037
103643 0.019185146567017294
103644 0.012753035739600288
103677 0.029080266866152542
103909 0.010131481894941717
103936 0.014661819327639235
103938 0.023124669228071285
104060 0.023471653016866538
104078 0.0033699704499549005
104260 0.01970933089944946
104387 0.0018883809186383516
104430 0.009417252100781336
104441 0.014644738709573222
104492 0.0181246610783882
104524 0.011743953926715449
104616 0.21626544734122752
104682 0.023886142745690404
104826 0.008852971528588263
104874 0.05193961831210135
104887 0.08403339621272332
104892 0.009695719232793687
104944 0.0002633282875519641
104962 0.014865120084947869
105028 0.048854848335136265
105076 0.03984678022770748
105077 0.041543238380217916
105079 0.04390632636687318
105106 0.022973296526109882
105130 0.000356756434678462
105257 0.011627174588238039
105304 0.03370848181868459
105317 0.016030255798218894
105425 0.02964493224219434
105442 0.005817431539676211
105478 0.004514152133415834
105554 0.05654496335085216
105662 0.014543578849190528
105824 0.005415626958857734
105836 0.008364338706690783
105837 0.003074857250297742
105924 0.0123370829129132
105975 0.015028364810830213
105995 0.012696166407259945
106058 0.014144343351369612
106079 0.005523441890657353
106143 0.030056729621660425
106149 0.0009971820720484522
106150 0.0009312697016780921
106151 0.0013039795931306041
106154 0.000922929261668181
106198 0.003781335010459463
106202 0.019573256544525748
106230 0.011201265697513202
106247 0.021859439724843947
106340 0.011864498534865958
106389 0.002490561252593555
106453 0.014130983481523661
106459 0.09748128525943923
106521 0.009108099885351646
106523 0.054178394963485026
106576 0.01482246612109717
106640 0.012729885138098286
106677 0.006831074914013734
106711 0.009155706209733185
106720 0.005296340021437961
106735 0.001561516020751369
106779 0.017944316192036076
106860 0.0359226825993649
106877 0.03220363888035046
106915 0.08504820962857262
106916 0.019246112452291908
106917 0.04052592757976687
106931 0.001963857929033834
106991 0.02256020618014734
107007 0.017110033785480372
107010 0.02956399634917419
107068 0.016781558920598835
107073 0.0011257202105490797
107101 0.017944316192036076
107104 0.016311508450303314
107106 0.05651771798288995
107128 0.0055265665537484465
107138 0.016198557140297172
107139 0.033370798043125864
107175 0.0106763217515595
107182 0.024417066635299883
107375 0.01856187246775694
107480 0.003175006650175397
107490 0.07278164093214388
107528 0.013610594545657552
107600 0.013631375093509004
107602 0.02084859858149856
107657 0.034728247414337596
107711 0.012112921976608768
107720 0.02020400124221788
107724 0.004789917071180944
107752 0.04182995722588895
107754 0.03099926924818291
107794 0.02084859858149856
107810 0.05304128756763605
107811 0.00945813684525804
107812 0.0197116944191223
107816 0.0020376563369676457
107853 0.010985970894759285
107981 0.012022691848664172
108022 0.008272448805402146
108024 0.030056729621660425
108031 0.03220363888035046
108035 0.01633982704136287
108076 0.0286706856426856
108095 0.024045383697328344
108115 0.017340420935573326
108138 0.06231485757032688
108160 0.010985908065229266
108173 0.03301003265887586
108262 0.005101566555303043
108266 0.01861846354235376
108274 0.017548436901988602
108438 0.009344061022277854
108450 0.04565579183037027
108495 0.01759418319316708
108552 0.010305164441712146
108617 0.017680429189212015
108643 0.026191317152051776
108652 0.02565905899954636
108714 0.0147751026308085
108715 0.0112638253823556
108728 0.01610181944017523
108731 0.023854906413640756
108734 0.020610328883424293
108844 0.025189153570197447
108969 0.01991918593932359
109038 0.016243112997731683
109219 0.022684324242762587
109331 0.011786952792808012
109334 0.0011941447090129125
109433 0.008215962538950457
109434 0.013211749284246342
109445 0.02084859858149856
109569 0.009936108965838159
109572 0.01970933089944946
109669 0.027324299656054936
110024 0.016469440888581054
110146 0.019391438465587375
110405 0.009020466827019251
110516 0.008927741471780324
110673 0.009333280711396996
110691 0.00888376244975185
110951 0.07494347185092044
110977 0.007114018845363415
111240 0.0009698716366094764
111362 0.007823877558783625
111479 0.011201265697513202
111482 0.002272741362818025
111484 0.02226424416419291
111577 0.008567238847029101
111582 0.007498560404572249
111682 0.01759418319316708
111684 0.007773292143532869
111909 0.0016278044423533257
111912 0.009908811963184758
111979 0.0029673741700155655
112002 0.021810200149614406
112043 0.03308997756513075
112072 0.0008880675953788464
112248 0.008141777775619077
112253 0.00888376244975185
112265 0.006051690527851093
112351 0.0019464692685371026
112390 0.03370848181868459
112393 0.009344061022277854
112395 0.0016902452371691209
112579 0.008427120454671148
112620 0.010217585140507794
112692 0.003278915958726592
112708 0.006729118572013529
112725 0.0026916474288054115
112760 0.0027062176106338806
113023 0.008095446805012826
113029 0.007465594183242094
113232 0.008186134104412914
113354 0.023434336399204222
113368 0.0090623305391941
113413 0.015091244998323226
113430 0.02587650865208489
113478 0.03308997756513075
113482 0.0028222560242143787
113503 0.012400184948386052
113710 0.02239435105604427
113774 0.006094666708475083
113800 0.0210437763549751
113879 0.028689681763949388
114032 0.0026193228428462246
114045 0.0020035616935341317
114234 0.010896699560722813
114244 0.018970653275546277
114245 0.022617985340340863
114404 0.0031856317380761783
114432 0.0409864494840824
114488 0.002220674924324376
114539 0.0006940397820084139
114552 0.0005975357212708148
114553 0.0013333854175967656
114555 0.0620433660405161
114566 0.001004681770083357
114568 0.00033269237220105675
114594 0.00030465474741103564
114595 0.0018158953440059573
114615 0.04846711144358757
114617 0.022684324242762587
114632 0.0044473582670767585
114643 0.019817623926369515
114649 0.022958105420646743
114655 0.0026462271126920407
114697 0.0024158121598119565
114705 0.004084719767383071
114800 0.01282952949977318
114810 0.04145755809884197
114833 0.013610594545657552
114916 0.007593279062314213
114936 0.0024321021946050246
115022 0.05912799269834838
115025 0.012144133180468858
115191 0.02437032131485981
115194 0.014721663488160211
115202 0.028689681763949388
115221 0.006508418449650012
115237 0.015048291564498934
115243 0.006387924730012587
115251 0.024233555721793785
115266 0.009368331310647406
115300 0.0030906662850036432
115315 0.02506387634749326
115325 0.0003883298400731321
115380 0.008377031607533654
115426 0.009154333894921957
115450 0.02531535336770222
115533 0.012910900722816138
115547 0.001078913417469115
115622 0.013104841291613807
115623 0.010798825013770214
115673 0.0020836554330440505
115683 0.009521120323198698
115744 0.02753288209617749
115765 0.02226261957924401
115768 0.0012723726342875508
115788 0.005101566555303043
115797 0.020154640402283937
115833 0.006976416933460834
115877 0.0037107073606988186
115955 0.007199216675846809
115958 0.009319916161755171
116036 0.028536710476131
116111 0.019024473650754
116164 0.03606807554599251
116200 0.0006987228893063253
116231 0.030306001863326815
116261 0.03796639531157107
116285 0.015028364810830213
116286 0.01639457979363296
116287 0.019814190264894765
116421 0.008608132588542367
116432 0.00708387204048133
116438 0.00819728989681648
116446 0.0500561970646888
116549 0.0030801089279242112
116574 0.015889020064313884
116585 0.00455980727509387
116619 0.011457516026063852
116677 0.008331950173460615
116678 0.002187825248903105
116789 0.00616615991686206
116814 0.026936977426843287
116928 0.0035222730025383313
116963 0.00595182764785355
117059 0.04979796484830897
117101 0.01057714825395675
117150 0.0030233089309298
117219 0.009963556780660915
117224 0.002757498130427562
117269 0.0052238030758750605
117348 0.0035565011259934666
117476 0.01759418319316708
117577 0.001999280959160236
117591 0.014986362455265603
117601 0.008141777775619077
117683 0.005496364161700734
117693 0.002951561010310353
117730 0.0012611215225871509
117774 0.0012347851950014553
117913 0.0008733190204840803
117992 0.07514182405415107
118015 0.006289244121413011
118045 0.002311819642542255
118143 0.006082306162899243
118164 0.008160198087328624
118169 0.1387233674845866
118179 0.03878287693117475
118182 0.009721853246898253
118246 0.0021117140249410134
118258 0.015322450722556606
118274 0.0313172104712412
118293 0.024233555721793785
118355 0.01557871439258172
118478 0.01448825776149028
118485 0.0017082578778927927
118493 0.003584794527929592
118495 0.008712095542510269
118524 0.023631814928675738
118532 0.013349718971680712
118563 0.025767325071274404
118618 0.000708745835055856
118626 0.0011841127887719143
118633 0.013189753870177179
118821 0.0014638017672886573
118910 0.02932363865527847
118921 0.031184436699944983
118960 0.010039446990038758
118971 0.009913428601265931
118974 0.005345636999410451
118984 0.008417353108968377
118994 0.007355967596640393
118998 0.07684736186772156
119000 0.008712095542510269
119006 0.008707447999355114
119013 0.012467501871481431
119024 0.004258332413930639
119027 0.015739319695598025
119033 0.00983390666971342
119116 0.02487453485930518
119157 0.012644874246701436
119167 0.004240872251313912
119177 0.0013761188685994855
119189 0.0030906662850036432
119228 0.013847746126739306
119234 0.0034231255840201985
119310 0.00620433660405161
119323 0.009141655382781357
119331 0.009493495189976229
119348 0.02199272899145885
119349 0.005566061041048227
119415 0.004748721649993805
119429 0.01159156302747774
119430 0.012910487218448738
119432 0.013076132636684995
119443 0.010734903138844077
119466 0.01169806334964002
119514 0.007023004725509546
119570 0.010800376062973838
119583 0.01833350359187071
119585 0.040442755244318104
119595 0.018983197655785534
119634 0.03488152376471412
119636 0.019254819975804957
119769 0.02172775635300754
119797 0.012500269137212527
119855 0.013819186032947323
119974 0.018591791518552843
119984 0.020077694050246588
119992 0.026042477894076745
119993 0.011411912472512784
120004 0.009808216433851198
120006 0.0064522496504458874
120015 0.007622649201352431
120023 0.0046599580808775855
120031 0.006624565226470885
120035 0.013979874242632757
120038 0.005399412506885107
120039 0.0077361785256733415
120062 0.003663380948945431
120068 0.002959065933128602
120090 0.009142000062712624
120115 0.003128193889504988
120121 0.002802492272415891
120122 0.0901701888649813
120143 0.005664987051847898
120172 0.008563912989831678
120188 0.0037610089203329003
120210 0.04587448882995736
120216 0.005723388980217463
120219 0.015091244998323226
120222 0.004619406990841175
120230 0.02313203046171225
120244 0.002971011165238263
120247 0.17213809058369633
120276 0.10813272367061376
120305 0.004719363247211773
120335 0.0032290130300799027
120350 0.00320789818839807
120403 0.003574635832110259
120404 0.03488152376471412
120418 0.007341627621100665
120434 0.009406061649053415
120435 0.014813949275705363
120449 0.017300993337913628
120464 0.004199244374348797
120473 0.009086783501732249
120498 0.018670515459432283
120511 0.01183221712782106
120532 0.012599384706593057
120549 0.011441422810295704
120584 0.0069767152871709264
120609 0.0026345366876152003
120624 0.008050909720087615
120637 0.010654551755919317
120638 0.005110988437758204
120656 0.011142189145802442
120663 0.009446608724045473
120672 0.004540963739714063
120728 0.012646073163300688
120741 0.011388350461718448
120754 0.006908722454847043
120758 0.011982749350828078
120786 0.013540770405980257
120787 0.01509646048611056
120789 0.0026702475041067045
120828 0.0015822095854813889
120883 0.003560520784402025
120976 0.010305164441712146
120979 0.025400053201403178
121033 0.022328291023430574
121050 0.0025957786889379162
121051 0.021278244048404296
121137 0.012268052906800175
121139 0.009647481898723591
121146 0.007529869633818896
121157 0.0209857595941307
121160 0.013508642526588956
121165 0.008954334372275708
121190 0.03290995937801288
121215 0.002417599383171826
121239 0.0028778774938228247
121242 0.005327633020087521
121245 0.0011060434083407702
121250 0.022684324242762587
121344 0.00836846300371056
121345 0.009695719232793687
121431 0.003517329190512798
121462 0.0019185146567017295
121507 0.01167918993273673
121521 0.011166586856344432
121557 0.0026947102470835363
121564 0.004403916428082114
121583 0.008310616485251731
121584 0.0014667781840582558
121593 0.008905697665677163
121598 0.0035640390855723823
121602 0.012611215225871508
121605 0.017573017703727302
121609 0.00695541690420505
121615 0.007920695255372288
121631 0.0040075639495547235
121685 0.004854416567481744
121689 0.007261422166340111
121695 0.008234720444290527
121698 0.0450553015294224
121734 0.0054967201097138015
121737 0.0014543578849190528
121774 0.011486025276089475
121871 0.006649118278880373
121911 0.0725944641599843
121920 0.005697958222115721
121921 0.004329901025929473
121924 0.003714528892481206
122013 0.015681771976518485
122020 0.018284000125425248
122041 0.007100014871258368
122069 0.17603001527774334
122071 0.040442755244318104
122083 0.010831253917715469
122125 0.008050909720087615
122130 0.00681816172892108
122206 0.0014578455399212023
122331 0.008699225130900332
122375 0.026520643783818024
122414 0.011982749350828078
122417 0.03318943501028279
122510 0.01567742172893409
122567 0.016174024908516823
122632 0.00836846300371056
122730 0.058160533732305085
122763 0.02226424416419291
122764 0.0409864494840824
122774 0.0019367838323207818
122795 0.020728779049420984
122894 0.015613885517745677
122920 0.011029992521710249
122931 0.007100014871258368
122953 0.012835614073306944
123014 0.007529869633818896
123053 0.03030930718150631
123141 0.010484905681974568
123196 0.038407899634541096
123216 0.0102466123710206
123242 0.008329809594917439
123270 0.010962940895438453
123326 0.010962940895438453
123327 0.03223559748758358
123350 0.00695541690420505
123381 0.016628061002790785
123414 0.006498752350629282
123507 0.058160533732305085
123633 0.014697651761054297
123641 0.05548934699383464
123743 0.0028467305087602614
123883 0.01914374934762393
123919 0.028854460436794013
123979 0.018883809186383514
124096 0.006218633714826295
124128 0.0008241003953643064
124154 0.0026618505938001856
124162 0.009542022759628399
124163 0.018067621425716076
124206 0.01252363734235851
124226 0.02330861084691616
124476 0.011597451944049039
124509 0.04182778110884955
124518 0.0492488390475164
124551 0.06440727776070092
124564 0.0012002468635794092
124574 0.016383746010699057
124576 0.02003781974777362
124581 0.006076010571868956
124582 0.01060825751352721
124594 0.011486648263054941
124633 0.020062714520244326
124638 0.020681122013505367
124641 0.018785456013537767
124699 0.20037819747773616
124760 0.06557831917453184
124794 0.013714097165776621
124932 0.07213615109198503
124974 0.04345551270601508
125019 0.01054622091988085
125028 0.05409046193002881
125217 0.00730122986760982
125220 0.021130989764332298
125232 0.010385809595054479
125268 0.008446856099764054
125513 0.002111637635509002
125663 0.04300602846402841
125667 0.013218303120978428
125809 0.017093874666347163
125821 0.01174855880976955
125923 0.022534524139823004
126071 0.011864498534865958
126108 0.011450182713013497
126195 0.009963556780660915
126290 0.038407899634541096
126524 0.01669818312314468
126625 0.0057433241315274705
126714 0.013819186032947323
126721 0.004594659305221976
126947 0.0011537608240869135
127090 0.023886142745690404
127102 0.004679583173863627
127123 0.0017846647969318415
127576 0.0011784747282694004
127675 0.008407476817247673
127689 0.017680429189212015
127740 0.010131481894941717
127744 0.06255612113176004
127745 0.016284949445045424
127802 0.013925897894205603
127867 0.005251314538855897
127886 0.0017517278069933227
127894 0.010831253917715469
127940 0.005761184945181164
127950 0.010831253917715469
127993 0.025762911104280365
128020 0.02482461805647168
128160 0.0018327274159549043
128197 0.018591791518552843
128211 0.0002895904733920216
128292 0.0037492802022861243
128356 0.0277584365540547
128382 0.0016735182829447435
128448 0.042705287006238
128511 0.004303633574272046
128594 0.012700026600701589
128599 0.050800106402806355
128689 0.012927625643724915
128770 0.3005672962166043
128774 0.03604424122353793
128782 0.0149660064506193
128803 0.02932363865527847
128806 0.01945833073764258
128890 0.002259904482831611
128944 0.04040800248443576
128967 0.010671028268045122
128972 0.09748128525943923
128973 0.007348825880527148
129023 0.0009783492537475222
129057 0.009567128792040453
129142 0.0012097575360324948
129365 0.0028993629860122596
129383 0.012655465103857023
129385 0.011615255774878295
129546 0.02270206707023061
129604 0.052195350785402
129610 0.00616548299931496
129622 0.015819331379821278
129802 0.003646923715469415
129806 0.012927625643724915
130210 0.006691665221891004
130243 0.03220974747635304
130273 0.058174315396762113
130575 0.0016478852248104185
130644 0.005065740947470859
130991 0.006197263839517614
131065 0.03865098760691161
131108 0.02090964269873747
131125 0.020913890554424774
131168 0.003463900193926281
131195 0.032832559365010935
131295 0.01001890987388681
131324 0.011450182713013497
