634 0.0073266257159695525
695 0.002753269532642852
1130 0.003929045396905952
3976 0.0033597951333754926
4255 0.0009382649858981053
4296 0.007656071927610169
4563 0.018495262478118262
4883 0.007999005924080682
5278 0.0373549636257561
6376 0.03361055660367082
7243 0.00446062212707558
8627 0.022303110635377904
9819 0.009315795597086594
10277 0.015930793310984216
10710 0.04434536617560519
12337 0.03120599841987032
12541 0.005471181541146094
13700 0.021300723640529456
14754 0.03254531165677462
15223 0.019752665573234237
15686 0.012744634648787374
15755 0.028085398577883287
16565 0.02083257586821013
17072 0.014416459346061762
17829 0.004210470636328977
19097 0.024700513407258918
20114 0.003949509175014837
20302 0.0019246339126975857
21752 0.030454046650716812
21853 0.01089519772417886
27589 0.01438910363572768
31549 0.027981762420769322
31827 0.003950533114646847
32434 0.008806058040193588
50782 0.025192882445277367
58754 0.006686999661400782
63721 0.005151533706541092
63745 0.0012571381989437147
64141 0.008007452604042752
65239 0.0052696717276084
66250 0.016484907860931493
66750 0.012094190775165051
67551 0.07221959634312845
78580 0.07021349644470821
84211 0.01128431192861382
85191 0.013737423217442911
85549 0.0029048037607697407
88443 0.07291401553873546
90556 0.15166115232056973
90837 0.024224967212457083
93298 0.024149865019199003
94112 0.023476958563555687
101774 0.010110743488037982
103531 0.14109046838024455
103990 0.008597570993229577
105861 0.03908792585581694
114222 0.006525867139439318
114383 0.017758917133556176
118772 0.02197987714790866
119046 0.022043772139617696
119329 0.03616685245803452
120322 0.008889868248567979
121354 0.004455380502954458
121836 0.0381058171659723
121979 0.005999254443060512
122087 0.015667474413282
126120 0.00390074980248379
