64 0.0045715606761403465
112 0.00248390855162693
147 0.002815642354026453
180 0.0041445312976841255
244 0.0017359673679398988
314 0.0027496900404621557
350 0.002386850554569894
380 0.0240042225241269
475 0.0035889238411105297
478 0.007407840344781373
526 0.002107084264548493
623 0.002894631736255132
708 0.0060032907887667035
725 0.010695597864119907
734 0.0014922310637940737
742 0.004072956332839252
779 0.010766771523331588
823 0.00539511427095047
934 0.011680931369652195
936 0.0005515272717964956
972 0.011992045764485548
1034 0.002088871742190017
1042 0.00046304365190094713
1074 0.0009124382646891176
1077 0.007911685144940145
1137 0.008598463369327309
1152 0.0027877909808153305
1179 0.030781124665496713
1189 0.013912120507675648
1235 0.00982681527923121
1310 0.013313749733151966
1312 0.04855602843855422
1392 0.09171694260615797
1476 0.001690923489495572
1489 0.0018188449874155454
1490 0.00931109656444435
1492 0.001804925255368998
1497 0.0017226834437330542
1504 0.001824204383326899
1507 0.0014592560108227844
1508 0.005772394989198753
1515 0.00975078519801455
1574 0.0028855714472367983
1575 0.0015564785985960185
1668 0.023252182632547094
1692 0.002531906784508609
1747 0.011205237331974052
1751 0.010110727969792751
1752 0.08558809292350171
1753 0.03829075465886993
1796 0.0033441694130537008
1840 0.03415665448781056
1873 0.011598863936141757
1949 0.055030165563694784
1974 0.007392111792138106
1991 0.0016525575244352789
2100 0.003974891573621613
2152 0.0015003680402097942
2256 0.016539793432529613
2317 0.010525601110705645
2323 0.02125527270541298
2345 0.018619228950122295
2352 0.0015976499679782358
2367 0.048084610686723595
2389 0.002974698570518806
2406 0.009004936183150056
2418 0.0017777153268960985
2419 0.0023332429800480008
2432 0.09750785198014551
2435 0.0015127412647319887
2438 0.0013320911513535585
2446 0.07077027329252993
2461 0.0015955911406999132
2550 0.013795863233238247
2599 0.008613417218665272
2601 0.0025153453025558814
2604 0.006261333629244666
2607 0.00466357335285549
2619 0.001464866873922665
2639 0.16509049669108436
2648 0.0014191160174018712
2680 0.004340411630586187
2701 0.002858103364107878
2759 0.001524850646777257
2761 0.0018619228950122297
2764 0.005779238642517239
2773 0.0023123088660616125
2787 0.0014828487726744103
2797 0.0016794557140496884
2800 0.0017426864534597223
2803 0.001681165954084362
2870 0.001440161355258078
2901 0.01439742703701317
3013 0.08119204755299231
3038 0.006329980726520675
3081 0.0017078327243905277
3117 0.0013425629983010382
3119 0.0016394289641617117
3131 0.002583387329110448
3142 0.001731718496759626
3157 0.0019070908358615828
3160 0.0017594013856953926
3164 0.0016886174226841222
3165 0.0017292998955071685
3166 0.0017873384701308302
3178 0.0014326626846203443
3185 0.0016845969050110648
3192 0.0018363792735382018
3195 0.0018710672084369213
3199 0.0015707944499627436
3203 0.0017873384701308302
3206 0.001751313614120414
3208 0.0016069808243778488
3212 0.0015257901727456964
3222 0.0016329425983292222
3223 0.002531906784508609
3237 0.0018860300459758305
3241 0.0018275700740710444
3256 0.0016698297035510892
3261 0.001365889382441404
3265 0.0017796316567490228
3278 0.0017137421801842667
3280 0.0015076757688683505
3303 0.008402480230754022
3311 0.0061750186084628235
3316 0.0015853760885827563
3319 0.0016080243184196528
3330 0.0017396258871557888
3347 0.001603339236235847
3350 0.001687466746416535
3352 0.0017931625274194534
3356 0.0016137878464426623
3357 0.0014498579920177196
3360 0.0018022979988109647
3362 0.0018874675688767266
3367 0.0016233087186930614
3381 0.0018221909127051252
3395 0.0019026949292095777
3400 0.003103506761766289
3503 0.0024392932065118392
3577 0.003875363772091182
3624 0.041972160175699415
3744 0.00950944954523966
3898 0.0025661735236956118
3980 0.07283404265783133
4147 0.007619561385742355
4167 0.0008657079008447003
4187 0.04235189530450765
4283 0.006757191998624105
4300 0.0018954132800354116
4384 0.013681532874951741
4590 0.0013606359617397061
4592 0.0009805414572822274
4631 0.005348504212454137
4685 0.025930444506453043
4691 0.013137174803004059
4806 0.013033460265085606
4958 0.0016531091123940355
4960 0.004207914104275727
4976 0.01555783909145179
5008 0.0009963216456915168
5049 0.027314903160561937
5083 0.008828368807009858
5125 0.003552880129650309
5194 0.033691938100221294
5396 0.0006979586951426903
5403 0.004458094242579752
5405 0.017751666310869284
5594 0.01876028371489595
5733 0.010766771523331588
5896 0.052133841060342426
5937 0.0070351063930859815
6001 0.03216048636839306
6056 0.005012869332725233
6073 0.003735079110658017
6281 0.05176342759439823
6403 0.010046074849356046
6443 0.002783988139815925
6639 0.04127262417277109
6807 0.013912120507675648
6957 0.003254083377616643
7011 0.017256846344015787
7183 0.0064741371251405624
7235 0.07075307001046473
7241 0.031545954781735865
7242 0.00466357335285549
7277 0.010876362218278228
7402 0.0033899485973528615
7484 0.028963245033523568
7526 0.0028912521311923703
8116 0.02381112933044486
8154 0.0035631042451313173
8171 0.005153709574123341
8289 0.012368252611050904
8346 0.013606359617397062
8351 0.006317238393791493
8353 0.0030581642289277703
8367 0.04306708609332635
8433 0.006720101629216459
8442 0.002793409419476893
8486 0.0031267139524826584
8530 0.0031911822813998265
8724 0.017256846344015787
8962 0.006821921350871255
9180 0.009579719343776655
9238 0.020808127221569515
9401 0.005074502972062019
9720 0.02107538255630864
9787 0.0014158704690487509
9973 0.020897531226719536
10146 0.0014621927236778576
10243 0.005699326698196238
10512 0.0030954468129578317
10649 0.07861452223384968
10704 0.00525765913028931
10799 0.002932335642825654
10910 0.05758970814805268
11162 0.00510063326543
11179 0.006183164670078066
11241 0.005291362073432192
11255 0.0032286277058230315
11279 0.006143351846368142
11411 0.00749276081805224
11480 0.061877673507081135
11604 0.17078327243905278
11664 0.06831581294712427
11714 0.027824241015351296
12132 0.03563104245131317
12249 0.03487827394882064
12287 0.034863231975966066
12288 0.020465764052613765
12289 0.04502468091575028
12291 0.06603619867643375
12292 0.08063149298358185
12295 0.04672372547860878
12321 0.013951309579528256
12385 0.04422066875654045
12394 0.05758970814805268
12415 0.004247611407146253
12445 0.021256287127607427
12597 0.0032215425548569013
13127 0.001033538167932498
13193 0.004556315456055686
13467 0.0123736051820797
13603 0.027064015850997436
13666 0.06500523465343035
13778 0.005383385761665794
13898 0.004023326483129594
13901 0.01244400728827269
14056 0.03829075465886993
14171 0.0027093626371622157
14231 0.021627575985731572
14232 0.014188037983016204
14233 0.02292923565153949
14362 0.007514045941122325
14517 0.005981539735184216
14568 0.010723369910859993
14588 0.0086006925849154
15030 0.016157370462991358
15170 0.014696483384962999
15247 0.0026756968669543655
15254 0.005120112489136427
15267 0.04124535060693233
15268 0.022110334378270226
15304 0.011230646033407099
15326 0.007123939926625735
15330 0.013234754355937848
15378 0.006269259368015862
15479 0.002719083112023724
15704 0.005872219408444603
15707 0.007167460058947222
15865 0.012897695053990965
15939 0.011385551495936851
16073 0.00412039509212357
16464 0.008734946914872187
16469 0.003413311440890786
16514 0.0041759822097238875
16555 0.00338069276500514
16981 0.009945210644041226
17070 0.01244400728827269
17283 0.004743979789973688
17291 0.004134152671729992
17601 0.028626891765024698
17656 0.005719070324171513
17727 0.005996022882242774
17869 0.035119027259371625
17872 0.027981440117132942
17873 0.07861452223384968
17985 0.008496124893913388
18024 0.010169845792058586
18133 0.10890487364016252
18202 0.011446947525271969
18229 0.016675807746574175
18321 0.00366186693025874
18428 0.0006086659580597923
18436 0.012976065359484328
18485 0.008366072467453599
18581 0.010339697078773549
18680 0.0059812234452871
19010 0.02181812731600234
19011 0.002214988774925103
19043 0.06320126010616309
19058 0.005752282114671929
19230 0.007453933573593346
19429 0.002990769867592108
19477 0.012538518736031724
19511 0.040596023776496154
19625 0.008921741075490942
19633 0.013207239735286747
19691 0.014566808531566265
20290 0.010025738665450467
20449 0.0036443818254102505
20578 0.004822507206166047
20708 0.019196569382684228
21040 0.02251234045787514
21069 0.016619848660176278
21078 0.01409357188284456
21178 0.015330302139474433
21497 0.00560896364748871
21551 0.008628423172007894
21905 0.03216048636839306
21936 0.005767314491260327
22105 0.08539163621952639
22116 0.002508974113846267
22339 0.0027761854824733916
22371 0.0012175036140268183
22745 0.02492524784879364
22781 0.02626363475522777
22791 0.0054009977107224985
22801 0.06269259368015861
22861 0.014355695364442119
22913 0.021256287127607427
23052 0.0034610167021191687
23254 0.03499605506042743
23535 0.0353825960771836
23908 0.0021953523496154835
23936 0.01572290444676994
24029 0.0033922634588561948
24440 0.0038010091333327174
24936 0.018480279480345262
24979 0.0012544870569231334
25064 0.10318156043192772
25322 0.01890349198752874
25341 0.018689490191443513
25389 0.00635778549516371
25473 0.0014167385150012696
25912 0.0008660106488428974
26150 0.002291862517692055
26263 0.012999251707959398
26299 0.007572958563811209
26437 0.021533543046663176
26438 0.05051611608609948
26439 0.06155539395756509
26450 0.004340679141746302
26592 0.0033760837769137905
26658 0.015971129243043915
26661 0.008598463369327309
26662 0.004426018678045157
26777 0.14435872712426315
26789 0.02891547516961704
26811 0.0188316155921389
26822 0.05564848203070259
26827 0.00040901105795131977
27361 0.002108435462210528
27405 0.013421991600901167
27420 0.008930431597755606
27461 0.009730284677274126
27564 0.005294869257741695
27914 0.012797712921789486
27916 0.012478683437935288
27924 0.039621719205860245
28126 0.019271264205184945
28386 0.0884413375130809
28477 0.006211611311327788
28807 0.00941580779606945
28923 0.005209939024033557
29275 0.025529458251198612
29315 0.07070631532616971
30341 0.006510617445879281
30618 0.0022309255491506793
30739 0.005575581961630661
30740 0.028139849900310453
30966 0.004947767133598932
31374 0.18229728848461987
31497 0.005952782332611215
31547 0.008066310913245164
31549 0.018275700740710443
31739 0.02144032424559537
31811 0.031149150319072522
32143 0.007978758582580889
32435 0.008323890589466438
32492 0.0017322196385648654
32593 0.0011734801989892814
32807 0.004568925185177611
32856 0.004903903666837728
33062 0.01623840951059846
33767 0.010025738665450467
33858 0.036417021328915666
33981 0.0185494940102342
34060 0.004882023650984945
34195 0.0998294675034823
34368 0.0034227469942864756
34403 0.005952782332611215
34492 0.005521421294016199
34493 0.011877014150437723
34506 0.021668411551143445
34948 0.0041549621650440694
34975 0.0033262020824261457
35392 0.0023295930859513316
35495 0.15822028811872668
36051 0.10352685518879647
36059 0.00526884563907716
36110 0.04306708609332635
36202 0.004932982968857102
36488 0.009487959579947376
36540 0.01061477882315508
36658 0.009561225677089828
36829 0.08912966918240522
37044 0.0476458822175711
37212 0.0025013711619861264
37412 0.008734309540291552
41878 0.01547723406478916
44574 0.011006033112738957
45450 0.049527149007325307
46207 0.001737794702011414
46579 0.007949783147243226
46749 0.007222803850381149
46983 0.0029763911663056074
47166 0.040265974802703504
47172 0.0014468930472487673
47342 0.0008057125265548286
47367 0.007949783147243226
47461 0.005191525053178754
47629 0.005484734109338351
47641 0.04855602843855422
47850 0.0015530620573008876
47886 0.010318156043192772
47889 0.03279943642869226
47965 0.01383998449127423
48831 0.013912120507675648
48913 0.00413070467116975
48928 0.00893991859338002
48938 0.0014788638103112961
49011 0.0015986813753171498
49277 0.05774349084970526
49614 0.12085846922031333
49977 0.015623706311459087
50051 0.009439804824163336
50052 0.052133841060342426
50797 0.008875833155434642
50847 0.006347975223537104
51169 0.00726204530899198
51334 0.008466179317491506
51414 0.001312325092933898
52045 0.06603619867643375
52137 0.005090148921616167
52145 0.019027043155776437
52357 0.007797320594858926
52468 0.0037182544299793775
52628 0.00539511427095047
53002 0.023472582467926686
53399 0.012506855809930634
53400 0.0024988470740325585
53653 0.039621719205860245
53683 0.004932982968857102
53843 0.017562818796923868
53951 0.02038154280136844
54188 0.012198805174218057
54397 0.00218952913383401
54415 0.015976499679782357
54438 0.032885001059970644
54514 0.013681532874951741
54528 0.011104741929893566
54909 0.024640372640460352
55201 0.010770806583364712
55839 0.0037663231184277795
55847 0.008159332620646673
55859 0.0040897728329748395
56001 0.04063034399040525
56102 0.016619848660176278
56207 0.016845969050110647
56381 0.0009001662851204163
56480 0.0018738989408749645
56507 0.001737794702011414
56513 0.003232842624499041
56560 0.0021700588715302537
56564 0.0029081780506286926
56731 0.0005655721024017963
57353 0.010957333851178166
57657 0.000653220113523151
57710 0.008337903873287087
57870 0.008186305621045505
58030 0.005090148921616167
58517 0.06988062725243761
59016 0.0067845409599075765
59115 0.0065860570488464505
59819 0.01897591915989475
60413 0.0007198713518506585
60762 0.0011634284474354077
61163 0.014191160174018712
61756 0.039941249199455894
62020 0.009673271290493224
62111 0.013976125450487523
62117 0.020051477330900933
62144 0.003930726111692485
62276 0.009087550276573451
62360 0.11033783250384888
62667 0.027212719234794125
62883 0.003959004716812574
63382 0.000857464491124053
63493 0.014150614002092944
63687 0.0023528336820582093
64047 0.010696014375373104
64053 0.007304889234118777
64546 0.03095446812957832
64717 0.019346542580986448
64730 0.006465685248998082
64788 0.004251257425521486
64841 0.04903678119537159
65156 0.008466179317491506
65162 0.03134629684007931
65224 0.03134629684007931
65366 0.001739015063459456
65782 0.009885658484496069
65825 0.040596023776496154
65925 0.03134629684007931
66106 0.004794201269809477
66118 0.026627499466303932
66174 0.0007336268553892061
66210 0.013873150982444063
66280 0.014609778468237553
66428 0.0006875589305382646
66659 0.02983563193212368
67220 0.004992656149931987
67485 0.009362410020288339
67512 0.00745890798303092
67550 0.0028861974945993767
67626 0.0025001084809351494
67908 0.0017807762306843308
67925 0.008282131941024298
67927 0.011571763786758248
67966 0.005074502972062019
67972 0.0025411569526590716
68037 0.008351964419447775
68117 0.006160093160115088
68246 0.016003197080710903
68282 0.014962884896472902
68283 0.025930444506453043
68584 0.015623706311459087
68680 0.016188562297861996
69190 0.007728732968011534
69199 0.0005358341340184497
69289 0.0014841818701625804
69391 0.010404863236833047
69633 0.004012284818321777
70011 0.005319779700034942
70055 0.005121732058668595
70075 0.0036045959976219294
70108 0.00945174599376437
70190 0.008762461097484341
70312 0.029306005329778288
70616 0.00248132009054736
70686 0.02913361706313253
70716 0.005413605726463857
70735 0.01876028371489595
70874 0.05159078021596386
71221 0.0003006017783887188
71408 0.0031748172440593143
71773 0.08254524834554218
71797 0.023038276101076994
71886 0.012864194547357223
72062 0.0023600881818680625
72425 0.004261013856855953
72761 0.0004686077113002678
72803 0.01491781596606184
73078 0.0021196977958771925
73185 0.023926158940736863
73368 0.013137174803004059
73424 0.0034682877456110157
73479 0.0015385880399914665
73585 0.013087402344775297
73614 0.006202422537198606
73656 0.003890585153756898
73684 0.03474140331034612
73720 0.015673148420039654
73770 0.019036315664738
73834 0.01010758143006639
73867 0.0034465656929245168
74022 0.008920931138609057
74218 0.03095446812957832
74470 0.027050565388040366
74481 0.009104255332228917
74837 0.0031069563802491713
75137 0.0029961977620886456
75139 0.0055586025821913925
75151 0.030384753992224116
75695 0.0013367651553933956
75708 0.0047483469826647235
75742 0.003623054060521237
75821 0.0071364768022082565
75838 0.0016926571772838451
75865 0.012897695053990965
76115 0.0010859460334489142
76182 0.0008107243248866476
76289 0.011963079470368431
76696 0.005218877661467366
76908 0.014439402042951984
77007 0.0054908147458232045
77223 0.009087550276573451
77256 0.014314204915411938
77348 0.005673212944710803
77518 0.0018724820040576676
77539 0.015623706311459087
78058 0.00044434481084636043
78295 0.00594563613533317
78334 0.0025450744608080836
78405 0.012861465138485451
78698 0.012999251707959398
79029 0.010813787992865786
79254 0.0021943796635943867
79385 0.007848993503538083
79470 0.09004936183150056
79596 0.046656325023280716
79889 0.016454202328015054
79900 0.012822133440814242
79918 0.00022733475170901178
80064 0.007055149431242922
80140 0.038693085161972895
80221 0.00042432444317448004
80288 0.012475352394792269
80351 0.013532007925498718
80414 0.021627575985731572
80456 0.0025372514860310096
80547 0.005314071781901857
80834 0.001143285988165404
80885 0.10318156043192772
81149 0.052688456390771604
81290 0.010232882026306882
81332 0.0010761903580970885
81876 0.004703432954161948
81909 0.00041657960305597867
82104 0.0060769507984448235
82170 0.050213624373009066
82405 0.00574560893356442
82416 0.003045950123451741
82453 0.004874719390484774
82485 0.014962884896472902
82493 0.0005262687175361312
82536 0.013137174803004059
82613 0.013242553210514787
82662 0.0026785910766536133
82759 0.040596023776496154
82858 0.004654807237530574
83065 0.010628143563803713
83149 0.0368575473508757
83183 0.0010675589141047122
83201 0.060328599066852624
83369 0.038393138765368456
83392 0.01149121786712884
83503 0.0011464617825769747
83512 0.02035358075313717
83923 0.0042732656606838055
84055 0.026705972198383804
84067 0.030510485173721315
84099 0.01047085602691867
84226 0.007572958563811209
84327 0.002003837850093675
84378 0.01731718496759626
84447 0.009255712218865909
84702 0.0009507568333664982
85401 0.016509049669108437
85414 0.004725872996882185
85507 0.019346542580986448
86007 0.029181816394697527
86149 0.011587322578536173
86251 0.14566808531566267
86305 0.009730284677274126
86309 0.1050715612312907
86354 0.000857317595314678
86374 0.0012433566603440953
86375 0.0011482720596578194
86379 0.0013674533945030958
86380 0.0014526022290040192
86384 0.001553766031182604
86391 0.0003816827142981297
86398 0.0021748960772017046
86409 0.013990720058566471
86410 0.003428321860299474
86548 0.001808220117098405
86562 0.0015267308571925188
86563 0.0009928575977140083
86574 0.0009471629184801168
86577 0.0019254864190049686
86583 0.0013127231168272567
86584 0.0005504239720751868
86641 0.04130874517385475
86669 0.023926158940736863
86673 0.008704244113765431
86710 0.0037182544299793775
87156 0.13604002138367113
87256 0.06692857973962879
88189 0.0038482633261325023
88265 0.008466179317491506
88448 0.04762225866088972
88642 0.004265904307263162
88879 0.0027034469982164465
89336 0.055030165563694784
89397 0.011079899106784185
89404 0.033746195951126455
89417 0.0080531949605407
89447 0.00996522112823447
89488 0.00811920475529923
89731 0.02846387873984213
89787 0.11006033112738957
89838 0.022012066225477914
89983 0.006360972064227017
90056 0.01077692028254632
90234 0.09196069152304437
90553 0.005247606552122975
90842 0.0033489118491583526
90961 0.016251308663357587
91084 0.02381112933044486
91158 0.006198641928326071
91221 0.003120803340096113
91248 0.0071262084902626345
91302 0.002570168604427883
91443 0.033101364181359706
91737 0.00618869023637824
91940 0.023423673939364564
92070 0.004860367910434279
92203 0.026485106421029574
92681 0.015623706311459087
92699 0.04585847130307898
93029 0.0999406572398745
93285 0.01957594822423925
93635 0.07619561385742356
93643 0.002144032424559537
93907 0.0024166211153580732
94130 0.011736291233963343
94474 0.22728145461254803
94488 0.06602893913616154
94515 0.007619561385742355
95151 0.12381787251831328
95209 0.015673148420039654
95215 0.0044063299828581235
95370 0.0012644153435620452
95670 0.004478042405725615
95985 0.007988249839891179
96094 0.050027423239722535
96410 0.01707832724390528
96594 0.006884790862309125
96613 0.013458464404164485
96656 0.02335842693674795
96696 0.014962884896472902
96852 0.09344745095721756
97472 0.0003741569011658632
97649 0.02526895357516597
98103 0.006658442250446476
98134 0.005207902103819695
98165 0.010404863236833047
98199 0.0004525920589173472
98211 0.061659376987444954
98475 0.002941042102572762
98508 0.004211492262527662
99350 0.022615136533025253
99486 0.015429018382344332
100667 0.00749276081805224
100680 0.008172796865895265
100968 0.003240854956508189
101170 0.04903678119537159
101174 0.04278405750149242
101206 0.013912120507675648
101412 0.02108281613173823
102304 0.02271887569143363
102718 0.011333443708770093
103046 0.005875106643810832
103192 0.005813045658136774
103271 0.006175454988444551
103342 0.017688267502616182
103395 0.012311078791513018
103453 0.08688973510057071
103469 0.009067244907713965
103520 0.005319779700034942
103578 0.0014886428917140157
103764 0.0054605456457911036
103881 0.01634559373179053
104124 0.004321740751075507
104125 0.02336186273930439
104221 0.00404964423608547
104229 0.03327648916782744
104532 0.056279699800620905
104596 0.14213008932699175
104604 0.013164325385074591
105075 0.016804960461508044
105295 0.016564263882048597
105379 0.0016597570042669338
106149 0.0013692880566028563
107264 0.011359437845716814
107882 0.009730284677274126
107986 0.004490222031489148
108022 0.009164672426549196
108274 0.014231939369921065
109007 0.008988593286265936
109327 0.017500759366546045
109408 0.012506855809930634
109478 0.008633042834077792
109681 0.06039896220405525
109735 0.010957333851178166
109831 0.020132987401351752
110185 0.036417021328915666
110200 0.020051477330900933
111537 0.16645965689933095
111679 0.005924300120493458
111909 0.0018033710258693579
111969 0.0375205674297919
112072 0.0007912507331848004
112120 0.005974324367590507
112175 0.05159078021596386
112253 0.012198805174218057
112284 0.03780698397505748
112456 0.009638707207232776
112542 0.0032286277058230315
112666 0.008704244113765431
112692 0.007623341154811376
112741 0.0021030636521157243
112760 0.0017707239544985807
112888 0.018619228950122295
112950 0.0032319118012894736
112955 0.008901990732794601
112992 0.0055586025821913925
113090 0.03588923841110529
113672 0.008351964419447775
113881 0.007015176913218882
114244 0.01241281930008153
114321 0.06603619867643375
114509 0.004694418626591197
114513 0.008477837155747918
114525 0.014280444233645035
114580 0.002915076457170412
115058 0.0031227710597304735
115300 0.0071856686120758476
115301 0.0184943564999056
115502 0.048084610686723595
115638 0.014231939369921065
115880 0.005824452331914348
116121 0.022309526579876265
116619 0.009292148031393116
117481 0.005121732058668595
117675 0.009749438780969549
117683 0.0027034469982164465
118162 0.010091065307211208
118213 0.020756621956169587
118244 0.005577381644969066
118246 0.006919575901552985
118252 0.004726987187312579
118253 0.006440610806676278
118590 0.03770224239324134
118638 0.13757541390923694
118686 0.019196569382684228
118747 0.004855602843855422
118834 0.025140684775292032
118839 0.008092671406425703
119318 0.00901685512934679
119478 0.00398448503679206
119782 0.003341912888483489
120005 0.005546153304291748
120026 0.03392270479953788
120031 0.0032583650662714016
120350 0.0008487943274605879
120843 0.048084610686723595
121050 0.0035644130154139047
121136 0.0063915207852839285
121299 0.020132987401351752
121348 0.0018262223085296942
121349 0.012602327991685829
121492 0.06269259368015861
121557 0.0015506308393026082
121626 0.028522705000994946
121646 0.013990720058566471
121772 0.005819876499098156
121919 0.014653002664889144
121920 0.007824194155975562
121924 0.00510063326543
121928 0.018275700740710443
121937 0.02286873525304928
121940 0.002043080510303078
121962 0.02887174542485263
121975 0.02427801421927711
121979 0.010938915128565608
122013 0.05138537234718477
122039 0.021725433161493564
122064 0.007219701021475992
122066 0.032494995749321694
122087 0.010232882026306882
122131 0.01882939919012128
122170 0.008145912665678504
122534 0.04672372547860878
122621 0.0007074296387276862
122629 0.023035883259221072
123055 0.003193239781258885
123132 0.0025051668693639507
123193 0.020663674657946215
123683 0.04628705514703299
124410 0.02335842693674795
124471 0.10107581430066388
125087 0.005291537972639467
125120 0.03563104245131317
125809 0.023472582467926686
126110 0.07355855500256592
126872 0.010318156043192772
127061 0.014481622516761784
127089 0.005105023748991624
127102 0.00905642577766475
127239 0.005023037424678023
127327 0.0009128607327438805
127339 0.0241595848816221
128455 0.01876028371489595
128531 0.02322901736923134
128613 0.025762831096980538
128623 0.005882084205145524
128683 0.0023056572093188106
128697 0.008436293028463293
129084 0.020051477330900933
129246 0.0032223258950764676
129591 0.030199481102027626
129693 0.007836574210019827
129908 0.03723845790024459
129974 0.007937043110148286
130575 0.0016055284836861028
130607 0.11033783250384888
130618 0.008771163167043837
130629 0.05628085114468785
130713 0.050027423239722535
130817 0.020986080087849707
131005 0.06655297833565488
131069 0.039621719205860245
