1 0.002147023118938844
14 0.01050690162686597
36 0.01155391804772499
44 0.008118969438941885
60 0.0009844358209913793
75 0.002742999318503738
84 0.004089629407981865
139 0.0016243395881110358
145 0.07584711320790313
149 0.0008288995604652409
164 0.00263024799880783
171 0.011936660642907704
230 0.012399326685363404
264 0.004375883441962802
289 0.011413122895411751
300 0.011973276166352206
310 0.004915979886940578
333 0.012544392383542938
339 0.0037352038566802097
345 0.001965401827910785
354 0.006574228111118409
357 0.003235184923559849
404 0.010711249794649423
415 0.021684933501282328
416 0.0009104940588362069
426 0.0036815677422263092
441 0.034239368686235255
463 0.04108724242348231
526 0.0006958973132877196
534 0.0014553646645155923
550 0.0018205634469360163
595 0.012797665672887931
620 0.0032258578762238174
631 0.06398832836443966
632 0.014193774655384796
703 0.022190387296807234
713 0.060050585080474145
735 0.008661652848360018
741 0.06970157196840748
744 0.002220300358493071
745 0.11201425632709651
748 0.004641040114676049
768 0.003497569919561666
778 0.0008693291826794697
783 0.01145379744072564
810 0.002149387681845165
829 0.0019273377437441512
842 0.0005532654897563174
873 0.0016029930308956136
881 0.0046192757754210875
934 0.009205867995827403
935 0.022432689828912753
936 0.0012134789888108475
941 0.03424270012071862
953 0.014955126552608502
959 0.08485408761371345
965 0.005287259252557696
974 0.051359053029352876
1013 0.043369867002564656
1032 0.0013104099910476322
1033 0.0012701880996520724
1034 0.0016462623493170895
1035 0.0027331849145155887
1037 0.00541775945172049
1039 0.0011735682592395728
1040 0.0014888130487268967
1042 0.0010750500956379107
1043 0.001121663462881652
1074 0.001217546264424962
1080 0.013954835138762415
1137 0.006776541719150727
1152 0.003622686608883448
1160 0.0015099760271685954
1194 0.015924918369394445
1241 0.007161996385744622
1271 0.002714386669145215
1294 0.03004018692408497
1308 0.004242704380685673
1330 0.004120225139213649
1374 0.002271995361019103
1378 0.009035388958867636
1448 0.0023713779041499507
1457 0.0012442741569113226
1459 0.014841399354489805
1524 0.012274490661103206
1530 0.009382903918824084
1557 0.004024008278588473
1572 0.001149716651025278
1579 0.0029750670962125146
1590 0.0009464810936544179
1591 0.1219777509447131
1644 0.001221304139621658
1730 0.007593945584106652
1733 0.004032322345279771
1746 0.017987502443459997
1840 0.026919227794695303
1845 0.02309611739055447
1856 0.01456450757548813
1863 0.003063805361248681
1864 0.01525374024039904
1899 0.008559842171558814
1953 0.01533373810510138
1966 0.008158852815192767
1991 0.0013023984084854251
2015 0.0037352038566802097
2030 0.00890477458543649
2045 0.0014367045920214553
2046 0.009614009926676895
2057 0.008430427711081684
2069 0.0023014669989568507
2098 0.0010566562074257766
2099 0.0029525628065286075
2101 0.00367195487321808
2102 0.0036927985148825157
2111 0.021263857555813195
2122 0.06113050915263834
2176 0.0013676552313352554
2186 0.07965893939246568
2201 0.03243754066635198
2202 0.013940314393681496
2203 0.04197083903473999
2216 0.015997082091109914
2230 0.0012474554267276508
2262 0.005072128932788569
2273 0.001864034398391031
2290 0.017904990964361555
2292 0.0029728012416076308
2296 0.0017548701867495205
2301 0.0068485400241437245
2320 0.003115154054453966
2371 0.003095390983529595
2374 0.019813644823506695
2383 0.0012167356702714523
2385 0.002024767501010629
2416 0.002250201267721721
2435 0.0011922077062403234
2458 0.001370055468666486
2461 0.0012575025870588978
2491 0.01239139057216133
2511 0.013459613897347652
2530 0.0011460035320701172
2535 0.010490224005236023
2543 0.005896205483732355
2567 0.016646954970525676
2587 0.004657861611253961
2604 0.004934624564135044
2607 0.006223014240394251
2622 0.003915033129619678
2623 0.0013496846577561615
2638 0.0012967734319703718
2639 0.13010960100769398
2648 0.0011184206390346186
2653 0.0011947621763791917
2665 0.030911276326239766
2666 0.025815785637885523
2680 0.00202033541937413
2704 0.004691451959412042
2724 0.006326236677845736
2759 0.002034741725153539
2766 0.008635592987236325
2772 0.009405513325857396
2782 0.0022893184928039993
2787 0.0011686491108475507
2789 0.002323783798628233
2792 0.0013390353448476222
2793 0.0014542801901009012
2794 0.0012259070446704835
2798 0.0011922077062403234
2800 0.0013734299895252705
2803 0.0013249450204449488
2804 0.0014440577248356712
2807 0.0013763356947217274
2808 0.0011340174405086632
2817 0.007323242082984651
2826 0.0013290051175453928
2827 0.0012371752869194356
2848 0.0020414686350579596
2855 0.002187941720981401
2887 0.024235172267614017
2911 0.00680622154819639
2917 0.004652309928761405
2929 0.0028491153505334444
2934 0.005673383764870377
2937 0.005782648933675287
2958 0.0027980559356493326
2983 0.0017472193510433389
3011 0.001105747317345841
3026 0.0011676003680020398
3038 0.0023771547078141404
3048 0.03831716735940644
3073 0.003385332203149019
3099 0.018411735991654805
3116 0.0012860916079837953
3118 0.0019056635303629453
3122 0.0013218042770845985
3123 0.0021934421252235957
3131 0.0020359954169127214
3133 0.0012470568786679933
3137 0.00538384555893906
3140 0.0012954822536444803
3151 0.002152015995864114
3165 0.00136287989882361
3175 0.0013244954293284083
3177 0.0013294577759641753
3178 0.0011290969135755913
3180 0.0011637710286913593
3195 0.0014746082471593573
3197 0.001318678388591493
3198 0.0013821841466823013
3199 0.0020960485643192815
3200 0.0011943965820779738
3216 0.0012010117016094828
3217 0.0011760433956706294
3221 0.0022184763757296727
3225 0.001385618754075548
3228 0.0011940312114502353
3232 0.0013146810475684807
3233 0.0015053174046397296
3237 0.0014864006208038154
3251 0.002180416074991321
3257 0.0011416461041915235
3260 0.0018171133140771774
3264 0.002166122950933692
3266 0.0020704389484018466
3268 0.0013562501842358649
3273 0.0011524322498467137
3275 0.00332204428220304
3279 0.0014376751492562868
3281 0.0022319625543055365
3283 0.001345961389734765
3285 0.002823677430697531
3286 0.0012278351778014529
3295 0.0074919156050495565
3299 0.04465433191418036
3316 0.001249451994312042
3326 0.0013945294856130114
3329 0.0012091970353874904
3331 0.001084547938380333
3336 0.0012534643642359727
3337 0.0013496846577561615
3341 0.001265247335569147
3342 0.0013326350393413518
3345 0.0026530875645518646
3346 0.0012793471092201964
3348 0.0011900268384850059
3351 0.002440487859416061
3356 0.0021534184174971304
3362 0.0025186132329644414
3374 0.002213275660850199
3385 0.0013080723961899528
3386 0.001325394916886526
3390 0.001368614316350217
3393 0.0018131251367074607
3397 0.0013945294856130114
3400 0.0024459071514799017
3403 0.0015644441002929134
3413 0.0156979599128235
3424 0.002682159546793301
3434 0.011120478718606323
3503 0.000916049760673743
3508 0.0015526205370846537
3525 0.04385716887899797
3577 0.005171237185679729
3624 0.03307871212060016
3631 0.007853698249961407
3660 0.003152898247359305
3714 0.011864097356324679
3733 0.025511686472096857
3776 0.010218031492750836
3814 0.04095744113226769
3815 0.006036468847791849
3931 0.01069393980885156
3970 0.010086015581991781
3990 0.007032951405821296
3996 0.00598626913342273
4031 0.013940314393681496
4075 0.008871109159615498
4078 0.006346809805253364
4119 0.0029198727950992378
4126 0.012199906064466116
4152 0.009892559657167536
4153 0.016393495347004995
4154 0.0038535516753928248
4187 0.033377985471205525
4256 0.0024830076528185876
4261 0.002516626711947659
4262 0.004731258218461599
4309 0.007427746584024377
4363 0.020376836384212782
4383 0.02768289383142425
4384 0.028136430301752818
4393 0.004356348248025468
4474 0.002035082393238175
4475 0.009014522009770945
4501 0.005576125757472599
4595 0.07096887327692399
4605 0.00454528275330034
4619 0.030025292540237072
4657 0.020210523312840047
4671 0.0012619747915392238
4713 0.036479327385334756
4735 0.002832574767946893
4738 0.011616928661401247
4739 0.00213601846260462
4802 0.01876580783764817
4822 0.028246511125701857
4846 0.0015739064638027496
4910 0.008048016557176947
4925 0.008418905889552476
4962 0.006118006316976205
4993 0.012355185861920873
5025 0.004543990722038206
5091 0.014653825092045684
5166 0.003173404902626682
5171 0.0007929023543249783
5208 0.016400369874919406
5214 0.00386847178417326
5217 0.02245808512596236
5232 0.005281851191110716
5266 0.004702756662928698
5326 0.004405516964143136
5328 0.2439555018894262
5346 0.007477563276304251
5396 0.0005500687753989316
5647 0.11801502005890525
5648 0.0260875421224635
5651 0.06813238271441953
5659 0.015573171533181631
5692 0.03903288030230819
5709 0.06847873737247051
5745 0.0033585437582835335
5751 0.010218031492750836
5858 0.015012646270118536
5859 0.005672824998539652
5919 0.03224995364745487
5921 0.004997807977248168
5994 0.012161876472680147
6009 0.03580998192872311
6056 0.003950696386873299
6071 0.0054975887749729845
6073 0.007681287910433274
6082 0.01835789200916304
6127 0.025224584440071352
6139 0.003567904963647915
6143 0.04385716887899797
6281 0.02409437055698036
6546 0.0018994102336889632
6569 0.0025679526514676442
6588 0.015623737880138756
6600 0.010578016342088941
6637 0.001266068125277593
6683 0.06468329316921229
6701 0.02323462967915013
6718 0.0020608701321176448
6891 0.002239407934727951
6920 0.023372982216951013
6973 0.020210523312840047
7000 0.011201425632709651
7004 0.004978683712029105
7039 0.00410872424234823
7046 0.012449070252968902
7133 0.010995177549945969
7151 0.018775116827553107
7153 0.005932048678162339
7233 0.005115711704103302
7253 0.0074919156050495565
7271 0.00993005779996436
7375 0.007188375746281435
7377 0.06729806948673826
7385 0.020224290312076783
7399 0.014510364424649884
7408 0.015247218868089137
7413 0.022304503029890396
7499 0.04465433191418036
7526 0.002278626987875551
7544 0.0035420036571967503
7558 0.06295625855210998
7564 0.07506323135059267
7876 0.0030234609064529972
7890 0.0018481477415865622
7910 0.0007331495173235949
7943 0.002160092988506264
7981 0.00689626860464809
8009 0.021527169782731906
8139 0.02161112347184819
8154 0.0028081208850581434
8218 0.014193774655384796
8230 0.007760015964673596
8284 0.02512867347261861
8315 0.007976132645037524
8341 0.012924794802088805
8375 0.03826752970814529
8552 0.03712832091740839
8553 0.016116119888029305
8556 0.08705041323707075
8557 0.05069205234065999
8558 0.022960517824887172
8560 0.021098854217463887
8561 0.15369397961159753
8562 0.1697081752274269
8563 0.0688420950343614
8564 0.08191488226453537
8683 0.03199416418221983
8701 0.0076236094340445685
8746 0.01179241096746471
8842 0.008560675030179654
8906 0.007350824915688925
8909 0.0052113324836192505
8911 0.025511686472096857
8918 0.008394167806947997
8921 0.04879110037788524
8949 0.0010212684537495601
8954 0.007884011767520249
8987 0.027602676881394363
9118 0.14550553956049314
9159 0.005950134192425029
9175 0.007096887327692398
9187 0.026919227794695303
9189 0.02890461888467218
9236 0.007991343559006884
9320 0.0017183674267547307
9339 0.0007304201064653729
9371 0.0017202679727769145
9425 0.003324776857096098
9492 0.014001782040887064
9506 0.0013905550517388026
9528 0.005147072525933562
9532 0.06956674866630204
9572 0.02065231762026888
9607 0.005436334303942645
9614 0.01249308340888222
9705 0.006491985386344493
9725 0.0546185216801545
9729 0.020126506698903042
9740 0.03706555758576262
9936 0.016469569747809363
9937 0.011480258912443586
9941 0.015802785547493196
9988 0.08856858929769149
10007 0.01116358297854509
10008 0.01810641403643478
10010 0.0010626975306917558
10017 0.029949820631403758
10021 0.013321802150958427
10062 0.0076535059416290565
10146 0.0011523698558498158
10163 0.051359053029352876
10185 0.010995177549945969
10195 0.02180607838117776
10215 0.0008276692176061957
10294 0.003548443663846199
10430 0.010060020696471182
10439 0.0035838377131075677
10473 0.003162124939377366
10500 0.011379848484637956
10512 0.002439555018894262
10534 0.006172962284384558
10545 0.005799833625900176
10560 0.020543621211741154
10627 0.031226304241846553
10663 0.004891338383747893
10704 0.0086958473741545
10706 0.01105747317345841
10723 0.016688992735602762
10744 0.01197253826684546
10745 0.017692199193204184
10810 0.01512902337298767
11156 0.034526738200794986
11161 0.009881741848685618
11167 0.0027255519853450682
11171 0.011152251514945198
11176 0.07096887327692399
11263 0.0076739727602263465
11279 0.0028595516704987686
11287 0.017245238371481134
11323 0.04687121364041627
11334 0.0027657465277973123
11344 0.004053258598370528
11372 0.0048308020176124
11386 0.005225285181031886
11412 0.01675230914262154
11417 0.04152434074713637
11421 0.008616529868059204
11472 0.060050585080474145
11511 0.03580998192872311
11585 0.002868420626431725
11597 0.03485078598420374
11642 0.0457375189307046
11643 0.04435554579807749
11680 0.025511686472096857
11737 0.0035512311248246608
11755 0.01795880740026819
11910 0.049408709243428085
11961 0.03284128532283225
12048 0.015405224063633321
12084 0.0011333588937952437
12091 0.003940496643276155
12096 0.007714007964883041
12106 0.01122121674856649
12141 0.06205672898828438
12143 0.0017402086626084792
12151 0.030679731185219244
12159 0.04370889930703434
12160 0.006451715752447635
12213 0.01732439001513738
12220 0.030494437736178274
12257 0.0009338478342940079
12296 0.02424402503248956
12302 0.004351491672498126
12348 0.002604958508755632
12429 0.014785181932692498
12445 0.01675230914262154
12479 0.019826832829393477
12507 0.08673973400512931
12537 0.03548443663846199
12705 0.0049283939775641656
12719 0.014350323640554481
12807 0.06399600176916827
12848 0.005142671976588695
12861 0.012673013085164997
12873 0.009983143690783526
12908 0.0369209001301603
12959 0.0010178065267876972
12960 0.023188916222100682
12969 0.005584103047540514
12972 0.020980448010472046
12975 0.03073879592231951
12976 0.033718577159687214
13018 0.005648752576310881
13029 0.010933579916612939
13030 0.031173778883484406
13064 0.0100756312748506
13089 0.002546176144964657
13130 0.002826421455634192
13181 0.007032951405821296
13189 0.005004215423372845
13232 0.031173778883484406
13279 0.008252194567084184
13285 0.013297467048890732
13298 0.005339655308113296
13350 0.06501181132105982
13359 0.007084007314393501
13378 0.028044243646463494
13435 0.0008143726330546253
13470 0.017119684343117628
13485 0.04818874111396072
13635 0.009184207129954868
13746 0.0013441074484265905
13842 0.02217731920570032
13881 0.04347921791643878
13882 0.02424402503248956
13883 0.026049585087556316
13884 0.013142383940171108
13885 0.03320427433545427
13886 0.06294134403141614
13887 0.04289327505748153
13888 0.02424402503248956
13889 0.0905320701821739
13891 0.0546185216801545
13939 0.02411985811422881
13947 0.013321802150958427
14049 0.01445662233418822
14069 0.013990279678246663
14148 0.020028088573236034
14219 0.004061694100136129
14264 0.006255269279216056
14352 0.007032951405821296
14365 0.011120478718606323
14381 0.006505480050384699
14382 0.04435463841140064
14383 0.01495212923823234
14384 0.010492709758684998
14385 0.012758380546908676
14387 0.008503895490698953
14442 0.019669170009817542
14474 0.005452839210642487
14550 0.007188375746281435
14588 0.004003372338698276
14589 0.04385716887899797
14623 0.06195695286080665
14624 0.02924265983760484
14713 0.03864819370350114
14722 0.015262912524939247
14772 0.011101780949185423
14858 0.005062630389404434
14963 0.018856463914158544
14975 0.0004347635762975261
14999 0.0049471331181632685
15012 0.0008608928165484824
15030 0.007520786185415836
15069 0.007756855778519593
15073 0.011900268384850058
15169 0.017987502443459997
15171 0.015307011883258113
15192 0.04006528161304213
15228 0.013064574523849343
15245 0.018948000146751548
15284 0.04116325741936452
15290 0.014841399354489805
15292 0.02812272818424976
15311 0.017904990964361555
15318 0.009782676767495786
15505 0.01087266860788529
15652 0.004742755808299901
15685 0.022555771751872674
15688 0.053469699044257794
15704 0.0037338085442365503
15759 0.004100092468729851
15784 0.03864893865712269
15802 0.015772890509066096
15939 0.008973075931565102
16006 0.0034977071785079117
16007 0.011070085633666155
16073 0.0032473278121720626
16159 0.021928584439498983
16186 0.0034359929843581155
16253 0.033044205616493474
16279 0.08808051856401654
16328 0.016400369874919406
16412 0.0036982882614989897
16413 0.006538170904909245
16423 0.010112145156038392
16451 0.01021459215347557
16530 0.008503895490698953
16542 0.0014110580542897393
16783 0.008911616507376298
16787 0.00689626860464809
16798 0.038875536019404085
16826 0.0028785309957454416
16980 0.00118821553431684
17040 0.07506323135059267
17078 0.007350824915688925
17166 0.01835789200916304
17174 0.16263700125961744
17175 0.13883878349921253
17176 0.057401294562217924
17254 0.005941077671584199
17311 0.00808134167749652
17368 0.003364903474336913
17390 0.022826245790823502
17528 0.1726336910039749
17602 0.006127610722497362
17620 0.0012077005044031
17704 0.053469160266704674
17727 0.00472553030294288
17785 0.032527400251923494
18077 0.0022734231590294785
18295 0.027880628787362992
18347 0.016970817522742692
18348 0.014619056292999323
18364 0.008234784873904681
18365 0.015874977183049494
18375 0.0017888579423605954
18391 0.007608748596941167
18399 0.006593391942957465
18581 0.00814882678545056
18604 0.0012710153143050535
18644 0.009103086946692417
18715 0.023513783314643488
18743 0.026121901673117367
18843 0.05274713554365972
18904 0.017823233014752596
18930 0.002467312282067522
18932 0.03553140388870266
18964 0.002058829010373425
18965 0.005648752576310881
18988 0.003497569919561666
19000 0.007201638432160182
19011 0.0029556534540691837
19124 0.012352177310857021
19233 0.004148021286111391
19258 0.01414234793561891
19309 0.003796972792053326
19313 0.016263700125961747
19376 0.00945106060588576
19464 0.002780119679651581
19518 0.004327370321763658
19547 0.010022647112312596
19620 0.011548189438552719
19633 0.010408768080615517
19655 0.007295865477066951
19689 0.06505480050384699
19710 0.012028617072618998
19771 0.005398738631024646
19877 0.005459144098224922
20023 0.0022759696969275912
20087 0.0008714641728579637
20129 0.024032149539267977
20136 0.0034420529367114806
20238 0.0024364096825442243
20264 0.03820139377629303
20271 0.0030315784969260065
20314 0.00800731986945605
20330 0.0014955126552608502
20469 0.026552979797488566
20473 0.014245576752667223
20478 0.002549502305833324
20482 0.017616103712803307
20549 0.014245576752667223
20569 0.02065231762026888
20571 0.04969053476164432
20615 0.0016970143415068444
20704 0.03173404902626682
20708 0.02561566326859959
20778 0.013695747474494101
20956 0.3147067201570807
20959 0.018154828047585204
20990 0.023946552332704412
20992 0.012714293258080845
21068 0.012907892818942761
21069 0.0312563564307603
21212 0.005878445828660872
21248 0.004179109240075823
21289 0.07183522960107276
21354 0.007071173967809455
21570 0.0011788010111459977
21571 0.0009514599947161956
21572 0.0013284102760399387
21576 0.0018353486140623783
21578 0.001565334231003954
21579 0.0023384208468322978
21587 0.001412082883067506
21588 0.002935270250499862
21589 0.0026267254067164924
21590 0.003129535129098625
21591 0.0033019828028438515
21592 0.0021121256386381253
21593 0.003380721513187593
21596 0.0025947550542986626
21597 0.004350870469557677
21598 0.004497334428197034
21599 0.002528036289009598
21600 0.004133108895121134
21603 0.0025166950202965325
21604 0.0022852974415871305
21605 0.005186188316462455
21620 0.00338204734276213
21624 0.0018231345109349323
21626 0.00101860334818132
21641 0.011413122895411751
22106 0.002249733735003354
22134 0.007593945584106652
22169 0.07965893939246568
22303 0.0007185729068907988
22323 0.011313878348495128
22445 0.02180607838117776
22560 0.02409437055698036
22585 0.0013271975621322065
22594 0.008427457023100347
22699 0.013321802150958427
22876 0.005968330321453852
22890 0.01512902337298767
22903 0.007161996385744622
22916 0.023372982216951013
23038 0.0032966959714787326
23141 0.00028997013819410293
23198 0.03427400931570518
23260 0.00766854229907823
23262 0.009427733414120818
23273 0.033210256900998464
23292 0.004538707011896301
23310 0.03682347198330961
23364 0.00846700223477401
23379 0.002573031002129742
23413 0.011900268384850058
23527 0.005513118686766694
23558 0.0021282922738445034
23596 0.009555923545072198
23675 0.010635662207713403
23700 0.00526049599761566
23773 0.0036427040345586898
23972 0.02561566326859959
24137 0.008830968394187374
24146 0.014955126552608502
24269 0.03147067201570807
24315 0.006604548274502232
24354 0.004876646186579355
24361 0.01704492589620445
24362 0.03910556877691535
24363 0.039573898941908346
24364 0.05611080853232873
24405 0.007917419939616265
24619 0.0054754276083667725
24654 0.06008037384816994
24655 0.022960517824887172
24702 0.00995736742405821
24729 0.06195695286080665
24811 0.022633017545543473
24816 0.024715851075237417
24859 0.0017888579423605954
24866 0.006032902674236196
24889 0.001239139057216133
24909 0.00168100259699863
24919 0.0024128664196052187
24946 0.009831959773881157
24979 0.0016739719157291525
25297 0.005878445828660872
25376 0.036085851217857
25468 0.05006697820680829
25506 0.005137558861757622
25517 0.008582910549738565
25712 0.0277677566998425
25727 0.005257694625451565
25738 0.01204718527849018
25754 0.009916108355617227
25849 0.007058387034775441
25914 0.032527400251923494
25959 0.047601073539400234
25962 0.05497588774972985
26030 0.014245576752667223
26139 0.037338085442365505
26176 0.0023656291092307995
26212 0.030025292540237072
26233 0.004501935370094479
26249 0.08787164355062801
26254 0.02600725851914418
26255 0.07096887327692399
26279 0.07653505941629057
26302 0.06479256003234013
26349 0.03682347198330961
26350 0.07228311167094109
26392 0.002179390301636415
26592 0.004505004174027739
26596 0.03478337433315102
26631 0.03631231386427854
26635 0.04654113467111756
26660 0.04435463841140064
26687 0.025917024012936055
26715 0.006403915817149898
26724 0.03570897745790137
26756 0.02637356777182986
26822 0.04385716887899797
26837 0.003176226532165001
26862 0.0045072610048854725
26972 0.0063365065425824985
27000 0.0034788663371041165
27002 0.003406010497583612
27008 0.00844041011915542
27009 0.010763584891365953
27026 0.0030856031859532165
27102 0.008993751221729998
27106 0.0014901558338892206
27118 0.01125867312316643
27163 0.0028849135478424383
27164 0.0034239368686235254
27165 0.0027087356212566406
27174 0.008189394204831096
27182 0.013297467048890732
27184 0.01371128863754916
27185 0.012612292220035676
27192 0.011907821843781431
27193 0.012709309852497488
27212 0.00389938864158923
27220 0.0030978476430403327
27221 0.006558437331027653
27222 0.004375883441962802
27223 0.0025133857245530065
27224 0.0024502749718963083
27225 0.0029303964190922063
27227 0.002768289383142425
27228 0.003170826994501071
27313 0.0027162755951501876
27314 0.002874291627563195
27315 0.0032311987005222012
27316 0.003244628454057206
27317 0.0044305198981053565
27318 0.004674596443390203
27340 0.0021144572211434557
27341 0.0028700647281108965
27343 0.0032554529026111918
27348 0.002832574767946893
27353 0.00273914949489882
27354 0.0027219581800772795
27472 0.012807831634299795
27510 0.02065231762026888
27523 0.011759503778111555
27524 0.012126313987704026
27549 0.015298243340969199
27550 0.012983970772688987
27738 0.002445364719445148
27772 0.060050585080474145
27783 0.009543491516456771
27829 0.030679731185219244
27833 0.013165022157965526
27840 0.0027125003684717298
27844 0.03411866013321088
27846 0.003235184923559849
27847 0.030734551419140308
27865 0.02424402503248956
27919 0.003147812927605499
27928 0.020985419517369996
27929 0.04621567219089996
27930 0.007096887327692398
27969 0.017347946801025863
28166 0.0011524322498467137
28245 0.006718223804183854
28246 0.03199416418221983
28289 0.032879806583575595
28303 0.012714293258080845
28384 0.002981885431803529
28405 0.025346026170329994
28408 0.008952495482180777
28470 0.008673973400512932
28506 0.004130463524053777
28527 0.003115154054453966
28530 0.032527400251923494
28539 0.007541205065412741
28546 0.004517694479433818
28599 0.08304868149427275
28606 0.002190777472549323
28676 0.004445658348782254
28843 0.018206173893384834
28845 0.005673383764870377
28879 0.023656291092307994
28882 0.02772141135823384
28923 0.004106009136066936
29111 0.0016941354297876818
29113 0.020120041392942364
29114 0.004405516964143136
29134 0.03553140388870266
29137 0.0014101474097654692
29142 0.003117642196669983
29146 0.00180548561306007
29148 0.0022127483164573803
29150 0.008302564225249616
29265 0.0029570363865384993
29353 0.007683637854785077
29424 0.025182503420843994
29589 0.0024852816221036223
30168 0.007793444720871102
30191 0.012750683345501876
30222 0.007008315083031489
30247 0.11480258912443585
30264 0.00936096476387917
30298 0.011248668675016768
30339 0.008516210509393411
30341 0.006359851107494983
30342 0.004747730692024924
30343 0.006264304382273644
30437 0.016062913704653577
30535 0.0031203215879597236
30536 0.010492709758684998
30537 0.0019124390153017242
30618 0.0005968330321453852
30620 0.06195695286080665
30621 0.1791229656993571
30661 0.002614392518573891
30730 0.002710616687660291
30744 0.14373419778678867
30799 0.0014723832630067217
30803 0.02934803030248736
30804 0.022177772899038745
30978 0.03364903474336913
30989 0.00574858325512639
31068 0.008494654400126856
31218 0.001037832499396655
31223 0.00940091198193271
31306 0.01379253720929618
31318 0.0023656291092307995
31459 0.04435554579807749
31548 0.04208837921171289
31549 0.02438686761364832
31626 0.013940314393681496
31647 0.01758237851455324
31673 0.003548443663846199
31686 0.01178046546042548
31856 0.0025478381398373494
31866 0.034066191357209764
31907 0.06398832836443966
32110 0.003302274137251116
32173 0.009833719359488041
32184 0.024568182614493287
32185 0.025021077116864222
32218 0.004842789119393075
32249 0.0039992705227774785
32254 0.010407623816218417
32283 0.010381085186784093
32341 0.04931970987536339
32343 0.023096378877105438
32375 0.009110364730978999
32434 0.002677152284108929
32492 0.0013651809798179496
32493 0.003282832657889671
32494 0.002741120333180711
32738 0.009329713241974416
32801 0.0031926768711587894
33046 0.011345551560184956
33083 0.015372641474522853
33085 0.0013595569593280457
33154 0.0175767051151561
33294 0.017119684343117628
33308 0.045921035649774344
33386 0.011514123982981767
33600 0.029895942432312184
33622 0.002161289053283953
33625 0.003341856190266112
33626 0.003910556877691535
33628 0.0060988788819282816
33668 0.007350824915688925
33704 0.006316000048917183
33718 0.018239663692667378
33720 0.056007128163548255
33924 0.04762493154914847
33925 0.028225437019292633
33930 0.006571191970085554
33950 0.018256467191432858
34027 0.00034981968365574645
34109 0.00827423053177125
34181 0.01180531586358247
34211 0.0008480483925700878
34214 0.0007490477893361771
34284 0.1697081752274269
34308 0.01000843084674569
34322 0.010752859587412724
34359 0.0026680027547715786
34395 0.036479327385334756
34507 0.053539138734990444
34595 0.0013137960384486096
34751 0.10842466750641164
34768 0.009205867995827403
34865 0.02065231762026888
34868 0.040148250932614524
34990 0.00995736742405821
34992 0.008712696496050935
35022 0.0038017935577006404
35024 0.031173778883484406
35030 0.01938975323758258
35034 0.004044858062415356
35056 0.007378616314235953
35082 0.021597520010780046
35083 0.0312563564307603
35084 0.07364694396661922
35085 0.049408709243428085
35086 0.03307871212060016
35087 0.08485408761371345
35088 0.16522102808246736
35090 0.07228311167094109
35091 0.06398832836443966
35093 0.07653505941629057
35094 0.022177772899038745
35097 0.026552979797488566
35122 0.06951040459975052
35123 0.13459613897347653
35124 0.12591251710421997
35126 0.07775107203880817
35127 0.047601073539400234
35128 0.02828469587123782
35129 0.026865207818287374
35130 0.06970157196840748
35131 0.045387070118963015
35132 0.02637356777182986
35133 0.011326186119805093
35134 0.09908930017411244
35135 0.060050585080474145
35440 0.004512471711249502
35447 0.0036038223609562423
35459 0.0010711547832686112
35466 0.060631569938520126
35471 0.03485078598420374
35472 0.014172124959262176
35476 0.06295625855210998
35477 0.034239368686235255
35512 0.022479051439791477
35610 0.03147812927605499
35612 0.004215897182940576
35625 0.04197083903473999
35646 0.007392439735233439
35831 0.018564160458704196
35850 0.06615742424120032
35866 0.04385716887899797
35883 0.0019371156477572303
35913 0.11014735205497823
35935 0.01835789200916304
35948 0.03631231386427854
36012 0.19516440151154096
36014 0.11828145546153998
36016 0.05914072773076999
36024 0.03177327463124372
36044 0.05914072773076999
36081 0.06813238271441953
36099 0.04197083903473999
36100 0.03903288030230819
36132 0.10271810605870575
36133 0.06608841123298695
36135 0.06195695286080665
36202 0.003887737081903206
36207 0.009338009641700524
36220 0.030025292540237072
36267 0.060050585080474145
36269 0.09758220075577048
36274 0.2054362121174115
36275 0.06098887547235655
36354 0.055761257574725984
36355 0.005289008171044471
36370 0.025679526514676438
36394 0.01839797731670895
36408 0.012349477786226313
36538 0.00826967803015004
36539 0.023800536769700117
36647 0.0021510285092044457
36789 0.004015728426163394
36938 0.0028194714689840842
36948 0.012942042908811336
36980 0.023687602592468437
37047 0.00968557823878615
37083 0.037923556603951566
37084 0.020980448010472046
37085 0.02424402503248956
37088 0.03981229592348611
37090 0.04601959677782887
37091 0.03132152191136822
37092 0.026648552916526992
37093 0.02065231762026888
37107 0.01208448306573009
37130 0.03250590566052991
37168 0.01991473484811642
37171 0.04435463841140064
37172 0.03712832091740839
37173 0.023513783314643488
37174 0.04405894082199129
37175 0.025021077116864222
37177 0.025917024012936055
37179 0.04263768466644319
37201 0.0026589155519283507
37231 0.018154828047585204
37234 0.0018738780750027935
37241 0.03025804674597534
37242 0.008014965154478068
37252 0.00952282582607881
37261 0.026552979797488566
37262 0.0076236094340445685
37266 0.013054475017494379
37268 0.017823233014752596
37272 0.023205349083437785
37273 0.023800536769700117
37274 0.019040429415760094
37276 0.008830968394187374
37278 0.025224584440071352
37283 0.01456450757548813
37287 0.024861707198922417
37289 0.026734849522128897
37292 0.020985419517369996
37297 0.012510538558432111
37299 0.041565038511312546
37300 0.04207351860819078
37312 0.01991473484811642
37316 0.01660973629885455
37335 0.027880628787362992
37336 0.02532123035746626
37348 0.01586702451313341
37359 0.034239368686235255
37360 0.017119684343117628
38175 0.051631571275771046
39253 0.00846700223477401
39254 0.015802785547493196
40257 0.002358482193492942
43103 0.004113053772635215
43880 0.012882138713633067
44012 0.02424402503248956
44573 0.004997807977248168
44605 0.00936096476387917
44669 0.023372982216951013
45037 0.004592103564977434
45305 0.026919227794695303
45383 0.011101780949185423
45387 0.02584958960417761
45389 0.03114797482946336
45390 0.0390070867926359
45391 0.04804428193035151
45392 0.028242910783327753
45395 0.06176487031120275
45396 0.039338340019635085
45400 0.03280073974983881
45401 0.01318678388591493
45402 0.015550948327612824
45405 0.017823233014752596
45406 0.016196215893073938
45407 0.010664721394073276
45409 0.04130525702061684
45419 0.021098854217463887
45451 0.029372627214660864
45453 0.021213521903428362
45454 0.01876580783764817
45458 0.022562358556247507
45461 0.008627729925977407
45474 0.06398832836443966
45475 0.09520214707880047
45477 0.057401294562217924
45479 0.021527169782731906
45529 0.0018658164580453245
45570 0.022432689828912753
45572 0.05203811908109208
45573 0.043767159756945
45575 0.008887780740807795
46206 0.009459624550072923
46207 0.006351520893482144
46210 0.04307130956332574
46211 0.024861707198922417
46213 0.025346026170329994
46214 0.037896000293503096
46231 0.04465433191418036
46307 0.005109015746375418
46339 0.006801519972457315
46368 0.010664721394073276
46382 0.03280073974983881
46456 0.03682347198330961
46507 0.0019803592238613996
46582 0.019669170009817542
46741 0.034601262425647615
46883 0.017823233014752596
47035 0.005306820004165317
47132 0.0022654022230010557
47166 0.03173404902626682
47271 0.005474457265400868
47340 0.00239442788827102
47342 0.0010751327677401487
47344 0.045387070118963015
47461 0.0069275064185520905
47533 0.01888568686225548
47601 0.008635592987236325
47630 0.026919227794695303
47685 0.00690847438978906
47694 0.007392590966346249
47728 0.013654630420038625
47740 0.025418619704994976
47850 0.0029207884027490027
47871 0.008182993774068803
47884 0.005027338484321086
47889 0.02584958960417761
47893 0.02475221394493893
47897 0.0023975970701663506
47986 0.015070610155331348
47992 0.02776824001386006
48008 0.0034046085729233324
48223 0.0917894600458152
48252 0.01204718527849018
48289 0.006357146629040422
48389 0.01552960082130605
48446 0.0064198816286691095
48673 0.014740069130585414
48684 0.0008871109159615498
48687 0.009704612515857114
48774 0.014841399354489805
48803 0.00374226564173199
48823 0.0015271079930480513
48862 0.02032962515745218
48898 0.02327056733555878
49011 0.0012599380342901286
49047 0.011756891657321744
49049 0.004985042184202835
49064 0.04823971622845762
49177 0.012797665672887931
49210 0.003947933765411406
49238 0.07962459184697222
49241 0.03343464582225934
49313 0.01456450757548813
49318 0.006835880963626653
49433 0.03682347198330961
49666 0.0074919156050495565
50018 0.009293542929120999
50110 0.06399600176916827
50203 0.002832574767946893
50206 0.002838888819374145
50339 0.0016525351525109309
50558 0.025346026170329994
50562 0.0009724448891764867
50573 0.0034665080197431785
50674 0.026967101076276482
50795 0.03280073974983881
50797 0.006995139839123332
50820 0.0019458065953294212
50872 0.016062913704653577
50937 0.01962502460353472
50967 0.012470568786679933
51018 0.005036500684168799
51028 0.03025804674597534
51030 0.06505480050384699
51060 0.03280073974983881
51062 0.010723318764370382
51065 0.01043659901131235
51068 0.02032627351477305
51070 0.05825803030195252
51107 0.0017558650608325772
51295 0.0062452608483693104
51346 0.01314141236907782
51350 0.026021920201538797
51353 0.005619762859947869
51414 0.001751150271144328
51463 0.021684933501282328
51588 0.02394507653369092
51625 0.0017325482712465183
51627 0.0051650039397740976
51629 0.005418495762865951
51700 0.01043659901131235
51761 0.004495364004037919
51797 0.001308163326068625
51854 0.0055161536878475005
51952 0.027568686489528538
52027 0.005568171227148102
52090 0.005296184572904775
52132 0.006377921618024214
52386 0.0010403219696777236
52438 0.011865064853319021
52616 0.007535305077665674
52617 0.013459613897347652
52680 0.004597512403098726
52682 0.013940314393681496
52899 0.06208800210286695
52931 0.011107296005544024
52971 0.0019172733168838685
53086 0.003142743985693091
53127 0.08472873234998327
53128 0.05914072773076999
53130 0.005044926536815468
53132 0.05274713554365972
53133 0.05006697820680829
53134 0.06847873737247051
53135 0.07003303922080127
53136 0.06951040459975052
53166 0.0038118047170222842
53218 0.01318678388591493
53732 0.08871109159615498
53733 0.001488668203749359
53735 0.08871109159615498
53738 0.03025804674597534
53753 0.014040604425290718
53756 0.0027552937189551084
53759 0.014193774655384796
53760 0.008394167806947997
53834 0.04435554579807749
53836 0.051631571275771046
53940 0.010549427108731944
53983 0.019614512714727736
54153 0.007790994072317004
54262 0.11480258912443585
54469 0.015070610155331348
54538 0.012430853599461208
54583 0.008616529868059204
55206 0.03364903474336913
55235 0.04435554579807749
55262 0.007744619107600831
55265 0.02065231762026888
55282 0.00602359263924509
55298 0.015247218868089137
55301 0.0031452764143681056
55302 0.0020155050696244875
55358 0.0035646466029505197
55361 0.006741430104025594
55383 0.0022893184928039993
55511 0.03199416418221983
55512 0.008358218480151646
55565 0.0010540880448908503
55693 0.015070610155331348
55700 0.010098823185819417
55761 0.018676019283401048
55814 0.05914072773076999
55845 0.057401294562217924
55880 0.008252194567084184
55904 0.006118006316976205
55937 0.0014461978622566946
55963 0.007506323135059268
56008 0.02260775295234604
56016 0.01704492589620445
56017 0.009831959773881157
56281 0.01208448306573009
56319 0.045921035649774344
56364 0.019786949470954173
56365 0.05069205234065999
56367 0.042427043806856725
56381 0.002184650546971
56480 0.0014768399660351188
56484 0.001502420334961824
56486 0.002006831892149521
56502 0.0008853000748992558
56505 0.0007206957219776254
56515 0.0033304505377396067
56535 0.002378136424360811
56560 0.0005033253423895319
56592 0.0039597610085672225
56593 0.11234063216001455
56629 0.02020867455701774
56652 0.036141555835470546
56721 0.01085195586748554
56731 0.0009354217456267601
56745 0.01059873857360512
56789 0.030025292540237072
56804 0.004608368394605453
56902 0.011184206390346186
56940 0.006778298587998661
56946 0.05825803030195252
56952 0.08444833223147977
57066 0.11152251514945197
57067 0.09293542929120997
57068 0.06398832836443966
57069 0.10842466750641164
57070 0.047601073539400234
57072 0.09718884004851021
57076 0.1219777509447131
57159 0.001512902337298767
57210 0.0017286483747700704
57215 0.027487943874864924
57242 0.0028611555104622907
57303 0.02710616687660291
57319 0.0006283464311382516
57320 0.14373419778678867
57348 0.050042154233728445
57476 0.010540416464591218
57479 0.017661936788374747
57494 0.0023499626912888735
57496 0.001428729147229436
57498 0.0012814471537199012
57499 0.004554715998223261
57500 0.002258847239716909
57501 0.001616268335499304
57535 0.011514123982981767
57579 0.00684334856011156
57607 0.006665165359197345
57611 0.0018239663692667378
57663 0.008358218480151646
57764 0.00766854229907823
57777 0.005102337294419371
57869 0.005592103195173093
57946 0.08304868149427275
57947 0.08131850062980872
57948 0.13010960100769398
57949 0.10008430846745689
58162 0.001164758745734701
58176 0.00367195487321808
58179 0.0018774834200244441
58182 0.00037520792369805046
58229 0.031226304241846553
58267 0.045921035649774344
58294 0.005218299505656175
58348 0.007071173967809455
58374 0.002145842787372633
58429 0.0027604582957785145
58457 0.015739064638027496
58714 0.05274713554365972
58715 0.03580998192872311
58716 0.021446637528740764
58717 0.03025804674597534
58718 0.03307871212060016
58719 0.023372982216951013
58756 0.045921035649774344
59207 0.005648582156665551
59472 0.13289074779904161
59739 0.0345423719489453
59965 0.005731700484920439
60257 0.0012590667424613492
60306 0.0030978476430403327
60409 0.001124866867501677
60413 0.0011906232887287118
60461 0.012352177310857021
60480 0.012839763257338219
60575 0.008234784873904681
60691 0.005303380475857091
60752 0.018676019283401048
60872 0.016331749080463677
60931 0.0021577048259982415
61011 0.004007482577239034
61075 0.008705088444690263
61301 0.03548443663846199
61383 0.028700647281108962
61559 0.033941635045485384
61567 0.001481323730637882
61574 0.008635592987236325
61616 0.03199416418221983
61749 0.016263700125961747
61779 0.003420936047529202
61798 0.12591251710421997
61811 0.009497051168444815
61812 0.030025292540237072
61815 0.02912901515097626
61816 0.01727118597447265
61820 0.07965893939246568
61869 0.0386464161408992
61870 0.015367275709570154
61871 0.018154828047585204
61873 0.01660973629885455
61956 0.02561566326859959
61996 0.023800536769700117
62005 0.005956367116511416
62019 0.003402999651655251
62039 0.007378061588207139
62108 0.008106522381520077
62113 0.006638244949372141
62122 0.004726841268927902
62140 0.006005058508047414
62148 0.003567904963647915
62153 0.04197083903473999
62164 0.011514123982981767
62178 0.0051726207030783145
62221 0.0023708743201581576
62240 0.007388803092170666
62248 0.005986114534939955
62282 0.036141555835470546
62316 0.027304960754845127
62343 0.02310783609544998
62351 0.09578030613476368
62370 0.04130525702061684
62399 0.011756891657321744
62423 0.018948000146751548
62452 0.06729806948673826
62493 0.16167282173388128
62535 0.008503895490698953
62550 0.029570363865384995
62553 0.06479256003234013
62555 0.06262667425012305
62570 0.005289008171044471
62578 0.001889890636104565
62590 0.009773760982546243
62616 0.010230404215632654
62626 0.005917658333142674
62646 0.013668881076315724
62664 0.011281179278123754
62666 0.00690847438978906
62670 0.012284091307246644
62675 0.02001686169349138
62680 0.000211285483935846
62683 0.04557821464343927
62709 0.017772389216295353
62715 0.04935079752336091
62749 0.01586702451313341
62829 0.0015957841497264184
62841 0.0034269429589383837
62848 0.001881102665171479
62884 0.0018112705476709136
62886 0.0025150051741177955
62888 0.0020130417897012993
62891 0.002028735982448451
62895 0.0019506686807750219
62899 0.002115603268417788
62912 0.05611080853232873
62924 0.006345880696988462
62934 0.007086062479631088
63037 0.0020490138329164933
63115 0.0217367406860928
63129 0.0019855179806150796
63180 0.016439903291787798
63194 0.010995177549945969
63200 0.057401294562217924
63236 0.006042241532865045
63254 0.004807004963338447
63286 0.006067934471210075
63310 0.050042154233728445
63313 0.008737705643871078
63333 0.04334120754737322
63334 0.026552979797488566
63359 0.0033418807328036318
63430 0.016062913704653577
63439 0.005245112002618011
63443 0.016897350780219995
63466 0.0012993635253764379
63554 0.0013332340373812172
63567 0.010707827746998088
63591 0.010778188115592086
63609 0.0035588805187392
63611 0.005884689817854553
63618 0.007116844679803247
63623 0.040352158751002655
63626 0.015543620923061743
63627 0.004410494949413355
63628 0.020151991722354497
63630 0.010262175657296108
63635 0.006348550550719207
63640 0.021050695813370303
63642 0.00846700223477401
63649 0.012641185534650521
63658 0.00366850378781092
63662 0.017091448384396603
63663 0.04362076537729989
63667 0.007025035892262886
63668 0.005782648933675287
63674 0.0034313816839557083
63692 0.004520294102702106
63701 0.002448737785590225
63717 0.002486170719892241
63725 0.0007356366434660421
63726 0.003282832657889671
63749 0.06701003033357245
63750 0.03553140388870266
63769 0.020843481492248187
63789 0.006726204217281013
63794 0.022052474747066775
63800 0.006470369847119698
63805 0.008845181402263917
63818 0.004373458743434884
63820 0.0011419876409053168
63831 0.011222161706465747
63867 0.0011603115428747974
63869 0.023372982216951013
63910 0.00460519581468464
63919 0.0035116052727410703
63926 0.007705094429124643
63934 0.0026998244105410347
63967 0.008064644690559543
63996 0.0027125003684717298
64012 0.004188077285655385
64027 0.006066341732718594
64092 0.016196215893073938
64133 0.004818874111396073
64134 0.025418619704994976
64296 0.009401141624695762
64341 0.021565127238844302
64342 0.031226304241846553
64380 0.004533435575180975
64471 0.0437632181506884
64540 0.020120041392942364
64549 0.09772314885719059
64576 0.004164259430082371
64578 0.005964670902673314
64579 0.0035224406206782947
64608 0.018948000146751548
64624 0.3147067201570807
64626 0.049986428071199136
64629 0.008955069272762458
64632 0.024659854937681695
64718 0.0026351041161478046
64797 0.00598626913342273
64824 0.007853698249961407
64832 0.06615742424120032
64834 0.08051411885597584
64835 0.02947593106445117
64848 0.02439555018894262
64888 0.007961020697749205
64918 0.00802552310139952
64929 0.009031409290466967
64931 0.010117958513947457
64985 0.08358661455564834
65120 0.013600306725542924
65135 0.028081208850581435
65154 0.00763852843489397
65176 0.047027566629286977
65185 0.004517694479433818
65245 0.02065231762026888
65264 0.009315723222507922
65367 0.0013032681236163001
65561 0.009227631277141416
65608 0.002390255989118689
65628 0.015367275709570154
65743 0.039427151820513325
65760 0.016196215893073938
65792 0.01675230914262154
65794 0.01653935606030008
65795 0.017503533767851208
65858 0.0011107139332182843
65868 0.056493022251403714
65925 0.024704354621714043
66128 0.02637356777182986
66157 0.07172692863586941
66174 0.0018485688672309666
66208 0.1016744788199799
66209 0.10834165775899499
66214 0.0048608817312961634
66235 0.027487943874864924
66236 0.054790554213921
66269 0.021446637528740764
66294 0.044865379657825506
66319 0.038439293246847146
66329 0.050449168880142704
66358 0.08159063115183572
66401 0.0015650713834125176
66403 0.05069205234065999
66428 0.00043717940883103093
66464 0.05921737075136349
66493 0.005576125757472599
66616 0.00453042918729912
66646 0.007282253787744065
66686 0.04152434074713637
66765 0.09441201604712421
66812 0.08110384382627266
66900 0.011864097356324679
67011 0.013506186955815984
67024 0.03798184553619939
67030 0.06505480050384699
67069 0.0030343623155641387
67113 0.0075271538989734555
67143 0.02439555018894262
67144 0.0012501040478528935
67167 0.01440648906539536
67180 0.0031682532712912492
67197 0.01432078361268101
67217 0.002129453371648019
67303 0.03336143615581897
67304 0.013553083438301455
67352 0.004545019084888228
67363 0.04385716887899797
67370 0.004953411205876674
67416 0.048470344535228034
67417 0.11394553660859819
67499 0.019614512714727736
67500 0.10501907982632741
67502 0.07249104625180122
67503 0.08903791550492976
67504 0.06416350605144364
67527 0.013600306725542924
67544 0.00221400342043722
67618 0.109581108427842
67737 0.01704492589620445
67830 0.0041612878787108945
67847 0.005361659382185191
67907 0.006741430104025594
67930 0.005056072578019196
67956 0.0029370113094287576
67960 0.002752516205125517
67966 0.0039992705227774785
68040 0.0030470632554495075
68041 0.07962459184697222
68072 0.1219777509447131
68073 0.02001686169349138
68122 0.07596369107239878
68145 0.005169917920835522
68195 0.001903114592994061
68294 0.023352795488687968
68301 0.006451715752447635
68345 0.017661936788374747
68370 0.0010509660824531016
68455 0.022251990314137018
68599 0.03485078598420374
68614 0.025346026170329994
68639 0.00715242545811547
68646 0.018498995403937533
68839 0.005421233375320582
68918 0.012755843236048428
68923 0.02638638588205827
68931 0.02032962515745218
69058 0.05746818368085821
69183 0.008503895490698953
69251 0.02161112347184819
69260 0.0031193786087027947
69309 0.037174171716483996
69384 0.002715218210065199
69534 0.006156605725916118
69546 0.01704492589620445
69597 0.026541530615657408
69608 0.007015754907960397
69614 0.005658254386385868
69616 0.01743757552321555
69707 0.001522774452372971
69944 0.006604098703547652
69958 0.004527061347615391
70011 0.00879859100585772
70016 0.004595584892056471
70033 0.019786949470954173
70058 0.0010500224218777715
70131 0.017187762333629984
70235 0.010933579916612939
70379 0.0032135976074366152
70517 0.029796091833823046
70554 0.011616928661401247
70564 0.020478720566133844
70596 0.03485078598420374
70699 0.03257438295239686
70727 0.01932409685175057
70741 0.011864097356324679
70774 0.042427043806856725
70918 0.009271468005298858
70988 0.021527169782731906
71221 0.00023690750365567
71245 0.009141189766348522
71246 0.0031425778047069397
71290 0.0016350423362935908
71293 0.002271995361019103
71313 0.003918963885773914
71324 0.004581323979144154
71341 0.022052474747066775
71358 0.005968330321453852
71366 0.0015745413595122304
71377 0.002720325413658461
71413 0.025917024012936055
71504 0.008830968394187374
71532 0.02411985811422881
71547 0.001370055468666486
71575 0.002251734624633286
71609 0.009807256357363868
71735 0.003705788916256448
71759 0.06234755776696881
71774 0.04732262720249781
71775 0.01973388605162409
71787 0.0007825906752114408
71836 0.00196046611262221
71838 0.08347185631551697
71986 0.010842466750641164
71995 0.006008037384816994
72062 0.0008863051839761169
72069 0.009906822411753348
72089 0.08110384382627266
72190 0.07096887327692399
72298 0.07228311167094109
72339 0.1159445811105034
72371 0.006695176724238111
72389 0.001256672584768719
72445 0.009184207129954868
72488 0.0029830619906968457
72560 0.023656291092307994
72602 0.004972792417831974
72603 0.0013893786122265168
72654 0.022960517824887172
72692 0.02768289383142425
72725 0.0049097962644412815
72798 0.055761257574725984
72825 0.005288263136479969
72895 0.01208448306573009
72929 0.011361287415330844
72960 0.015739064638027496
72976 0.09077414023792603
73026 0.016680718077909485
73089 0.01445662233418822
73130 0.037318634655895244
73263 0.009990213573364982
73283 0.01000843084674569
73290 0.0034695893602051725
73349 0.014841399354489805
73376 0.026734849522128897
73416 0.03580998192872311
73455 0.01541978572045741
73516 0.023513783314643488
73520 0.00550534277888691
73601 0.01052099199523132
73625 0.020224290312076783
73707 0.006473114477994725
73820 0.012313211451832236
73852 0.007178551593887622
73857 0.008732187987093555
73858 0.015802785547493196
73866 0.0018622557396139403
73926 0.009143076992131526
73946 0.004294046237877688
73966 0.11234063216001455
74234 0.06847873737247051
74265 0.005680640139004194
74317 0.0019323882463894843
74385 0.010964292219749492
74390 0.18587085858241995
74485 0.006560147949967764
74575 0.014245576752667223
74583 0.007885430364102665
74584 0.033941635045485384
74636 0.0014355601435199776
74679 0.004241092397244336
74727 0.004346645913397349
74770 0.0017766445290081107
74784 0.00036088091995477246
74857 0.0049914169184537335
74858 0.011828145546153997
74876 0.00168100259699863
74914 0.01090303919058888
74946 0.013060950836558683
74966 0.0010367298885075216
74979 0.0049578703100515336
74990 0.002244850925033524
74992 0.011721585676368825
74993 0.014440921265684603
75014 0.0015588210983349916
75048 0.010060020696471182
75067 0.03485078598420374
75114 0.026021920201538797
75116 0.012673013085164997
75135 0.013577834134645144
75162 0.002917255627975201
75176 0.011907821843781431
75189 0.002838754931076959
75204 0.011026237373533388
75206 0.0028797677905711976
75236 0.0015841207167769363
75306 0.0020081559171372517
75344 0.0007241721762951427
75346 0.01043659901131235
75462 0.3004018692408497
75463 0.06505480050384699
75601 0.005640589639061877
75708 0.001568215359674897
75834 0.023027320987103462
75845 0.0346441760858317
75865 0.01721052375859035
75906 0.011786313994897178
75974 0.006036468847791849
76059 0.011973276166352206
76073 0.1468631360733043
76082 0.02768289383142425
76096 0.00561446305989546
76114 0.0009305605636861017
76115 0.0005054763053911965
76271 0.013990279678246663
76292 0.011125995157068509
76341 0.01719510145476132
76355 0.008118969438941885
76389 0.007109814262715518
76446 0.013098281980640333
76699 0.0017028706836636676
76700 0.0012774570137208507
76702 0.0014206493480285512
76780 0.007148879176246921
76794 0.023946552332704412
76808 0.019848891292388728
77007 0.004327370321763658
77183 0.0016781117928765345
77197 0.00446090060597808
77220 0.004200924772263523
77222 0.0012178745804152322
77373 0.017503533767851208
77405 0.036141555835470546
77433 0.0011962267944317557
77455 0.0013294577759641753
77530 0.0005091688012302137
77615 0.014273954909932385
77625 0.0036752247283377442
77674 0.06847873737247051
77735 0.0008781300405468659
77779 0.0012603448596160216
77799 0.004608368394605453
77807 0.014181464116677563
77974 0.005303380475857091
78058 0.0007207818149951933
78212 0.015247218868089137
78315 0.009709671716992087
78317 0.009733885362171618
78320 0.009014522009770945
78321 0.011548189438552719
78325 0.008430427711081684
78326 0.012139913908503601
78560 0.0013468902795827533
78589 0.03903288030230819
78616 0.0048308020176124
78699 0.0021830469967733888
78814 0.00808134167749652
78951 0.0009309538136777988
79157 0.022633017545543473
79204 0.007109814262715518
79215 0.006812020995167224
79233 0.025679526514676438
79324 0.011756891657321744
79388 0.002306907819285354
79665 0.050449168880142704
79694 0.04385716887899797
79856 0.013990279678246663
79954 0.019082092389413233
79982 0.05497588774972985
80000 0.00235279567825848
80047 0.05069205234065999
80185 0.0031811638388189235
80270 0.0024035024816692237
80356 0.004737000036687887
80653 0.018616453868447024
80727 0.005398738631024646
80738 0.0016860855422163364
80996 0.0386464161408992
81326 0.013721085806454838
81336 0.0005766417536166079
81376 0.007744619107600831
81377 0.0041465149617661385
81378 0.0036242228692950967
81461 0.0027031080541764676
81468 0.019133764854072643
81506 0.05069205234065999
81567 0.023139797249868754
81623 0.04236436617499163
81713 0.05204384040307759
81737 0.014029459737237631
81860 0.0007427760285881673
81876 0.0062762023962950565
81909 0.0003283108781420489
81982 0.005817120760403605
82057 0.046467714645604986
82072 0.023404252075581538
82081 0.027957297701206616
82093 0.016945746469996654
82115 0.01266061517873313
82158 0.06098887547235655
82201 0.043369867002564656
82208 0.03696188181097845
82255 0.006729806948673826
82264 0.012933152883167699
82333 0.013553083438301455
82369 0.003907195225456276
82398 0.025679526514676438
82527 0.022283239752073133
82581 0.015752861973949112
82630 0.011977849815565721
82634 0.003818909273644335
82723 0.004987804621357505
82759 0.03199416418221983
82782 0.01081243221670587
82783 0.009856787955128331
82813 0.0032636187543735947
82823 0.012510538558432111
82915 0.015157892484630031
83035 0.030455489047459417
83056 0.008031456852326788
83108 0.020543621211741154
83315 0.01922801985335379
83321 0.013990279678246663
83565 0.024704354621714043
83635 0.016331749080463677
83715 0.001972199678692538
83806 0.008485408761371346
83819 0.014510364424649884
83837 0.00705319223404343
83932 0.0019798805042836112
83934 0.019040429415760094
84111 0.0386464161408992
84170 0.03864819370350114
84173 0.02065231762026888
84337 0.0005257661678651427
84447 0.004308264934029602
84483 0.0054137143276433
84533 0.024939023106787524
84665 0.060050585080474145
84703 0.0008522462948102225
84732 0.030455489047459417
84840 0.016469569747809363
84902 0.020985419517369996
84917 0.01719510145476132
84919 0.013367424761064449
84920 0.017823233014752596
84923 0.004854835858496043
85052 0.001311871797431759
85121 0.008811033928286272
85132 0.04209452944776239
85147 0.0100992041886204
85438 0.0022617526089317914
85549 0.0008830968394187374
85648 0.00947547733099346
85723 0.030455489047459417
85728 0.030609666627869136
85804 0.06659746525571981
85930 0.06608841123298695
86018 0.07653505941629057
86057 0.1219777509447131
86176 0.004613815638570708
86186 0.028837133796800522
86316 0.011929316107037354
86416 0.009441201604712419
86444 0.019713575910256662
86447 0.03485078598420374
86471 0.030455489047459417
86524 0.001412341806878934
86547 0.03546098799330536
86621 0.000637482163866777
86692 0.010782563619422151
86816 0.006706680464314122
87146 0.02912901515097626
87160 0.031226304241846553
87164 0.021446637528740764
87196 0.014193774655384796
87242 0.010523632361940597
87287 0.031226304241846553
87395 0.007716979466749436
87610 0.04818874111396072
87721 0.023096378877105438
88454 0.014403276864320365
88531 0.016688992735602762
88661 0.022826245790823502
88677 0.02439555018894262
88706 0.011392890440130095
88743 0.026196563961280665
88762 0.0031126698805668414
88866 0.010464579169519622
88879 0.0021306157370255562
89057 0.001992415171329121
89316 0.17391687166575512
89329 0.004451405767778355
89404 0.02145727637434641
89431 0.08485408761371345
89432 0.06615742424120032
89433 0.04065925031490436
89434 0.032527400251923494
89436 0.022432689828912753
89438 0.04152434074713637
89439 0.05421233375320582
89470 0.00993203061127435
89715 0.05421233375320582
89744 0.045390636839092946
89793 0.043369867002564656
89896 0.009567200456120643
89949 0.03938215493487278
89960 0.04385716887899797
90069 0.012037961973221665
90071 0.020980448010472046
90154 0.004985042184202835
90174 0.023344496718479414
90177 0.025021077116864222
90226 0.004999123391300071
90263 0.055761257574725984
90474 0.021329442788146552
90494 0.01032631425515421
90516 0.02438686761364832
90553 0.002442608279243316
90586 0.026663318767629635
90673 0.02710616687660291
90756 0.003731632916090649
90782 0.037174171716483996
90835 0.0020619588115323925
90870 0.03199416418221983
90994 0.0546185216801545
91023 0.11801502005890525
91026 0.023800536769700117
91059 0.07106280777740533
91068 0.00360414407223529
91279 0.025511686472096857
91331 0.02424402503248956
91332 0.026461347205586842
91466 0.008358218480151646
91526 0.016469569747809363
91560 0.009184207129954868
91564 0.0036962954831731244
91591 0.005723296232009999
91719 0.015070610155331348
91914 0.004687666943314831
91926 0.012352177310857021
91947 0.06372538783345856
91960 0.02065231762026888
92016 0.00686989721756621
92030 0.002804086228614094
92200 0.0063675171781905696
92214 0.015802785547493196
92295 0.048758858490794865
92312 0.023687602592468437
92380 0.022432689828912753
92449 0.08255334332970767
92627 0.02377280979603847
92814 0.0011308763044658957
92868 0.021098854217463887
92874 0.021446637528740764
92890 0.004719816239698693
93028 0.018676019283401048
93048 0.0062452608483693104
93075 0.0030470632554495075
93422 0.018498995403937533
93643 0.0016897350780219996
93855 0.09441201604712421
93989 0.05656939174247564
93994 0.0011075889266240237
94508 0.0005770680115657628
94524 0.004586707438579106
94545 0.009056352738354569
94612 0.006042241532865045
94730 0.020120041392942364
95042 0.029796091833823046
95078 0.06398832836443966
95132 0.09293542929120997
95166 0.013841446915712124
95262 0.018990922768099695
95779 0.00602359263924509
95875 0.004624748850984383
95885 0.0022279041268440745
95940 0.01235297406224055
95977 0.025793878346425846
95993 0.03372063291185658
96025 0.012632000097834366
96026 0.004879110037788524
96153 0.013940314393681496
96183 0.0005575669554795153
96199 0.014121455391663876
96507 0.0015099760271685954
96601 0.005089032633938486
96604 0.0024441377772265616
96780 0.010271810605870577
96830 0.006695176724238111
96856 0.011088886449519372
97014 0.0066157424241200325
97023 0.026734849522128897
97155 0.018948000146751548
97214 0.017503533767851208
97246 0.004602933997913701
97349 0.006124968603613248
97353 0.0301773567273913
97368 0.10490224005236022
97408 0.03280073974983881
97413 0.0007875534130689584
97418 0.0386464161408992
97421 0.019741016883190965
97692 0.020120041392942364
98050 0.010591091543747908
98081 0.013890704733917505
98146 0.03826752970814529
98170 0.043369867002564656
98199 0.0008511737381309119
98218 0.0009351432750912361
98228 0.009637748222792146
98279 0.051359053029352876
98377 0.006285487971386182
98379 0.037896000293503096
98436 0.02584958960417761
98444 0.002434195625524381
98639 0.007136977454966192
98727 0.012159775795111585
98747 0.047027566629286977
98856 0.006404603773614963
98921 0.030494437736178274
99007 0.011446592464019998
99114 0.007564511686493835
99378 0.00713580992729583
99446 0.01239139057216133
99476 0.0386464161408992
99637 0.011900268384850058
99686 0.04879110037788524
99711 0.09718884004851021
99712 0.07965893939246568
99815 0.08532800235889103
100045 0.021056647697506634
100101 0.05417082887949749
100157 0.005600126298752969
100201 0.006741430104025594
100204 0.013054475017494379
100211 0.06553190581162831
100214 0.029769554609453578
100225 0.005376429793706362
100237 0.009566882427036322
100263 0.009217351636399853
100525 0.03682347198330961
100533 0.003760393092707918
100573 0.002390255989118689
100611 0.0712303324039438
100930 0.006549140990320166
100992 0.047027566629286977
101006 0.011721585676368825
101044 0.10008430846745689
101151 0.013647860245562304
101164 0.006788327009097077
101328 0.021443686456684655
101357 0.010353549151805886
101446 0.02934803030248736
101448 0.036141555835470546
101609 0.055761257574725984
101637 0.00432725210060937
101649 0.045921035649774344
101662 0.0028785309957454416
101664 0.0027276645913562676
101676 0.008932009222496153
101791 0.007309528146499661
101812 0.00808134167749652
101967 0.04762493154914847
101979 0.022304503029890396
102162 0.05785338022587931
102352 0.07515126813260126
102416 0.028081208850581435
102511 0.05123132653719918
102602 0.04435554579807749
102637 0.0049283939775641656
102662 0.019614512714727736
102676 0.00694782716408273
102865 0.0066755970942411055
103003 0.005342636316328774
103142 0.022562358556247507
103656 0.03682347198330961
103675 0.004731258218461599
103720 0.001219396448057113
103764 0.009031409290466967
103791 0.02775310018864992
103931 0.014619056292999323
104075 0.045921035649774344
104096 0.10013395641361658
104097 0.05123132653719918
104124 0.003406010497583612
104277 0.01219777509447131
104439 0.03631231386427854
104685 0.01623793887788377
104829 0.023513783314643488
104830 0.023372982216951013
104831 0.02409437055698036
104846 0.025021077116864222
104854 0.023285985540916425
104919 0.012430853599461208
104944 0.0005980498084583149
105036 0.019267758376964123
105038 0.029796091833823046
105054 0.026225560013090055
105075 0.013244170587772934
105110 0.012755843236048428
105139 0.0072149501483009595
105157 0.01512902337298767
105382 0.005317831103856701
105572 0.010353549151805886
105711 0.014846105339947428
105895 0.05900751002945263
105960 0.011594458111050341
105965 0.004592103564977434
106027 0.024861707198922417
106053 0.001970435636046122
106108 0.02043606298550167
106125 0.012714293258080845
106138 0.012754375944416743
106146 0.0014302997545734039
106149 0.0010791506857149072
106150 0.0024049559040450735
106151 0.0014111670391290018
106239 0.014852143276922468
106279 0.0193232080704496
106286 0.01091700996194967
106389 0.0031884592783335136
106422 0.028571761399897453
106500 0.03199416418221983
106511 0.025796785798578758
106525 0.06295625855210998
106547 0.015192738214479758
106557 0.020858848235912265
106762 0.02065231762026888
106763 0.08871109159615498
106809 0.005817120760403605
106852 0.026254769956581853
106874 0.018154828047585204
106875 0.02637356777182986
106909 0.019040429415760094
106931 0.0015862387970651513
106961 0.06295625855210998
106972 0.006089372902076161
107035 0.021213521903428362
107073 0.003588868858596471
107077 0.01445662233418822
107168 0.016119124690972424
107185 0.1406136409212488
107225 0.0156979599128235
107429 0.008358218480151646
107567 0.007255182212324942
107608 0.056493022251403714
107615 0.021684933501282328
107641 0.0208731980226247
107686 0.03690357887403812
107797 0.005303380475857091
107871 0.026919227794695303
107950 0.0036208608814757137
107966 0.006255269279216056
107989 0.0058385518363888375
108035 0.006776541719150727
108130 0.0036479327385334757
108272 0.007053592637974045
108299 0.07313828773619231
108433 0.022432689828912753
108711 0.01219777509447131
108715 0.009834585004908771
108892 0.012924794802088805
108971 0.03982946969623284
108981 0.028364124992698258
109125 0.02584958960417761
109239 0.04621567219089996
109334 0.0016017771267996751
109410 0.08304868149427275
109444 0.06505480050384699
109478 0.0028511965158734983
109707 0.029372627214660864
109708 0.04435554579807749
109722 0.02039765778795893
109766 0.0031226304241846552
109819 0.029957022850689765
109996 0.005581791489272545
110059 0.028491153505334446
110063 0.034179153588035305
110166 0.025182503420843994
110437 0.019040429415760094
110449 0.040148250932614524
110451 0.03338492550669021
110472 0.0014297758352493843
110496 0.03548443663846199
110526 0.034239368686235255
110528 0.01456450757548813
110536 0.010933579916612939
110538 0.021684933501282328
110692 0.0072149501483009595
110758 0.01084965328007091
110920 0.04827197994897877
110932 0.05656939174247564
111034 0.005834511255950402
111142 0.033377985471205525
111165 0.018154828047585204
111209 0.009293542929120999
111228 0.00538384555893906
111277 0.018256467191432858
111477 0.009141189766348522
111484 0.04079531557591786
111488 0.030025292540237072
111593 0.013138849151687264
111686 0.0033823986397147478
111747 0.019516440151154096
111752 0.015187891168213305
111762 0.047206008023562104
111811 0.04526603509108695
111863 0.005089032633938486
111871 0.025182503420843994
111909 0.0014212561555481062
111919 0.01742539299210187
112001 0.03199416418221983
112011 0.03516475702910648
112072 0.0007729277435793109
112093 0.0017239300789129316
112168 0.023435606820208135
112179 0.026552979797488566
112191 0.02065231762026888
112367 0.018239663692667378
112395 0.002578022202149618
112419 0.01204718527849018
112449 0.06293509605653087
112455 0.001727118597447265
112469 0.0007909398237549785
112610 0.015070610155331348
112645 0.05565785666248372
112659 0.08358661455564834
112680 0.053539138734990444
112683 0.021904059718783914
112689 0.037764806418849675
112698 0.010408768080615517
112739 0.007793444720871102
112743 0.01660973629885455
112750 0.024859937096964654
112751 0.01786173276567215
112752 0.01593441392126378
112825 0.0660603889230124
112835 0.00772053555744914
112837 0.02527635463196548
112839 0.01008983377602854
112859 0.007744619107600831
112860 0.03208175302572182
112861 0.07727819081559942
112918 0.026461347205586842
112920 0.015311192946642129
112930 0.056091394258258986
112940 0.018411735991654805
112950 0.0025471045480265977
112958 0.025346026170329994
113018 0.013098281980640333
113035 0.04627959449973751
113232 0.005232289584759811
113300 0.02027251878312483
113305 0.014874479645621282
113334 0.01619478401753442
113335 0.029437536905302084
113415 0.021684933501282328
113442 0.16632846814940302
113482 0.002464146578411146
113502 0.009382903918824084
113588 0.009564169498261495
113637 0.003819264217446985
113686 0.05204384040307759
113838 0.012159775795111585
113881 0.005528736586729205
113889 0.01215354336269071
113952 0.020985419517369996
113970 0.028003564081774127
114110 0.028242910783327753
114141 0.016129289381119086
114152 0.007649121670484599
114160 0.055761257574725984
114401 0.023086951948138586
114437 0.006933016039486357
114515 0.020762170373568187
114538 0.0019228516506542607
114539 0.00044360586773847246
114548 0.004976536990435764
114552 0.0007565288336240913
114561 0.08485408761371345
114567 0.0007903027714861108
114568 0.00020763176078408035
114579 0.0029887350920603517
114848 0.010635662207713403
114891 0.006098887547235655
114906 0.030596486681938397
115108 0.014589053252314998
115282 0.011864097356324679
115309 0.015613152120923277
115325 0.0010966179768771016
115425 0.01593178787849314
115428 0.012591251710421997
115492 0.003404383851011173
115499 0.006560147949967764
115532 0.009614009926676895
115567 0.02439555018894262
115572 0.02411985811422881
115704 0.018856463914158544
115763 0.006799219262652977
115829 0.020717370292472396
115866 0.0032473278121720626
115877 0.004015728426163394
115919 0.021213521903428362
115930 0.0028661610309494534
116001 0.02224153051234872
116026 0.003162124939377366
116063 0.0009937087653337114
116067 0.030455489047459417
116068 0.018587085858241998
116200 0.0012802869281864965
116219 0.028843268403005416
116284 0.0026056662418096252
116298 0.06176487031120275
116336 0.06826240188711281
116365 0.0038267529708145283
116419 0.03577069094521195
116478 0.06205672898828438
116499 0.034601262425647615
116503 0.0052113324836192505
116506 0.05006697820680829
116520 0.007309528146499661
116528 0.012306966710053435
116552 0.021098854217463887
116602 0.012924794802088805
116643 0.02912901515097626
116649 0.0206883774689061
116653 0.00091712594695273
116725 0.02934803030248736
116771 0.08131850062980872
116848 0.012797665672887931
116861 0.019437768009702042
116927 0.035962912032303354
116951 0.02729572049112461
117016 0.002209575768404779
117084 0.01086404274065456
117113 0.006014311294654575
117125 0.005665149535893786
117164 0.003882985383841771
117291 0.0046971152262250855
117310 0.07228311167094109
117383 0.0034359929843581155
117390 0.0357234655313443
117446 0.041236387729694415
117477 0.02484526738082216
117478 0.07634749357677516
117482 0.00442951817915462
117502 0.12421204596627464
117577 0.0015351547324735644
117609 0.040148250932614524
117730 0.0013647860245562305
117859 0.028081208850581435
117903 0.0029979170739099993
117941 0.003942715182051333
118086 0.0029281980721911622
118097 0.01010455135836758
118101 0.005089032633938486
118185 0.016198140008085032
118193 0.01057672665548756
118201 0.025418619704994976
118202 0.006473114477994725
118264 0.021928584439498983
118267 0.019133764854072643
118301 0.015675855543095658
118422 0.06195695286080665
118435 0.01680757057629459
118485 0.0014915010433984865
118530 0.008751766883925604
118626 0.002689260744075357
118689 0.013060950836558683
118693 0.0064198816286691095
118714 0.030978476430403325
118813 0.04334120754737322
118880 0.05851063018895384
119014 0.0025249103324387558
119136 0.03063945465910056
119154 0.041582117037350756
119182 0.006388360114944058
119269 0.014040604425290718
119304 0.017904990964361555
119308 0.019005773147223987
119396 0.003260892255831929
119535 0.018239663692667378
119589 0.028491153505334446
119649 0.001522774452372971
119711 0.04435463841140064
119714 0.011721585676368825
120034 0.02712413320017728
120229 0.011248668675016768
120238 0.0051974541015057515
120249 0.0047717457582283854
120265 0.010188418192106391
120297 0.009098573497041537
120299 0.015675855543095658
120483 0.004602933997913701
120525 0.02167103780688196
120550 0.00993203061127435
120618 0.02475221394493893
120788 0.00722831116709411
120860 0.009428231957079272
120887 0.008031456852326788
121019 0.015739064638027496
121187 0.006156605725916118
121312 0.04509308165860037
121454 0.0102051354272474
121589 0.02729572049112461
121688 0.004966015305637175
121714 0.03516475702910648
121907 0.011239525719895739
121941 0.00023375781711766793
121942 0.00024499673802603686
121971 0.021565127238844302
121999 0.034601262425647615
122081 0.024861707198922417
122111 0.02409437055698036
122201 0.004959705248069656
122206 0.001474647136127772
122215 0.016824517371684566
122224 0.06234755776696881
122518 0.030494437736178274
122519 0.022826245790823502
122599 0.056493022251403714
122602 0.04049736615811552
122604 0.0193232080704496
122625 0.04024008278588473
122636 0.00850558703127245
122763 0.02409437055698036
122774 0.0012711754420655307
122831 0.008365621675061637
123009 0.023603004011781052
123077 0.012274490661103206
123741 0.04934631461718999
123756 0.029372627214660864
123800 0.009115642928687854
123802 0.005896205483732355
123849 0.0193232080704496
123882 0.03753161567529634
123945 0.04385716887899797
123949 0.002268483735111196
123959 0.025360644663942843
124007 0.0062452608483693104
124129 0.018070777917735273
124140 0.017354847937401566
124147 0.010353549151805886
124154 0.002880655372864073
124178 0.0076236094340445685
124254 0.017300631212823808
124339 0.007148879176246921
124414 0.02307461472240433
124473 0.016970817522742692
124494 0.03903288030230819
124804 0.011548189438552719
124916 0.030978476430403325
124985 0.0364066143397935
125087 0.0014937956487680135
125156 0.0008489099674273203
125535 0.04385716887899797
125589 0.029572159662287142
125596 0.07930162636512478
125610 0.03004018692408497
125686 0.006729806948673826
125714 0.003627591106162471
125810 0.025021077116864222
125820 0.014510364424649884
125899 0.002129823114179405
125969 0.0007309528146499662
125986 0.026021920201538797
126025 0.07425664183481678
126113 0.01212201251624478
126116 0.014447069182457738
126166 0.012313211451832236
126233 0.021684933501282328
126372 0.004595856135812722
126445 0.004061694100136129
126718 0.006638244949372141
126802 0.056007128163548255
126828 0.023352795488687968
126947 0.0019243128224512604
126997 0.022693535059481507
127037 0.028700647281108962
127100 0.012983970772688987
127113 0.02584958960417761
127205 0.021661381898526906
127234 0.06294134403141614
127253 0.08871109159615498
127289 0.013112780006545028
127290 0.020633471603157528
127389 0.017823233014752596
127476 0.009405513325857396
127481 0.007506323135059268
127489 0.03580998192872311
127516 0.018587085858241998
127576 0.0007532396816346622
127737 0.015848539864025644
127776 0.0063011447895796446
127841 0.0208731980226247
127851 0.007449022958455761
127921 0.022052474747066775
128261 0.01719510145476132
128379 0.02797115380290261
128382 0.0015927451344455645
128390 0.03826752970814529
128488 0.018307039122711064
128768 0.025021077116864222
128776 0.048758858490794865
128804 0.025021077116864222
129110 0.033044205616493474
129142 0.0013091999055663023
129143 0.017503533767851208
129328 0.034601262425647615
129363 0.01392110244309114
129439 0.017823233014752596
129513 0.044865379657825506
129585 0.06326327806977963
129603 0.025021077116864222
129708 0.03548443663846199
129806 0.029360172854672177
129849 0.0021852365949870246
129859 0.022304503029890396
130077 0.04108724242348231
130315 0.023233857322802493
130343 0.024704354621714043
130364 0.0003214964195890634
130418 0.07249104625180122
130425 0.007714007964883041
130466 0.014841399354489805
130575 0.0020863567527324165
130605 0.016002036618156645
130635 0.02637356777182986
130681 0.013695747474494101
130717 0.02217731920570032
130787 0.012632000097834366
130883 0.03982946969623284
130889 0.021446637528740764
131023 0.011120478718606323
131034 0.004011601264368776
131137 0.003332748927533381
131466 0.05262369613766423
131482 0.09702493975381843
131484 0.052509539913163705
