28 0.0007118782640668542
123 0.02610099704092438
149 0.0008483883665201074
156 0.00456578379193507
195 0.016754641655867916
218 0.0066446227505560064
281 0.006684017747100804
283 0.012928999410819372
288 0.003841404632637679
314 0.0010568943962812661
318 0.02878394025560006
322 0.011222080949278611
413 0.005057039010054666
426 0.003040101555085849
441 0.035044393139852505
455 0.010885724299572713
496 0.013804542775644928
500 0.0186342312949477
511 0.005277491172976467
542 0.00663185039919973
595 0.013098560058830117
603 0.007242211948678815
612 0.004105920676200602
783 0.006923848904580911
827 0.014217298284495321
830 0.007112750746651961
871 0.003206308842651032
908 0.0036219953018523897
953 0.015306746428901093
1005 0.08919238006927703
1034 0.0016849687127554558
1068 0.0009083812682908562
1074 0.0007360097306453917
1097 0.041615216853574846
1214 0.0027307319329755203
1279 0.014796521547937725
1362 0.0008464111902422003
1497 0.002352774246979483
1522 0.0030788465908356917
1526 0.014527493883429766
1531 0.00446483561720529
1545 0.011190646548860464
1546 0.02894971607205207
1547 0.0050000761175759524
1594 0.011253692444910382
1597 0.010856143527019526
1702 0.005907620925821847
1709 0.01911512353082864
1882 0.007879804374641391
1894 0.006771289521937602
1898 0.0069600362681937035
1903 0.0074257636021248805
1934 0.0017302125673205654
1941 0.004361420106924875
2054 0.0021490375567203793
2062 0.00299217834636404
2085 0.0014368609642694157
2094 0.01190052872239833
2114 0.0146339224100483
2118 0.040995308848884936
2121 0.014166882333131865
2152 0.001210257745514446
2156 0.00964990535735069
2174 0.003583014186496131
2179 0.009205209257933607
2224 0.006888213808621195
2225 0.057072297399188364
2235 0.01218006346933898
2246 0.004519299567809034
2292 0.0063854407665742885
2309 0.005333859570017604
2312 0.03611132993253349
2381 0.015243788593658256
2393 0.025525380981381185
2425 0.0034469894891658204
2436 0.0022660723484308255
2542 0.0072505640979005186
2596 0.011908848521242982
2597 0.002708515808775041
2643 0.0012422452792111897
2654 0.01501902563136536
2678 0.003665193410957051
2722 0.021478821601845086
2744 0.006972182928347619
2746 0.0027859559399882744
2747 0.005305525654639025
2752 0.1643937985590596
2782 0.0023431441747467363
2785 0.0021318360821468442
2812 0.013141647427444688
2870 0.0011616925902713537
2875 0.004824952678675345
2956 0.017915070932480653
2966 0.008153185342741197
2991 0.008497771306615595
3001 0.006025732757078712
3046 0.0029182328838153293
3057 0.003675308940150125
3076 0.22194782321906587
3134 0.011426057364976375
3136 0.00947370582642299
3137 0.009329966841470364
3138 0.010945279016334256
3159 0.0014057216108174474
3182 0.0012051465514157423
3277 0.0013167636183069168
3305 0.03274640014707529
3321 0.001056335488615332
3324 0.0013667673000147744
3337 0.0028990607629709687
3341 0.0012949954028989256
3363 0.0015225079336673726
3367 0.0013094266856582058
3380 0.0012739352098033116
3411 0.0027325997386752295
3475 0.006417671688867186
3487 0.0868491482161562
3495 0.006989289664361321
3507 0.024331748057791418
3544 0.005866462287728613
3665 0.016440579497708583
3709 0.01958363146050581
3728 0.028067327635128692
3854 0.012804682108792261
3913 0.006570823713722344
3977 0.010768357999846863
4000 0.0019497612581469916
4012 0.006371707843609547
4041 0.014270518903092857
4065 0.012033315716696342
4119 0.001252370162364635
4134 0.024660869246562873
4172 0.02113788792562532
4193 0.0038900300077343583
4218 0.0019612136735476992
4255 0.0004943158646304362
4318 0.0018782608452953388
4329 0.02894971607205207
4357 0.004498942362548632
4447 0.0034402371587399345
4590 0.0010975441807536223
4679 0.004519299567809034
4697 0.03665193410957051
4715 0.0040619476362116925
4832 0.0006947931857292498
4922 0.014906943350534274
4956 0.0042636721642936885
4962 0.006261850811823175
5035 0.008375389555436449
5046 0.002876213691823748
5063 0.01858303835182971
5066 0.004093300018384411
5073 0.006464499705409686
5202 0.017294635575511627
5232 0.005406036289503635
5294 0.03916726292101162
5299 0.0012586833074805248
5373 0.026633738786287907
5424 0.07779748627478311
5448 0.008842125437994789
5493 0.00469454855222466
5564 0.015075701199785607
5623 0.0030265612257145344
5628 0.01977752880169894
5629 0.024509575570203595
5654 0.005947218404359852
5704 0.005918608619175089
5722 0.004504014450894234
5767 0.003682083703173443
5783 0.09744050775471184
5790 0.028134231112275955
5815 0.009226468401716365
5842 0.0037903802826785445
5856 0.013141647427444688
5863 0.012804682108792261
5939 0.009356114327735797
6157 0.007070904102554311
6164 0.00327732634777948
6189 0.010139748268891333
6229 0.010856143527019526
6283 0.009400143101042788
6355 0.003967289789417265
6497 0.004756024783265697
6503 0.010217863988015127
6536 0.00802221047779756
6588 0.019820528904283784
6597 0.09744050775471184
6608 0.04539841838571802
6626 0.031211412640181138
6637 0.002194040207611422
6641 0.0029246418872204876
6719 0.007370960918714364
6740 0.010037841251113531
6844 0.00789291243881682
6856 0.009903698330989771
6887 0.018844626499732006
6891 0.002292060136513589
6921 0.004328343248042455
6924 0.0034581932311175943
7035 0.1014190542786047
7039 0.004205327176782301
7040 0.0030426967387229137
7143 0.0026615994789761397
7207 0.01229249482444057
7364 0.004291150180390103
7482 0.011222080949278611
7490 0.010653495514515162
7510 0.018495651934922155
7524 0.008392984911645347
7526 0.0023322012947712702
7552 0.01164238547343548
7563 0.08643385285063959
7596 0.016704326564617133
7603 0.016158290003709903
7645 0.006614339102554943
7671 0.0013648994936601249
7722 0.026812488711028093
7733 0.005450287609745137
7814 0.0026197120117660232
7822 0.005044268709524225
7857 0.002612858612127656
7892 0.035354520512771555
7989 0.007818122931395666
8005 0.00401110523889878
8044 0.003193493859267135
8121 0.003261274137096478
8292 0.001855578642797578
8297 0.002931079103406593
8454 0.005095740839213246
8526 0.014067115556137978
8604 0.03145717179482823
8639 0.016306370685482394
8663 0.013823739854474692
8676 0.10243745687033809
8914 0.007895377110559655
8949 0.0010452801721463072
8995 0.006603406310649894
9107 0.010306368759123073
9126 0.02316515739748635
9168 0.007682809265275358
9195 0.01387220008536675
9249 0.0028991733076510783
9334 0.035354520512771555
9344 0.00375475640784134
9371 0.0017607143313984953
9392 0.024196424117230563
9394 0.011128303114047871
9435 0.003121141264018114
9683 0.009840051275722132
9715 0.006252051358283546
9718 0.08562311341855715
9801 0.010959586570603974
9823 0.0017183057281476067
9874 0.00803835174636456
10034 0.0041186193999414285
10128 0.03699130386984431
10137 0.0403541496761938
10231 0.03733701699012323
10279 0.0329844160757009
10418 0.005849283774440975
10439 0.0015371530657726765
10447 0.002185481847890145
10585 0.0038084469189162873
10599 0.0054577333578458825
10601 0.004089110356134274
10619 0.002136396159327907
10663 0.005006341877121786
10742 0.0012682732755375193
10746 0.021478821601845086
10765 0.03274640014707529
10815 0.01824228683992322
10913 0.023922519867923268
11125 0.0018737468033423862
11138 0.05017574264309917
11287 0.008410654353564601
11326 0.004920025637861066
11340 0.02320478336381392
11404 0.014166882333131865
11500 0.08249056048860993
11559 0.00897766475942289
11590 0.013098560058830117
11659 0.023500357752606973
11685 0.008627839234778079
11768 0.01689431088348231
11777 0.008591528640738033
11795 0.0022609285896679036
11830 0.02113788792562532
11834 0.02496913011214491
11877 0.01949786913142335
11894 0.004626693543136808
11915 0.011513143567559612
11993 0.005690969826129894
12047 0.012845854720074552
12066 0.011715720873733682
12085 0.02322709777873945
12113 0.011190646548860464
12115 0.0009260688034175209
12116 0.01579075422111931
12262 0.001321992328902444
12300 0.026812488711028093
12315 0.03444017946502746
12382 0.004361420106924875
12389 0.010114078020109331
12392 0.003104165359707215
12418 0.03385644760968801
12426 0.020699796984161585
12447 0.018495651934922155
12887 0.01199717963346302
12938 0.007008878627970502
12950 0.014268074349797091
13028 0.030265612257145347
13055 0.014217298284495321
13182 0.01383656183191414
13194 0.023500357752606973
13257 0.03567018587449273
13336 0.009079683677143603
13435 0.0008335198869065691
13480 0.002405272561706894
13497 0.011681464379950835
13570 0.011285482536562672
13705 0.004404697704457757
13863 0.0041876947777182245
13880 0.007801875386465991
13919 0.004667127123765403
13989 0.07846060139781369
14087 0.02309283709793749
14133 0.006007610252546145
14155 0.02296011964335164
14218 0.08562311341855715
14244 0.006474977014494628
14307 0.016306370685482394
14529 0.007083441166565932
14613 0.01881744252855765
14634 0.0011681464379950835
14739 0.005135039611752166
14792 0.00490161301454059
14827 0.009673270745625148
14850 0.07070434623167626
14851 0.2704543137584529
14864 0.0016273160154554728
14920 0.002650674589475827
15072 0.0019836448947086324
15074 0.012239538286878892
15085 0.027743477902383233
15103 0.02269874483243629
15126 0.0036719308988448396
15131 0.0034709477132434277
15171 0.01566690516840465
15190 0.006984372059341233
15193 0.002870014955418955
15198 0.007942466834877107
15254 0.0033321310148108443
15341 0.00755322858244328
15346 0.02183093343138353
15347 0.008610044866256866
15348 0.003641805668134171
15352 0.006506613710005189
15380 0.004127128944156184
15424 0.017072909478389683
15427 0.03504780290189644
15433 0.01612323793560008
15479 0.0020057629080977996
15524 0.004617219085369293
15540 0.04813326286678537
15642 0.03357193964658139
15725 0.00832304337071497
15731 0.010270079223504333
15801 0.02309283709793749
15861 0.041615216853574846
15869 0.0036719308988448396
15888 0.0024124763393376723
15945 0.011819706561962087
15978 0.011128303114047871
15979 0.011349604596429506
15991 0.0023240609761158728
16029 0.004933789905226852
16079 0.017344169128374397
16106 0.007864292948707058
16171 0.017000258799758236
16196 0.017000258799758236
16203 0.02336292875990167
16361 0.19894782235488276
16383 0.004127128944156184
16399 0.01902409913306279
16431 0.026457356410219773
16473 0.013316869393143953
16546 0.052566589709778754
16563 0.008599060232320042
16587 0.017369829643231242
16728 0.10243745687033809
16753 0.03804819826612558
16804 0.013681715129942417
16894 0.001485152720424976
16981 0.00802221047779756
17052 0.004404697704457757
17056 0.0029332311438643064
17091 0.0016715735639929647
17105 0.009913302277774655
17270 0.04250064699939559
17276 0.005277491172976467
17300 0.024372336414279185
17379 0.0061843046717386775
17601 0.008271347449157735
17717 0.0026162808238003837
17756 0.006972182928347619
17861 0.012723123624022885
18034 0.015728585897414115
18064 0.0019281181553779854
18077 0.003279460303470534
18086 0.022227853221366604
18216 0.019819939921390525
18242 0.015365618530550715
18352 0.0035702062716203623
18567 0.026457356410219773
18592 0.013361407417870185
18664 0.004848374779057264
18675 0.002143272970999563
18685 0.012602715514016358
18726 0.013013227420010378
18727 0.018325967054785255
18828 0.024634085535371688
18943 0.007739388970327247
18947 0.014851527204249761
18964 0.002611864089256087
18989 0.012723123624022885
19104 0.002325413747347605
19144 0.0033991085226462384
19180 0.009744050775471184
19199 0.00872284021384975
19207 0.004783437582633639
19375 0.018756154074850637
19386 0.0041498318773411135
19458 0.03631873470857441
19472 0.005699088185368311
19484 0.015060649450535297
19516 0.006433270238233793
19551 0.21275230940450893
19583 0.0021988743220461796
19589 0.0013408098075343101
19616 0.0012784399848924616
19844 0.005124745554102714
19947 0.016715735639929646
20008 0.018756154074850637
20017 0.053987308350583595
20077 0.0031631518748560456
20087 0.0008919537436801041
20122 0.009791815730252906
20134 0.026422757656507867
20182 0.005748288946680843
20226 0.007045962641875106
20365 0.007159607200615028
20381 0.03778897184394421
20466 0.004750369581383098
20494 0.022318775519235674
20533 0.01824228683992322
20573 0.0014522213078673883
20580 0.0009340801538328702
20599 0.020916548785042857
20644 0.009444588222087909
20686 0.013055754307003875
21068 0.0078028531600452845
21117 0.023639413123924174
21377 0.020916548785042857
21769 0.01617433529531654
21850 0.008536454739194841
21934 0.004683541404388259
21944 0.0210266358839115
22151 0.020487491374067617
22298 0.03315797039248046
22371 0.0004679701086966365
22405 0.06341366377687596
22494 0.006131701133618592
22505 0.022318775519235674
22567 0.014796521547937725
22589 0.003786787505159418
22608 0.017522196569926252
22636 0.005195137604607524
22662 0.007624161866303789
22679 0.03357193964658139
22696 0.009673270745625148
22791 0.0043566639236021654
22807 0.00750951281568268
22808 0.042053271767823
23034 0.019207023163188394
23052 0.002791796518478816
23093 0.007172461073506617
23186 0.0020393368136514475
23416 0.018077198271236137
23426 0.04813326286678537
23523 0.0017685085515463416
23561 0.016508515776624735
23585 0.012762690490690592
23665 0.0464541955574789
23868 0.006108655684928419
23990 0.01911512353082864
24046 0.03274640014707529
24231 0.07273361247382812
24375 0.0034619244522904554
24441 0.004453802472623395
24473 0.011854779875202332
24564 0.015916576963917073
24582 0.024066631433392684
24645 0.01676023016209154
24700 0.02171228705403905
24777 0.006007305470751345
24898 0.049578030876429265
24935 0.0024768341880390073
25099 0.005135039611752166
25279 0.0042141991750455545
25487 0.005374412645200026
25489 0.015075701199785607
25719 0.001118125054000332
25840 0.02269920919285901
25858 0.11097391160953293
25865 0.11414459479837673
25870 0.10797461670116719
25873 0.035044393139852505
25912 0.000698559331691412
25931 0.0009489455624568137
25943 0.011613548889369725
25979 0.11414459479837673
25996 0.057072297399188364
25998 0.017072909478389683
26002 0.006876180409540768
26007 0.057072297399188364
26042 0.03804819826612558
26045 0.03995060817943186
26070 0.01327262730213683
26219 0.001574718493473861
26295 0.0024081138143117456
26297 0.008647317787755814
26379 0.013542579043875205
26392 0.0022306313891363406
26420 0.01824228683992322
26546 0.009334254247530807
26554 0.015365618530550715
26567 0.005798346615302157
26590 0.0057072297399188366
26697 0.0023514189628859243
26723 0.03522724254836992
26743 0.015605706320090569
26751 0.01861203667823248
26896 0.014899176123493424
26901 0.010585643129993761
26977 0.008103571638829991
27010 0.010139748268891333
27013 0.011846280140220692
27055 0.007974173289307756
27065 0.014962774599038149
27100 0.016440579497708583
27114 0.03408164116468309
27340 0.0021641716240212274
27347 0.0009962745181903206
27401 0.07990121635886371
27403 0.007958288481958536
27425 0.003371359340036444
27609 0.005556412820505126
27715 0.014319214401230056
27759 0.02336292875990167
27832 0.002640489635124379
27900 0.07008878627970501
27944 0.005650722514771125
28052 0.02335399366716446
28151 0.021363961593279066
28206 0.0027997624006895756
28254 0.15966383293851116
28274 0.006371707843609547
28292 0.007070904102554311
28297 0.010739410800922543
28308 0.010376781345306976
28321 0.07537850599892802
28330 0.0017499171344472998
28404 0.021363961593279066
28515 0.002476789099778788
28570 0.008628641075471243
28587 0.014319214401230056
28674 0.003887486183945985
28711 0.017915070932480653
28713 0.018685707072005564
28734 0.01663508675895246
28762 0.018325967054785255
28815 0.027363430259884833
28877 0.0029658951877826172
28880 0.017677260256385777
28911 0.023096649384330693
28951 0.006474977014494628
29084 0.0025511244048168494
29164 0.0016590784127671037
29202 0.02894971607205207
29425 0.0033604360131963044
30241 0.0029139757971868604
30243 0.0034709477132434277
30323 0.01192555468042742
30397 0.02269920919285901
30535 0.005265934310025905
30661 0.0026758612310403117
30663 0.006603406310649894
30730 0.012301422602708365
30750 0.06443646480553525
30801 0.006341366377687597
30837 0.005699088185368311
30903 0.004519299567809034
30927 0.009534751355472998
31071 0.02269920919285901
31165 0.009334254247530807
31316 0.016440579497708583
31408 0.07990121635886371
31414 0.021950883615072452
31417 0.0464541955574789
31418 0.03357193964658139
31422 0.030969463704985933
31423 0.029375447190758717
31426 0.03073123706110143
31431 0.07398260773968862
31433 0.025126168666309345
31437 0.01929981071470138
31490 0.0015520826798536074
31526 0.017989111078443334
31538 0.004560571709980805
31542 0.008586026842675032
31574 0.004426654554652608
31580 0.007441392695342149
31635 0.024660869246562873
31711 0.03617233133725141
31796 0.03081997884818636
31838 0.006371707843609547
31965 0.049210224977246676
31966 0.11331373000892322
31977 0.017081378687035388
32034 0.0012767851767156234
32070 0.027743477902383233
32081 0.016306370685482394
32083 0.009162983527392627
32084 0.01192555468042742
32110 0.0033799160896304447
32158 0.0010002656028901314
32392 0.021478821601845086
32398 0.0025016035178103855
32455 0.06313504041184663
32464 0.039243588847717864
32492 0.0008252552815416619
32540 0.0011097391160953293
32546 0.004727882624784835
32673 0.01893393752579709
32867 0.012642597525136664
32923 0.008135119524897788
33075 0.0030552059440225898
33155 0.022622829297879645
33255 0.003211463680018638
33315 0.0029772121303107456
33318 0.049321738493125745
33344 0.024509575570203595
33391 0.008638858186546633
33414 0.006087353483332351
33536 0.0033885163850239063
33537 0.0787883562164367
33544 0.04683845657269296
33648 0.028741444733404214
33657 0.01585341594421899
33726 0.06443646480553525
33781 0.014769052314554615
33982 0.0093574668815204
33984 0.004993826022428982
34214 0.0007666591475615401
34249 0.0067559095298243685
34251 0.002570866377514411
34353 0.0053481403185317074
34406 0.014370722366702107
34519 0.015424945243023883
34552 0.007895377110559655
34634 0.003951593291734111
34641 0.0067777556398642205
34996 0.012560076097374624
35116 0.02684216650819847
35117 0.1306339435935026
35118 0.005986093318329176
35121 0.0069479318572924975
35133 0.0081412391991365
35341 0.007757399646491622
35349 0.0021037708361996764
35448 0.011647407632487422
35459 0.0010963394121688216
35508 0.005781564135952512
35585 0.11414459479837673
35702 0.0027747839129148087
35728 0.003438090204770384
35729 0.003491076320126622
35811 0.04076592671370597
35876 0.001789901800153757
35880 0.01192555468042742
35952 0.017299810639555026
36046 0.018325967054785255
36141 0.02113788792562532
36232 0.005690969826129894
36256 0.03329217348285988
36418 0.013728731333138094
36432 0.006080762279974407
36462 0.0029815375983328735
36617 0.0057153945893321685
36796 0.009378077037425318
36865 0.034557742259302436
36941 0.0022456778066010036
37080 0.002727003971292277
37094 0.0027140358817548814
37158 0.023382073099863454
37159 0.00648548834081686
37183 0.024212489805716275
37185 0.022444161898557222
37247 0.01199717963346302
37567 0.11097391160953293
39348 0.007159607200615028
39359 0.0009997649694552517
40368 0.02269920919285901
42958 0.014906943350534274
44002 0.022828918959675346
44629 0.021363961593279066
44816 0.007624161866303789
45039 0.0043739912066470925
45285 0.009378077037425318
45305 0.02755214357202197
46296 0.004318984668046687
46307 0.005229137196260714
46460 0.0076533732144505465
46500 0.0074395918397452245
46508 0.004038343856755829
46528 0.0020228156040218662
46738 0.010483890985735947
46746 0.04297729088906764
46750 0.013871738951191617
46855 0.03444017946502746
46991 0.008518253343162443
47033 0.003865748968738231
47051 0.003874937747762547
47074 0.003947688555279828
47127 0.003932689511666287
47171 0.009932784082328948
47320 0.020699796984161585
47345 0.0044268494503049835
47459 0.0003870137292634177
47470 0.004347182609296176
47624 0.003180172054567943
47728 0.013975673471210773
47914 0.0310285594498441
48157 0.005069874134445667
48159 0.0061843046717386775
48255 0.0043080921192736096
48310 0.007221433011638277
48356 0.010139748268891333
48410 0.009226468401716365
48556 0.024212489805716275
48665 0.01780059463175267
48684 0.0009079683677143604
48786 0.004241041208007628
48805 0.03287875971181192
48810 0.0012457314680209496
48994 0.012365905201345194
49003 0.03733701699012323
49240 0.009400143101042788
49277 0.022194782321906588
49533 0.0020258929097074978
49536 0.002127295430214689
49537 0.009744050775471184
49598 0.015306746428901093
49666 0.007668062990294022
49818 0.0036187145090065087
49893 0.0029246418872204876
49895 0.007070904102554311
50012 0.05626846222455191
50143 0.0403541496761938
50206 0.0012176351167153873
50339 0.0016913889999759465
50562 0.00038142646724681934
50568 0.03818631194439904
50611 0.013823739854474692
50639 0.004744812522078121
50701 0.009356114327735797
50835 0.004319429093273317
50847 0.0030242701119933277
50861 0.0021783319618010827
50941 0.007121320531093022
50951 0.03003805126273072
51084 0.03252031711570199
51104 0.010585964301151565
51137 0.002336292875990167
51138 0.0051089319940075635
51152 0.0030802319336493333
51153 0.0018942915210731085
51154 0.0035543245711238303
51155 0.00450347933426499
51156 0.005174949246040396
51158 0.002064151956077514
51195 0.0032962548002831563
51212 0.015544983727405391
51415 0.004342457410807811
51466 0.0037903802826785445
51483 0.010430968193063148
51605 0.015554886320059443
51689 0.014687723595379358
51691 0.006911869927237346
51861 0.01107074625215387
51871 0.016306370685482394
51975 0.008647317787755814
51979 0.05188390672653488
52013 0.024660869246562873
52179 0.02878394025560006
52209 0.00799012163588637
52211 0.0039014265800226423
52646 0.03599153890038906
52789 0.026812488711028093
52859 0.012723123624022885
53084 0.04796748504533973
53184 0.004205327176782301
53215 0.016109116201383812
53444 0.004613234200858182
53524 0.01670179249399016
53747 0.0023390285819339493
53883 0.011750178876303486
54190 0.006222836165020538
54407 0.030886876529981802
54520 0.008937496237009363
54593 0.01761362127418496
54598 0.003936020510288853
54616 0.02755214357202197
54617 0.011097391160953294
54629 0.02496913011214491
54690 0.0032192270893982157
54838 0.02113788792562532
54887 0.03955687695945038
54892 0.03504780290189644
54919 0.004661768408039982
54933 0.008054558100691906
54989 0.01911512353082864
55076 0.044389564643813176
55143 0.016306370685482394
55464 0.028536148699594182
55628 0.018789516555738926
55663 0.03329217348285988
55768 0.03332131014810845
55878 0.020003468406261056
55879 0.009580481577801404
56104 0.017038352544246887
56263 0.04592023928670328
56309 0.005831229275918978
56475 0.0013038710241328934
56481 0.006127016268175738
56539 0.0010037841251113533
56563 0.0012690790400073653
56567 0.024066631433392684
56592 0.0023936853313020886
56626 0.0004064151391600392
56649 0.058750894381517434
56744 0.009720342622732811
56802 0.0027514192961041223
56880 0.002994798214350214
56882 0.014422602230841826
56944 0.003510598258298054
57012 0.005650722514771125
57049 0.008342371867176158
57079 0.0015551034713675302
57178 0.006363335804389476
57242 0.0013954106943566836
57450 0.005006341877121786
57460 0.008464111902422003
57496 0.0024759245827474428
57501 0.002800921722594623
57587 0.0011036079607577862
57611 0.0018668508495061616
57631 0.014217298284495321
57811 0.0031546628399036544
57890 0.0055641515570239355
57918 0.021950883615072452
57945 0.012804682108792261
57979 0.016928223804844007
57991 0.02496913011214491
58127 0.007787642919967223
58163 0.0031883965027479535
58202 0.028134231112275955
58236 0.08672084564187198
58248 0.02611150861400775
58259 0.02309283709793749
58271 0.011723095251414236
58281 0.01218006346933898
58385 0.005840732189975418
58402 0.03733701699012323
58429 0.005929337854676125
58454 0.0025741371249633927
58519 0.003274068712519852
58673 0.027743477902383233
58887 0.09079683677143605
58993 0.028302200669732276
59015 0.0032140473193428684
59016 0.005472686051976967
59115 0.005312580874924449
59116 0.0017967190166205886
59139 0.06146247412220286
59207 0.007165883526933368
59285 0.007861887753258625
59550 0.027937488237364933
59585 0.016577015842087907
59717 0.028536148699594182
59741 0.013331782631715633
59811 0.0012004389476992746
60097 0.00219992335789823
60405 0.0028741444733404215
60455 0.00879969343159292
60500 0.0018782608452953388
60534 0.0018418906491208785
60617 0.0028625585950342847
60658 0.022570965073125344
61166 0.023639413123924174
61261 0.01948810155094237
61311 0.020382963356852985
61360 0.012762690490690592
61417 0.020075682502227063
61541 0.008023992835191
61584 0.05368433301639694
61673 0.002094945368612053
61677 0.001876651791769457
61739 0.005391445098438847
61765 0.010403804213393712
61791 0.015728585897414115
61802 0.011890061958164243
61824 0.00872284021384975
61830 0.011513143567559612
61854 0.08603186184833335
61967 0.006677419506481751
61968 0.03196048654354548
61993 0.1331686939314395
62062 0.03804819826612558
62128 0.011381939652259788
62216 0.010458274392521429
62254 0.04650434683994557
62274 0.00872284021384975
62311 0.013013227420010378
62312 0.0030038051262730723
62332 0.006118010440954343
62520 0.005723582833729492
62543 0.002157160268867811
62594 0.007757399646491622
62606 0.006321298762568332
62707 0.05188390672653488
62722 0.003371359340036444
62725 0.0012288713681769259
62849 0.004733560626707469
62891 0.003515709958454269
63011 0.005174949246040396
63118 0.004560571709980805
63152 0.005835135714675312
63155 0.005851390911575093
63360 0.006636313651068415
63456 0.005472686051976967
63479 0.016260158557850995
63660 0.006352438280184301
63674 0.0020742787216735128
63692 0.0020819676499905736
63742 0.029161027868198436
63772 0.062422825280362276
63799 0.007552099844883149
63820 0.0009400250842596749
63839 0.010739410800922543
64095 0.0030969463704985933
64127 0.006748413543822949
64140 0.028302200669732276
64149 0.0120359892527865
64276 0.01056894396281266
64319 0.005291471282043955
64343 0.0032639385767509687
64363 0.006321298762568332
64394 0.021950883615072452
64448 0.004944382200424735
64456 0.011193703239668945
64472 0.04421062718997395
64473 0.015365618530550715
64475 0.0614929632733274
64559 0.01327262730213683
64771 0.007378785682808702
64856 0.005627475840321143
64915 0.02562739543599151
64969 0.018159367354287206
64998 0.03726259434005351
65099 0.014466450837919335
65100 0.02994315616611443
65108 0.044389564643813176
65145 0.013098560058830117
65173 0.0011613548889369725
65365 0.0044289929881204644
65569 0.027363430259884833
65621 0.010768357999846863
65734 0.02544624724804577
65791 0.004866349611558283
65800 0.015544983727405391
65832 0.002427132939212142
65858 0.0005399286366591646
65931 0.026283294854889377
65997 0.0055641515570239355
66015 0.055486955804766466
66066 0.03804819826612558
66092 0.03878699823245811
66112 0.004333037763495863
66138 0.009489455624568138
66178 0.00964990535735069
66215 0.06771289521937603
66244 0.007958288481958536
66297 0.011097391160953294
66320 0.009247825967461078
66385 0.03315797039248046
66517 0.0024891344660082156
66592 0.0037903802826785445
66769 0.0464541955574789
66811 0.02309283709793749
66849 0.01929981071470138
66867 0.018325967054785255
66902 0.015190345315373329
66925 0.02496913011214491
66948 0.0047222941110439546
66964 0.003290824396987797
66984 0.0037578336400913774
67101 0.0029527426592336923
67172 0.07496235802338888
67177 0.016373200073537646
67272 0.004110144874427146
67282 0.010541057567132415
67288 0.001537744733619394
67300 0.017000258799758236
67352 0.004651880036064674
67436 0.016440579497708583
67462 0.002380846732981636
67496 0.009626652573357075
67535 0.016440579497708583
67579 0.005188390672653488
67699 0.047000715505213946
67710 0.007677895527884239
67783 0.011750178876303486
67833 0.002138683521382862
67924 0.008957535466240327
67928 0.03699130386984431
67930 0.005174949246040396
67970 0.007398260773968862
68004 0.009018195977298386
68025 0.022444161898557222
68063 0.028543087132301925
68084 0.025285195050273327
68095 0.0023237482612283927
68098 0.0018242286839923222
68137 0.0028597428904389302
68147 0.002306487957774977
68250 0.001077416617568281
68336 0.005415513330296591
68370 0.0010756760414494307
68374 0.05429616229594238
68486 0.02336292875990167
68523 0.007058411339122236
68536 0.010350720650014866
68589 0.013681715129942417
68600 0.004790240788900702
68617 0.07134037174898546
68648 0.0058924200854619255
68655 0.011143700098955541
68667 0.020279496537782667
68686 0.012928999410819372
68706 0.010687658186310362
68931 0.066526597057713
68936 0.008957535466240327
68958 0.03037711495113058
68959 0.002228005915700268
69030 0.013316869393143953
69048 0.009840051275722132
69260 0.004247238716159508
69289 0.0020270380461690184
69347 0.023500357752606973
69371 0.03145717179482823
69384 0.00505446024827924
69410 0.003932146474353529
69480 0.056649214368324596
69584 0.005923140070110346
69603 0.005761691618454867
69616 0.010541057567132415
69647 0.004198774649327135
69736 0.062422825280362276
69778 0.06771289521937603
69833 0.010596978296931526
69927 0.014033663817564346
69946 0.00227403997122212
69948 0.010619690320944085
69955 0.007156466700188304
69979 0.024066631433392684
70020 0.003688883488405527
70057 0.010710618814861088
70094 0.002602626379402083
70204 0.0037892097366294558
70598 0.014166882333131865
70616 0.0020015334759234398
70641 0.04076592671370597
70689 0.029375447190758717
70874 0.041615216853574846
70916 0.034145818956779365
71027 0.0010471981174163003
71028 0.0010791628357491047
71045 0.014422602230841826
71136 0.00529696629605796
71197 0.009791815730252906
71234 0.056368549667216786
71245 0.009356114327735797
71246 0.0018996960617894368
71259 0.0024182531659971275
71270 0.005215484096531574
71272 0.01218006346933898
71289 0.0027195785009824273
71360 0.0016632226552636077
71405 0.025774585922214103
71501 0.02436012693867796
71505 0.015365618530550715
71542 0.007172461073506617
71563 0.011190646548860464
71649 0.013728731333138094
71705 0.020470143501350534
71771 0.006134900367785956
71787 0.0008009906824221847
71865 0.025774585922214103
71881 0.0021037708361996764
71965 0.028536148699594182
72018 0.0036922928077108923
72031 0.004877974136682766
72052 0.005154917184442821
72062 0.0019037428988446959
72158 0.007083441166565932
72217 0.0011513143567559614
72342 0.024777384469106278
72412 0.01303107895102617
72479 0.013055754307003875
72515 0.034739659286462485
72548 0.008897685563347852
72594 0.06550065411337531
72626 0.029488195092181695
72758 0.007481387299519074
72761 0.0006400062408994241
72913 0.00986434769862515
72939 0.01948810155094237
72944 0.02322709777873945
73162 0.016856796700182218
73218 0.005108773424479777
73233 0.028541037806185714
73425 0.039177961338841306
73469 0.029161027868198436
73659 0.07990121635886371
73680 0.013013227420010378
73725 0.022570965073125344
73742 0.011681464379950835
73755 0.009534751355472998
73770 0.00731696120502415
73793 0.04872025387735592
73895 0.01051331794195575
73896 0.026633738786287907
73905 0.012150845980452232
73906 0.004739099428165108
73914 0.011647407632487422
74098 0.005305525654639025
74152 0.017454223581588213
74378 0.0004878569810652321
74410 0.0058837419999163264
74419 0.0016814229031747413
74443 0.005626846222455191
74600 0.031211412640181138
74687 0.008647317787755814
74876 0.0017205257613881076
74979 0.006289635203684952
75002 0.0019718957640390846
75015 0.00394185662008509
75018 0.01948810155094237
75041 0.017835092937246364
75088 0.022194782321906588
75099 0.029161027868198436
75103 0.013316869393143953
75109 0.02959304309587545
75142 0.007008878627970502
75206 0.0010557771717608843
75304 0.010797461670116719
75306 0.0020553709997162
75322 0.0028114272965999924
75357 0.2508787132154959
75358 0.042577022116936314
75425 0.011854779875202332
75502 0.062422825280362276
75505 0.03385644760968801
75527 0.01775582585752527
75570 0.0061843046717386775
75593 0.0013857304259254893
75728 0.026730418361079325
75742 0.0029225024271713135
75810 0.017915070932480653
75811 0.0041485574433470255
75838 0.0013653659664877602
75873 0.012780615436756158
75908 0.006213158348278671
75966 0.14892661658315623
75969 0.005276307301143537
75973 0.004039495265867731
76002 0.008334825207165992
76064 0.027177284475803982
76070 0.009103239659622194
76113 0.0014195647345364144
76115 0.0005173608932845359
76153 0.0023039566424124486
76175 0.013920072536387407
76182 0.0018257077866483658
76296 0.047000715505213946
76298 0.0210266358839115
76299 0.060531224514290695
76305 0.03169505368506425
76355 0.004907937122780326
76433 0.048632604172198564
76441 0.006972182928347619
76649 0.018159367354287206
76650 0.008482082416015255
76684 0.004784503973584654
76696 0.004209758501520743
76734 0.008237238799882857
76783 0.002797661637215116
76830 0.013861118770627078
76881 0.0015872311553210908
76893 0.010596978296931526
77107 0.014017757255941003
77197 0.012746570135582705
77212 0.013055754307003875
77219 0.013361407417870185
77221 0.008877912928762634
77224 0.008446217374087074
77227 0.011381939652259788
77320 0.0036445182974493614
77351 0.02183093343138353
77364 0.0012691619325631307
77451 0.0030007526289546247
77567 0.008237238799882857
77685 0.004756024783265697
77701 0.0013285869032069123
77751 0.04076592671370597
78058 0.0003584265557474573
78096 0.01579075422111931
78160 0.03385644760968801
78179 0.001855578642797578
78256 0.005450287609745137
78323 0.027743477902383233
78326 0.004761693465963272
78339 0.07990121635886371
78356 0.016306370685482394
78374 0.01997530408971593
78379 0.03274640014707529
78384 0.018077198271236137
78385 0.02207215921515572
78388 0.014268074349797091
78390 0.012928999410819372
78392 0.030969463704985933
78395 0.03357193964658139
78399 0.017677260256385777
78400 0.012682732755375193
78403 0.008482082416015255
78417 0.01759938686318584
78442 0.014067115556137978
78444 0.0013639675035654441
78454 0.018495651934922155
78466 0.004824952678675345
78530 0.00799012163588637
78547 0.0033628458063494826
78548 0.006697253425807934
78549 0.008326105766103792
78550 0.0033375612514145244
78551 0.0032088841911190246
78552 0.0031506788785040894
78561 0.02436012693867796
78683 0.017146183767996506
78693 0.03248016925157062
78739 0.035354520512771555
78879 0.07277397787930415
78951 0.0009528420848099752
78988 0.03175692938998129
78993 0.006261850811823175
79161 0.004678057163867899
79167 0.00807082993523876
79177 0.007276977810461176
79203 0.03444017946502746
79263 0.017146183767996506
79268 0.003423359741168111
79276 0.0021026635883911503
79454 0.01218006346933898
79455 0.011317452742048685
79456 0.011784840170923851
79460 0.04756024783265697
79461 0.02928236346348924
79463 0.003517538200762358
79464 0.040678683551213034
79465 0.03003805126273072
79475 0.028536148699594182
79476 0.01008853741904845
79526 0.09987652044857964
79567 0.014166882333131865
79569 0.053987308350583595
79704 0.009205209257933607
79716 0.016715735639929646
79718 0.0980322602908118
79733 0.004895907865126453
79737 0.020916548785042857
79742 0.009038599135618068
79743 0.007237429018013017
79744 0.029375447190758717
79745 0.013588642237901991
79747 0.020487491374067617
79796 0.028741444733404214
79799 0.016440579497708583
79804 0.004277367042765724
79818 0.03170683188843798
79819 0.019867496982256018
79865 0.01100567718441649
79909 0.03733701699012323
79918 0.00018337743587364298
79928 0.016373200073537646
79937 0.009673270745625148
79953 0.011715720873733682
79960 0.049321738493125745
79968 0.007060042117379755
80002 0.01233086757284464
80010 0.044389564643813176
80013 0.02611150861400775
80032 0.007926707972109495
80036 0.0146339224100483
80041 0.024509575570203595
80051 0.007058411339122236
80058 0.03699130386984431
80062 0.032218232402767624
80163 0.034145818956779365
80172 0.0015796998093883692
80178 0.012106244902858138
80179 0.007580760565357089
80185 0.003255958286832262
80187 0.004907937122780326
80205 0.013496827087645899
80216 0.0022968509202261505
80287 0.04539841838571802
80300 0.044888323797114445
80301 0.010710618814861088
80302 0.008054558100691906
80303 0.012484565056072455
80304 0.014515506352072991
80305 0.012845854720074552
80306 0.005487720903768113
80307 0.00699660388431381
80315 0.01148005982167582
80317 0.07682809265275357
80318 0.012069670144843461
80319 0.016508515776624735
80320 0.009162983527392627
80321 0.0077124726215119415
80322 0.01958363146050581
80323 0.017294635575511627
80324 0.0030543278424642094
80325 0.011447165667458984
80328 0.01948810155094237
80329 0.007033557778068989
80330 0.00897766475942289
80331 0.0210266358839115
80334 0.006864365666569047
80335 0.013823739854474692
80336 0.03841404632637679
80337 0.026457356410219773
80338 0.014580513934099218
80339 0.017146183767996506
80340 0.043901767230144904
80341 0.03329217348285988
80342 0.011854779875202332
80343 0.043901767230144904
80344 0.04539841838571802
80347 0.012106244902858138
80348 0.015248323732607578
80349 0.014067115556137978
80351 0.010915466715691765
80352 0.023780123916328486
80353 0.015365618530550715
80354 0.01617433529531654
80355 0.032218232402767624
80369 0.015424945243023883
80401 0.005458099487272257
80407 0.004281951573358184
80413 0.03385644760968801
80414 0.0174456804276995
80415 0.019875924467379034
80489 0.0004746492147965767
80494 0.0020120191328322633
80495 0.0024301691960904467
80601 0.007108649142247661
80610 0.02207215921515572
80616 0.0012551243537364705
80625 0.010430968193063148
80639 0.01218006346933898
80661 0.018668508495061614
80683 0.024509575570203595
80719 0.029813886701068548
80721 0.062052756909648434
80768 0.038636330536921844
80770 0.007070904102554311
80825 0.0868491482161562
80828 0.08500129399879118
80829 0.08500129399879118
80833 0.019985810367406216
80836 0.011223672993992021
80957 0.02562739543599151
80974 0.006165217311640718
80976 0.007879804374641391
80988 0.07537850599892802
80989 0.04872025387735592
81040 0.04118619399941428
81056 0.07537850599892802
81070 0.005420706672921554
81114 0.08500129399879118
81115 0.023780123916328486
81117 0.06443646480553525
81121 0.07263746941714883
81210 0.0063513858779962575
81215 0.011349604596429506
81216 0.03003805126273072
81219 0.0146339224100483
81233 0.09987652044857964
81287 0.013141647427444688
81290 0.008254257888312367
81324 0.03591641501062874
81337 0.03570158616719499
81341 0.058750894381517434
81437 0.009356114327735797
81458 0.00960963459791971
81459 0.008761745758815416
81460 0.004871634936962255
81461 0.0027666626163041453
81464 0.0016625305110042389
81479 0.006984372059341233
81480 0.004254590860429378
81485 0.006222836165020538
81504 0.0038172832731749513
81507 0.007159607200615028
81524 0.006386632060962476
81527 0.005476214060425892
81529 0.0070336272873423155
81530 0.010280930138876664
81531 0.0060136865555805675
81532 0.005454836516923904
81534 0.005486770084642599
81545 0.0031057052158246163
81551 0.0027195785009824273
81552 0.0022721618945468636
81568 0.00573179457380658
81569 0.005435456895160796
81570 0.005585653146214711
81571 0.008680281778252476
81574 0.008203410303784776
81575 0.008295722349502137
81578 0.005991838466368649
81579 0.01974679565381217
81582 0.004350896880715109
81583 0.014140869246335251
81587 0.02336292875990167
81589 0.04813326286678537
81602 0.02894971607205207
81612 0.02269920919285901
81613 0.01664608674142994
81614 0.014962774599038149
81646 0.012602715514016358
81650 0.06146247412220286
81683 0.052566589709778754
81692 0.03567018587449273
81694 0.022570965073125344
81715 0.02436012693867796
81736 0.004739099428165108
81738 0.010243745687033809
81741 0.01252370162364635
81748 0.049321738493125745
81749 0.03073123706110143
81750 0.017522196569926252
81758 0.017522196569926252
81791 0.02755214357202197
81796 0.053987308350583595
81802 0.02113788792562532
81803 0.006466755219948389
81810 0.04592023928670328
81811 0.04813326286678537
81812 0.052566589709778754
81813 0.013098560058830117
81814 0.02594195336326744
81815 0.01722008973251373
81816 0.022570965073125344
81818 0.009744050775471184
81827 0.0210266358839115
81832 0.026633738786287907
81836 0.03995060817943186
81840 0.026457356410219773
81857 0.024066631433392684
81860 0.00198379888883367
81861 0.0019409543644378806
81866 0.013484287273251546
81867 0.03995060817943186
81918 0.04076592671370597
81920 0.014166882333131865
81922 0.025609364217584522
81926 0.01297097668163372
81954 0.057072297399188364
81959 0.010458274392521429
81964 0.01252370162364635
81965 0.014851527204249761
81966 0.014268074349797091
81968 0.026633738786287907
81973 0.053987308350583595
81974 0.053267477572575814
81977 0.0012992067700628245
81981 0.03841404632637679
81985 0.05789943214410414
82016 0.002530120847335773
82025 0.053267477572575814
82026 0.01051331794195575
82029 0.01148005982167582
82030 0.03599153890038906
82031 0.016928223804844007
82034 0.02296011964335164
82037 0.060531224514290695
82038 0.02207215921515572
82039 0.007070904102554311
82040 0.023500357752606973
82052 0.013406244355514046
82065 0.058750894381517434
82066 0.034145818956779365
82067 0.04295764320369017
82070 0.004223108687043537
82074 0.06341366377687596
82080 0.004031342904079905
82083 0.018756154074850637
82087 0.0037653730612094115
82089 0.00439984671579646
82097 0.013406244355514046
82098 0.0063113125085990296
82101 0.005012623360029091
82104 0.004901915114040719
82105 0.004114377773370943
82116 0.04813326286678537
82123 0.016508515776624735
82124 0.015306746428901093
82130 0.059627773402137096
82134 0.059627773402137096
82135 0.007237429018013017
82139 0.015424945243023883
82162 0.018159367354287206
82168 0.007515806622295572
82169 0.017294635575511627
82173 0.0403541496761938
82175 0.04756024783265697
82177 0.06658434696571976
82206 0.00881911880340659
82207 0.010826723083856871
82215 0.028741444733404214
82240 0.006794321118950996
82265 0.004165861124028348
82267 0.03733701699012323
82270 0.009312496079121645
82273 0.041615216853574846
82276 0.019393499116229056
82281 0.01051331794195575
82289 0.07990121635886371
82300 0.004273042299473161
82302 0.052566589709778754
82308 0.05188390672653488
82317 0.024212489805716275
82318 0.04872025387735592
82326 0.053987308350583595
82327 0.041615216853574846
82331 0.005901123807892446
82335 0.052566589709778754
82336 0.06549280029415058
82412 0.03804819826612558
82420 0.007147556459089548
82450 0.0464541955574789
82453 0.003932146474353529
82477 0.03357193964658139
82487 0.02296011964335164
82493 0.0004245097033198582
82504 0.009444588222087909
82509 0.032218232402767624
82512 0.015484731852492967
82522 0.04076592671370597
82533 0.014796521547937725
82535 0.004131396916177028
82554 0.03301703155324947
82576 0.03878699823245811
82579 0.00731696120502415
82586 0.049321738493125745
82635 0.03073123706110143
82649 0.011784840170923851
82702 0.042053271767823
82718 0.0017400090670484259
82788 0.0018764963917065223
82789 0.03170683188843798
82858 0.00375475640784134
82879 0.011613548889369725
82912 0.03631873470857441
82931 0.026812488711028093
83001 0.004744727812284069
83006 0.053267477572575814
83032 0.0434245741080781
83044 0.03768925299946401
83046 0.018668508495061614
83111 0.013776071786010985
83153 0.0011630023202263892
83156 0.00464541955574789
83159 0.019875924467379034
83163 0.015075701199785607
83175 0.030886876529981802
83183 0.0008611363411923634
83186 0.0013208798984702234
83214 0.027363430259884833
83228 0.023639413123924174
83242 0.055486955804766466
83245 0.013920072536387407
83294 0.04069943556559243
83339 0.027363430259884833
83378 0.012368609343477355
83379 0.0248140423474732
83465 0.0066807037089350926
83496 0.014703615177462534
83504 0.0032964064132875314
83514 0.00929083911149578
83616 0.00926928264023941
83724 0.007108649142247661
83729 0.02309283709793749
83776 0.021250323499697795
83817 0.0008442647544258633
83838 0.024212489805716275
83871 0.006805895771623826
83874 0.07134037174898546
83878 0.025126168666309345
83888 0.044389564643813176
83900 0.002097144786321882
83940 0.07763040487511148
83941 0.01958363146050581
83966 0.020279496537782667
84031 0.025622068030553082
84065 0.004272792318655814
84139 0.009422313249866003
84156 0.01579075422111931
84163 0.057072297399188364
84187 0.02207215921515572
84221 0.052566589709778754
84222 0.0035765987627065223
84255 0.027363430259884833
84271 0.007666527538963489
84293 0.020807608426787423
84311 0.0248140423474732
84314 0.1503161324459114
84354 0.07537850599892802
84424 0.011387585791356927
84435 0.017989962659750038
84436 0.008482082416015255
84490 0.018159367354287206
84562 0.04164048548414461
84566 0.05592071020141668
84578 0.054678027752496305
84579 0.0774531171432977
84670 0.003302120412174888
84699 0.0010829657950510126
84702 0.00045295474126339977
84703 0.0022761709958124317
84770 0.006625308155793011
84818 0.004854265878424284
84835 0.02207215921515572
84895 0.007045962641875106
84909 0.004060088971676533
85060 0.01624008462578531
85114 0.032218232402767624
85173 0.008500129399879118
85190 0.02544624724804577
85549 0.0018968515218353032
85554 0.009580481577801404
85557 0.020075682502227063
85633 0.006725691612698965
85647 0.0015047310048750227
85700 0.013823739854474692
85766 0.031211412640181138
85849 0.026993654175291797
85855 0.0248140423474732
85872 0.015248323732607578
85877 0.01997530408971593
85879 0.0201770748380969
85914 0.007108649142247661
85950 0.017569418078093545
86036 0.03248016925157062
86068 0.03274640014707529
86138 0.004907937122780326
86147 0.02544624724804577
86213 0.01958363146050581
86398 0.0019948506177419633
86418 0.0011385183294223954
86434 0.004375751169707761
86543 0.051218728435169045
86570 0.04076592671370597
86573 0.04756024783265697
86576 0.00792992492387575
86578 0.0005263989073981334
86590 0.025285195050273327
86591 0.02296011964335164
86621 0.00031700374730837073
86628 0.007398260773968862
86644 0.0014895827061682271
86755 0.01799576945019453
86757 0.08323043370714969
86759 0.051218728435169045
86766 0.0434245741080781
86770 0.03003805126273072
86988 0.0023936853313020886
87022 0.009815874245560652
87152 0.0777497236789197
87214 0.0403541496761938
87535 0.015424945243023883
87583 0.015484731852492967
88145 0.004670798733432891
88148 0.006454056248696585
88300 0.005634782535886017
88453 0.011961259933961634
88472 0.007566403064286337
88484 0.025774585922214103
88513 0.0259165745596399
88551 0.006371707843609547
88617 0.06146247412220286
88671 0.02611150861400775
88779 0.03768925299946401
89007 0.034009770235034084
89027 0.002493795766506358
89200 0.15980243271772743
89212 0.03665193410957051
89251 0.029813886701068548
89308 0.0523513031672837
89374 0.010270079223504333
89377 0.058750894381517434
89401 0.005128447776563781
89407 0.006118010440954343
89439 0.055486955804766466
89508 0.003290824396987797
89523 0.006392097308709098
89571 0.013228678205109886
89615 0.0054619437957733165
89616 0.0027251438048725685
89735 0.023639413123924174
89834 0.0016618389425720407
89860 0.0205997143157544
89896 0.003507516082478653
90002 0.001806085360733809
90045 0.0868491482161562
90090 0.020916548785042857
90286 0.07008878627970501
90337 0.022194782321906588
90347 0.008237238799882857
90404 0.007376487346980732
90449 0.0063113125085990296
90595 0.006923848904580911
90664 0.0068525914544480026
90762 0.030496647465215156
90988 0.011159387759617837
90995 0.0038711829631232417
91164 0.005102248809633699
91295 0.0048424979611432556
91405 0.07682809265275357
91725 0.010012683754243572
91881 0.001994538601069988
91918 0.023639413123924174
92054 0.016715735639929646
92072 0.004178933909982412
92187 0.005057039010054666
92206 0.013681715129942417
92223 0.10095859641889572
92381 0.010403804213393712
92598 0.018077198271236137
92681 0.012602715514016358
92699 0.03699130386984431
92758 0.009422313249866003
92794 0.007330386821914102
92840 0.011715720873733682
92897 0.05036165778174365
92898 0.03003805126273072
92911 0.011222080949278611
92912 0.007682809265275358
92953 0.020349717782796217
93019 0.06986736438760034
93096 0.051218728435169045
93171 0.004351918102334626
93176 0.002606040977131889
93381 0.006612146588529828
93395 0.010885724299572713
93553 0.024212489805716275
93643 0.0017294635575511627
93661 0.004178933909982412
93673 0.0403541496761938
93699 0.01624008462578531
93709 0.017054366909103474
93732 0.06504063423140398
93765 0.029375447190758717
93801 0.02309283709793749
93862 0.004509097988649193
93939 0.04872025387735592
93959 0.011159387759617837
93982 0.00390320471439108
94432 0.028741444733404214
94492 0.011008534760033306
94521 0.006271681032877843
94567 0.012763772581288132
94746 0.010945372103953934
95037 0.023639413123924174
95057 0.024071978505573
95061 0.044389564643813176
95115 0.01624008462578531
95160 0.011763871234897416
95213 0.0040030669518468795
95234 0.0210266358839115
95254 0.004854265878424284
95313 0.006555186650908554
95356 0.02296011964335164
95365 0.009444588222087909
95438 0.023780123916328486
95454 0.0016474477599765715
95464 0.007303584676312954
95608 0.05472686051976967
95681 0.05472686051976967
95682 0.06443646480553525
95686 0.01948810155094237
95687 0.023780123916328486
95693 0.11097391160953293
95746 0.01664608674142994
95833 0.025609364217584522
95863 0.01345138322539793
96088 0.011253692444910382
96168 0.018325967054785255
96183 0.0003370506047366224
96422 0.002963694968800583
96427 0.0022469408424877313
96435 0.01759938686318584
96484 0.0023723639061420344
96508 0.003837714522519871
96552 0.004277367042765724
96834 0.010114078020109331
96875 0.02094187603735608
96914 0.07996380789662888
97022 0.10327082285773026
97124 0.0034469894891658204
97147 0.006062307766226382
97183 0.005161577284164323
97243 0.020916548785042857
97263 0.007276977810461176
97284 0.006658434696571977
97498 0.06504063423140398
97502 0.06888035893005492
97519 0.0025036846413514276
97611 0.017677260256385777
98185 0.0016070236596714342
98216 0.02833376466626373
98233 0.09213278820342902
98254 0.013013227420010378
98383 0.058750894381517434
98393 0.03274640014707529
98646 0.01799576945019453
98855 0.035044393139852505
98946 0.015916576963917073
98987 0.010012683754243572
99124 0.001569151931635187
99201 0.01624008462578531
99349 0.01902409913306279
99350 0.01824228683992322
99351 0.011222080949278611
99384 0.029798352246986848
99420 0.013361407417870185
99455 0.007828965231557886
99605 0.08544969803951588
99632 0.010012683754243572
99638 0.0464541955574789
99677 0.004157191277776469
99708 0.016440579497708583
99741 0.04250064699939559
99750 0.013496827087645899
99802 0.00807082993523876
99812 0.04657824292506689
99828 0.01799576945019453
99835 0.029813886701068548
99932 0.052566589709778754
99938 0.02757922278457908
99944 0.003330490379156088
100125 0.004866091130259665
100535 0.005256658970977875
100600 0.043901767230144904
100660 0.04756024783265697
100736 0.014166882333131865
100928 0.022250743289690837
101462 0.034739659286462485
101479 0.009831723779165719
101484 0.012602715514016358
101518 0.02594195336326744
101519 0.024660869246562873
101523 0.02833376466626373
101569 0.015013214334155657
101581 0.01977752880169894
101832 0.009334254247530807
101842 0.03955505760339788
101853 0.03385644760968801
101863 0.008428398350091109
101870 0.0038120809331518945
101964 0.002778206410252563
102070 0.03567018587449273
102076 0.03196048654354548
102089 0.003240114207577604
102160 0.08500129399879118
102337 0.0031075180602342625
102541 0.00395106656545912
102599 0.012483071705230716
102600 0.006667690638284696
102604 0.018844626499732006
102617 0.014017757255941003
102634 0.004183309757008572
102635 0.0035323260989771755
102636 0.004592023928670328
102652 0.022764197697624857
102665 0.03843310204582963
102700 0.03444017946502746
102779 0.026993654175291797
102838 0.018495651934922155
103074 0.012143041999827311
103187 0.019000634719286556
103191 0.011506471479934808
103203 0.03361343851337077
103263 0.062307837244297046
103333 0.0024037670384736377
103389 0.03955505760339788
103578 0.0012007997649363348
103609 0.03995060817943186
103700 0.003815721889152995
103760 0.0021842869425605167
103855 0.04100852081437223
103868 0.015234743153301833
103872 0.006876180409540768
103942 0.0033571939646581395
103943 0.006839460020289196
104088 0.009590067814819319
104387 0.002091654878504286
104433 0.029667657719587782
104566 0.02207215921515572
104624 0.06443646480553525
104891 0.0464541955574789
104925 0.038461079116575335
104932 0.014270518903092857
105069 0.015484731852492967
105261 0.023007571292741544
105266 0.019107982938039586
105283 0.008684914821615621
105381 0.008647317787755814
105573 0.008423903979331472
105597 0.015544983727405391
105661 0.02269920919285901
105817 0.006108655684928419
105835 0.003983111483492707
105884 0.026488086795139715
105922 0.05344582051927127
105942 0.02571949034245633
105944 0.022105313594986974
105945 0.010191481678426493
105949 0.031171548203069187
105950 0.017677260256385777
105953 0.05499370699240662
105955 0.03919121489030427
105958 0.018086165668625705
105988 0.015065091225091346
105990 0.018756154074850637
106015 0.052537411361349796
106024 0.041768610054865055
106041 0.034688338256748795
106045 0.03448906495751601
106053 0.0036680251175646
106068 0.013134419339934008
106090 0.14444531973013397
106128 0.021978687493744323
106130 0.034721127113009904
106145 0.0016556406207804332
106149 0.0011045233115684783
106152 0.001379986465610772
106166 0.0031921783671854716
106314 0.02424349786836256
106389 0.0016730709770136072
106428 0.005684223495853793
106493 0.028370895410251635
106628 0.014017757255941003
106645 0.040225696045560255
106683 0.036225916355024514
106976 0.03299845387941342
107037 0.07337663729365045
107038 0.040995308848884936
107076 0.016577015842087907
107178 0.028741444733404214
107184 0.029375447190758717
107187 0.012928999410819372
107190 0.015306746428901093
107192 0.011647407632487422
107205 0.020155160892576834
107208 0.03301703155324947
107219 0.03170683188843798
107253 0.04118619399941428
107255 0.03699130386984431
107256 0.07682809265275357
107283 0.009913302277774655
107289 0.014527493883429766
107290 0.022194782321906588
107291 0.025126168666309345
107293 0.015544983727405391
107294 0.01997530408971593
107295 0.02322709777873945
107298 0.03737141414401113
107299 0.04479619841103321
107300 0.02959304309587545
107305 0.02207215921515572
107306 0.02611150861400775
107318 0.005866462287728613
107354 0.013542579043875205
107366 0.02894971607205207
107368 0.02171228705403905
107370 0.025126168666309345
107411 0.01579075422111931
107443 0.2853614869959418
107455 0.014017757255941003
107479 0.015728585897414115
107486 0.011253692444910382
107501 0.009059094825267995
107590 0.030969463704985933
107591 0.027937488237364933
107593 0.016373200073537646
107630 0.030162355501649127
107694 0.024660869246562873
107746 0.042053271767823
107766 0.010856143527019526
107772 0.010541057567132415
107806 0.029161027868198436
107809 0.017218088279599128
107978 0.005154917184442821
107983 0.004318984668046687
107991 0.006242282528036228
107994 0.006737033419803011
107996 0.011890061958164243
108196 0.01598024327177274
108199 0.015916576963917073
108208 0.022318775519235674
108213 0.02207215921515572
108219 0.02496913011214491
108226 0.02544624724804577
108228 0.025126168666309345
108229 0.022444161898557222
108230 0.02322709777873945
108231 0.02207215921515572
108232 0.021250323499697795
108234 0.022444161898557222
108246 0.023639413123924174
108247 0.02436012693867796
108248 0.022570965073125344
108250 0.022318775519235674
108254 0.023922519867923268
108255 0.024212489805716275
108298 0.02113788792562532
108478 0.003615439654247227
108482 0.020382963356852985
108537 0.06373926716397954
108563 0.014380932635526656
108568 0.02611918031548747
108806 0.05429616229594238
108843 0.10243745687033809
108888 0.06256778900382119
108913 0.02436012693867796
109007 0.026385218424310127
109266 0.026812488711028093
109345 0.011647407632487422
109364 0.00784884247140115
109491 0.0018951901413392723
109531 0.039789564470976556
109747 0.02894971607205207
109752 0.016182358756138788
109753 0.007609639653225116
109926 0.004064151391600392
109980 0.017369829643231242
109982 0.0062035105868683
110000 0.025981444798532743
110140 0.021478821601845086
110148 0.017072909478389683
110604 0.021363961593279066
110880 0.011513143567559612
110881 0.010945372103953934
110882 0.010063125486002987
110953 0.07398260773968862
110994 0.03357193964658139
111102 0.005384178999923431
111140 0.00456578379193507
111251 0.0014242641062186044
111303 0.09420318793833753
111359 0.03656338356792441
111381 0.04993826022428982
111382 0.043901767230144904
111400 0.055486955804766466
111457 0.05188390672653488
111523 0.05472686051976967
111593 0.007942466834877107
111633 0.012368609343477355
111653 0.004281951573358184
111654 0.003975184893475806
111683 0.001942626639881107
111713 0.03357193964658139
111720 0.0010279978662714308
111799 0.058750894381517434
111803 0.013776071786010985
111863 0.019650223450370922
111895 0.015916576963917073
111934 0.026283294854889377
111994 0.0033347753071312066
111995 0.0037939798840865963
111997 0.003221823240276763
112013 0.0026902766450795867
112015 0.0034589271151023253
112016 0.0027840145072774813
112017 0.0028193795468900397
112025 0.017677260256385777
112039 0.009038599135618068
112065 0.02139548850097302
112066 0.03552577850216967
112068 0.031359839151936984
112076 0.016754641655867916
112077 0.01377642761724239
112078 0.02133825223995588
112079 0.014866295862675153
112091 0.10224492349404926
112311 0.0029332311438643064
112312 0.0052086842476443095
112339 0.03699130386984431
112402 0.007624161866303789
112455 0.0029930203363123958
112456 0.009636877846565563
112479 0.004602604628966804
112739 0.01805886844063203
112765 0.01442265663127082
112785 0.015365618530550715
112795 0.015190345315373329
112843 0.060531224514290695
112905 0.07103980171105011
112920 0.007467403398024646
112934 0.02755214357202197
112936 0.014504875648621934
113056 0.01470483904362177
113150 0.01775582585752527
113222 0.021359710092108516
113265 0.03033285183886105
113290 0.020075682502227063
113420 0.002683151907999212
113490 0.013055754307003875
113493 0.011190646548860464
113494 0.011546418548968745
113495 0.012602715514016358
113497 0.011819706561962087
113500 0.010485723931609412
113652 0.00897766475942289
113672 0.006737033419803011
113696 0.019720775393778468
113707 0.02101260435374438
113714 0.01218006346933898
113715 0.01192555468042742
113717 0.009626652573357075
113729 0.01100567718441649
113741 0.0023597524028016455
113773 0.009534751355472998
113783 0.004084929261700599
113788 0.011613548889369725
113827 0.012845854720074552
114045 0.0013107154914511765
114079 0.0124070211737366
114108 0.024507084152015277
114141 0.016508515776624735
114147 0.007033557778068989
114262 0.013075321065222589
114293 0.0027813429112113547
114294 0.001487918367949045
114295 0.0030130818907044385
114330 0.004196238101357378
114344 0.006691894167409021
114345 0.013896703629821566
114346 0.0027121933590924545
114348 0.0022194782321906586
114349 0.004848907498255207
114350 0.004647735641976452
114351 0.0035975060762976764
114371 0.004750021715950452
114387 0.003916726292101162
114388 0.0038938214599836115
114389 0.008500951881581453
114392 0.0029614980118185213
114393 0.002894971607205207
114415 0.00453468878313642
114416 0.0054577333578458825
114417 0.006817509928230692
114483 0.0009753566450056606
114487 0.006098297858413358
114488 0.004797828473797733
114489 0.006141521990490005
114490 0.0026387399482347327
114491 0.004011465209169959
114509 0.0026975816365868857
114513 0.005517313181130517
114564 0.002380846732981636
114565 0.0038689818765630093
114567 0.0003854376090635008
114577 0.0027476346753391922
114579 0.0051793460643690765
114580 0.004934716731319623
114594 0.0003374491779663135
114595 0.003099870104317852
114632 0.008340599210932201
114647 0.028536148699594182
114660 0.005748288946680843
114661 0.002438987068341383
114671 0.007211301115420913
114743 0.003168168769185714
114764 0.008428398350091109
114774 0.004300388393910856
114841 0.0056343237599181285
114851 0.004088181631694485
114921 0.009082450218758035
114923 0.006474977014494628
114963 0.012845854720074552
114987 0.001634640269207523
115037 0.005060697755784315
115057 0.00412607850086053
115058 0.008053661182270425
115065 0.0025576573738432685
115069 0.010927529518680227
115070 0.007655604383516907
115110 0.003845101845951093
115118 0.007911011520679575
115119 0.0018871331213713679
115157 0.007224341442935236
115159 0.0036318734708574415
115194 0.016306370685482394
115195 0.01604442095559512
115250 0.041615216853574846
115289 0.00799012163588637
115296 0.029375447190758717
115336 0.03145717179482823
115379 0.0024906862954758016
115398 0.060531224514290695
115551 0.010710618814861088
115566 0.00897766475942289
115587 0.001631302906469247
115667 0.008054558100691906
115749 0.0032445885965829246
115765 0.011750178876303486
115768 0.0011334437916063324
115826 0.015555437752628824
115866 0.007931273795498205
115880 0.007265026967085748
115924 0.015127365308061764
116072 0.023500357752606973
116162 0.010323154568328646
116253 0.02207215921515572
116432 0.0032881158995417166
116678 0.002649939796853314
116684 0.0022999774426846207
116690 0.07433215340731884
116784 0.0012662633337379352
116790 0.006625308155793011
116849 0.02269920919285901
117143 0.018716091850665955
117225 0.003812979684366412
117252 0.005440677304680105
117409 0.011369820128792113
117413 0.02568711072095516
117468 0.009603511581594197
117734 0.10797461670116719
117736 0.14796521547937724
117846 0.0403541496761938
117911 0.004813326286678537
118045 0.0018168750899989294
118211 0.00464541955574789
118252 0.002252007225447117
118253 0.0030684030859778693
118254 0.002621430982902353
118257 0.000965113494856129
118269 0.01902409913306279
118357 0.0043980242497575995
118374 0.04973695558872069
118385 0.0027946945755040133
118431 0.032370979639042625
118451 0.010975441807536226
118485 0.0009016160726570043
118488 0.027177284475803982
118527 0.01997530408971593
118618 0.0016474913984106977
118824 0.03631873470857441
119074 0.009462848449787856
119084 0.024212489805716275
119098 0.00649928971047445
119141 0.005428071763509763
119218 0.005988631233222886
119225 0.02336292875990167
119227 0.024212489805716275
119280 0.09987652044857964
119294 0.017835092937246364
119391 0.020075682502227063
119858 0.015248323732607578
119889 0.01029654849985357
119902 0.027177284475803982
119942 0.03385644760968801
120181 0.004962808469494641
120183 0.004895907865126453
120196 0.00874192739156058
120217 0.07682809265275357
120229 0.02747374957403125
120351 0.004097498274813524
120352 0.003845101845951093
120374 0.026118640892560874
120384 0.007237429018013017
120446 0.003999059877821007
120447 0.00551803980378893
120510 0.0013691092590620926
120513 0.004452213272492995
120515 0.022828918959675346
120521 0.005215484096531574
120529 0.0066807037089350926
120609 0.0029181302675004377
120643 0.004023223381614487
120647 0.0033459470837045105
120690 0.004711156624933001
120693 0.004962808469494641
120772 0.007083441166565932
120773 0.0058067744446848625
120776 0.004429113988850538
120886 0.003744199454492208
120945 0.03878699823245811
120947 0.01327262730213683
120983 0.004218649226972741
121216 0.0015218884963717626
121229 0.0056462654090701295
121380 0.007911011520679575
121436 0.0033319940099609553
121447 0.016182358756138788
121455 0.004519299567809034
121458 0.004337742473336793
121487 0.023500357752606973
121494 0.005044268709524225
121603 0.007303584676312954
121722 0.0033628458063494826
121728 0.004750369581383098
121731 0.0033770590177034533
121732 0.00346492698867579
121733 0.0037975863288433323
121790 0.005548695580476647
121824 0.004700071550521394
121825 0.004907937122780326
121857 0.005006341877121786
121913 0.0009749532949071798
121928 0.014741921837428729
121951 0.022318775519235674
121992 0.028134231112275955
121995 0.0036922928077108923
122108 0.006714387929316279
122145 0.027177284475803982
122371 0.006647355770288163
122441 0.013920072536387407
122453 0.014796521547937725
122533 0.01997530408971593
122868 0.02727510467768554
122871 0.00955756176541432
122919 0.012887292961107051
122920 0.012217311369856838
122949 0.004872025387735592
122958 0.0046562480395608225
122959 0.004987591533012716
123002 0.01824228683992322
123054 0.004443894124519673
123078 0.10797461670116719
123084 0.011819706561962087
123135 0.0124070211737366
123480 0.044888323797114445
123565 0.05472686051976967
123644 0.0868491482161562
123837 0.017835092937246364
123949 0.0009729812026164602
124033 0.011097391160953294
124297 0.01799576945019453
124512 0.027363430259884833
124706 0.008647317787755814
125009 0.02113788792562532
125149 0.06771289521937603
125252 0.013316869393143953
125904 0.0025063116800145453
125909 0.0033515610888785116
125939 0.025145821412884812
125969 0.0023919675346593433
126068 0.03367101898197607
126074 0.004848374779057264
126076 0.0027419772257674573
126210 0.0078028531600452845
126321 0.02436012693867796
126409 0.02075268249136644
126421 0.035354520512771555
126431 0.02515406623268824
126464 0.0377661429122164
126471 0.008666075526991727
126557 0.08094495891376542
126578 0.027488799103318168
126579 0.020635045675733425
126611 0.024509575570203595
126710 0.019216551022914814
126717 0.006250584839404974
126718 0.026799785058564052
126795 0.032622893877478756
126827 0.01963485650237012
126946 0.003740693649759537
126947 0.0012779569166948828
126986 0.004031342904079905
127117 0.004361420106924875
127118 0.004375751169707761
127188 0.004788242642987866
127192 0.02075268249136644
127199 0.005025233733261868
127207 0.0014314083905206684
127214 0.005108773424479777
127245 0.0042957643203690166
127266 0.020907939467611072
127327 0.00024995688030677503
127478 0.03841404632637679
127480 0.010975441807536226
127481 0.007682809265275358
127542 0.0032012538092829478
127563 0.010139748268891333
128055 0.002296011964335164
128194 0.03431221635472902
128230 0.004938270479534222
128562 0.014067115556137978
128684 0.015306746428901093
128830 0.03599153890038906
128956 0.01799576945019453
128974 0.034145818956779365
128986 0.01624008462578531
129019 0.0007736368741175806
129022 0.0016359187759047884
129119 0.0035167788890344944
129277 0.02959304309587545
129338 0.006474977014494628
129351 0.004161521685357485
129510 0.010191481678426493
129835 0.007398260773968862
129849 0.0008571252559414687
129870 0.010430968193063148
129980 0.025774585922214103
130066 0.007467403398024646
130086 0.035044393139852505
130307 0.02959304309587545
130341 0.02189055803266851
130623 0.07398260773968862
130647 0.008333223949497152
130875 0.008761098284963126
130949 0.011579886428820829
131169 0.005674802298214753
131261 0.06263172185246309
131339 0.012254787785101797
131386 0.023922519867923268
131507 0.01383656183191414
131509 0.0030969463704985933
131545 0.016715735639929646
131557 0.2496913011214491
131560 0.047909049865783086
