32 0.0013224605195731466
125 0.07172608239053303
202 0.0010132309036580873
219 0.023908694130177675
598 0.0039792369203074255
612 0.005602448367605869
695 0.00561700671453855
783 0.00944745625941163
895 0.01536125449375528
1035 0.002254417808800873
1036 0.002544903016657568
1037 0.002899565032808782
1039 0.0027750011656893394
1042 0.0005096468083096962
1185 0.027120309759604527
1397 0.0016966020111050452
1476 0.0018611069517516254
1477 0.0031947573129396823
1492 0.0019865824568806524
1493 0.0018535131797621594
1498 0.0018541436264219422
1502 0.002854022126534299
1506 0.0018422380066510679
1572 0.0027186020256502923
1574 0.0015133765301722684
1575 0.0017131308176242962
1644 0.001705626489887519
1713 0.09229653877082743
1716 0.10142476788003014
1718 0.1264336147545581
1719 0.04157501746433668
1720 0.0809618761147609
1910 0.010596617539704641
1919 0.001538578115066472
1991 0.0018188796335270306
1999 0.0015709458967378992
2063 0.003344077491696646
2152 0.0016513729965708908
2230 0.0017421483738192746
2294 0.002829446314249768
2336 0.002127705800812065
2389 0.00405814759919558
2413 0.0524412152106974
2416 0.0031425447317271855
2419 0.0015167452035838927
2420 0.003159758259870846
2435 0.0016649915276971627
2436 0.0018261917124557825
2440 0.0034697946906326097
2449 0.003116020890304775
2453 0.0018611069517516254
2459 0.002052402959970072
2461 0.0017561798523455252
2490 0.0031078576178338144
2537 0.001925532413168672
2588 0.004594887139697978
2593 0.0018662041292983602
2594 0.0017896199151938642
2619 0.0016122988055842975
2626 0.0031870351785506707
2631 0.0019026814176895325
2632 0.001755049021790248
2638 0.0030663301917218415
2643 0.0040448151406980645
2648 0.002644599964780155
2653 0.001668559002657028
2754 0.013337650111391246
2757 0.028098877637528403
2759 0.0016783196618474479
2781 0.0015235277422248493
2784 0.0018547745021029296
2786 0.004082768765928744
2787 0.001632090497509135
2789 0.0019167307530522188
2791 0.003296304956100979
2795 0.002895123549900484
2797 0.0018484849988743678
2798 0.0016649915276971627
2803 0.003132944289573232
2808 0.001583725235816534
2809 0.0019750660368407645
2815 0.001953128721490688
2820 0.0036282645360394355
2824 0.0016762553080198373
2826 0.001856037542281413
2827 0.00362596452682483
2840 0.0016655002327163183
2841 0.0017738959523854571
2868 0.0018758369792431211
2905 0.0023793899003406852
2917 0.006497237499023254
2929 0.003978965154511321
2939 0.0026839892967407734
2942 0.0033686449005101123
2945 0.0016997761963456533
2951 0.0017256037548846186
2954 0.0026814799178043994
3011 0.0026146328263690487
3026 0.0016306258635000032
3027 0.0020758500615691206
3034 0.0026652191386320363
3081 0.0018797180212691415
3085 0.0015574806461944317
3113 0.0035439647094585936
3114 0.0037373139765215094
3115 0.0017250576777469969
3122 0.0018459811248494786
3123 0.0030632770916305153
3129 0.0020719050785558764
3132 0.0031234023272699637
3133 0.0029487712067357004
3146 0.0017884456239109286
3149 0.001601404894735755
3151 0.0017750512086227648
3154 0.0026295310191118922
3155 0.0019601518380728193
3157 0.0020990305204776705
3158 0.00294312942509016
3159 0.0019180796135399403
3160 0.0032787402760507075
3161 0.0016122988055842975
3162 0.001981527539687572
3166 0.003330802553981502
3173 0.0013751721144501792
3175 0.0018497394847914865
3177 0.0018566697076568496
3178 0.001576853416742988
3180 0.0016252779551820245
3181 0.0018547745021029296
3182 0.001644398872301813
3183 0.0018170607538935033
3184 0.0032590585724162225
3185 0.003139338053429504
3186 0.0017972905577581637
3187 0.0018875284839613956
3192 0.002021202173407679
3194 0.0020347824791640576
3195 0.0020593812851078617
3199 0.0017288874918111356
3201 0.0018164552688039021
3202 0.002061717950711237
3204 0.0036727631822852137
3208 0.004220676668554502
3210 0.0017955145789461497
3211 0.0019344152809370157
3216 0.0028398935006408435
3217 0.0027808538346136614
3218 0.0016389603913651565
3221 0.0030982389651167314
3223 0.002786731243080538
3225 0.003276412451928556
3227 0.004053833480557172
3229 0.002001903144208781
3230 0.003228280474670424
3231 0.0018566697076568496
3233 0.0021022685158814153
3236 0.0020578264483505134
3239 0.0017943325416986536
3244 0.0020385872332387847
3247 0.002130200180414424
3248 0.002229522397415342
3250 0.004318766763773232
3252 0.0015218264270464854
3253 0.0014784871878710361
3254 0.0018472322133786887
3257 0.00269951853673084
3260 0.00149881282971694
3261 0.0015033596970988722
3264 0.0017866870736415964
3268 0.003206967990647235
3269 0.0018503673664903293
3274 0.0018987050719890318
3277 0.0017966981745815788
3280 0.001659416213601373
3282 0.0021071442836028257
3283 0.0018797180212691415
3284 0.0016923881594785813
3285 0.0018790700660739437
3286 0.0017147474871596446
3287 0.0020578264483505134
3288 0.0019214600851887593
3296 0.0018292557925102383
3317 0.001933729074735903
3322 0.0035805690397910294
3323 0.0018810152731816806
3325 0.001653878113373941
3327 0.0028869733741266005
3328 0.0018914581060654094
3329 0.004406605223425461
3330 0.0032418875578091827
3331 0.001514638027696724
3333 0.0018478583937900036
3334 0.0016871501893161592
3336 0.001750540225330928
3339 0.0019894825772556607
3343 0.0020385872332387847
3345 0.003705200271811619
3346 0.0017866870736415964
3354 0.001902017537222788
3356 0.0017762079705703846
3362 0.0020774322643599507
3363 0.0020774322643599507
3365 0.002042406242667857
3368 0.002103079576265629
3370 0.0018668432403015447
3372 0.0018535131797621594
3376 0.002116963985118645
3378 0.001907341589111445
3380 0.0017382596497705707
3381 0.0020055858210745073
3385 0.0018268037069974902
3386 0.001850995674594401
3387 0.0016563908422000942
3389 0.0019323581218293195
3391 0.0018726149988596739
3392 0.00211943322771404
3395 0.0020941921865849063
3396 0.0017277915250968339
3398 0.0019323581218293195
3400 0.002017461976935792
3402 0.0017767869171057727
3512 0.035863041195266517
3521 0.011500384518313311
4011 0.0029207765433806143
4277 0.09905105047126489
4596 0.05292409962796611
4734 0.010132309036580875
4937 0.026226059460655194
4950 0.0034698804975687525
5008 0.001096596713273086
5019 0.0019489389566251377
5370 0.024778101189456864
6398 0.007042840006759596
6525 0.01279620249220777
6697 0.029951550888354456
7881 0.007550113935845582
7908 0.07325122124668844
8423 0.026370439648807833
9254 0.00199677005922363
9433 0.005080318976403085
9691 0.016419223679760574
10078 0.014013322009461465
10793 0.036318718506130464
10988 0.12472505239301003
11140 0.025217633543941916
11339 0.1082525087117029
12088 0.026082211778375646
12150 0.005522981014873871
12722 0.009254978372972004
13154 0.003090239377369904
13437 0.01009478196607502
13809 0.0031310639067665194
14042 0.015269418099945408
14806 0.026462049813983056
15089 0.07467372961206178
15212 0.01299951250293344
16460 0.03935130807223405
16635 0.13140871004831842
16636 0.08674365896318174
16855 0.028842234188785766
17179 0.04161207833343901
17371 0.04037912786430008
17460 0.01034231318927357
17823 0.01285656193792573
18485 0.009208078144730592
19308 0.08146150803900282
19916 0.009040103253201509
20741 0.061945252973642166
20844 0.08268993945592204
21000 0.02290412714991811
22183 0.010132309036580875
22898 0.018991057360252556
23268 0.01598587173513346
23383 0.018478583937900035
23400 0.002815635716010599
23432 0.05993281738365417
23630 0.010558543419224816
24088 0.01656894304462161
24378 0.014973714767188926
24450 0.01279632895093103
24870 0.0896082900687645
24918 0.029869430022921497
25011 0.036317200260737585
26149 0.0068741264333928255
26165 0.10483042810924059
26166 0.09558745922044593
28154 0.011356629711834397
30618 0.0008335141072905979
31855 0.007277946944833792
32479 0.004125906963380752
32862 0.017480405070232467
33744 0.09592341204506974
34691 0.008756787359661046
36696 0.04133146798599571
36697 0.2097648608427896
37004 0.033095577200238334
37014 0.029308372619569454
37046 0.09491466394467533
39256 0.018670847423128148
39257 0.022314021107353366
47974 0.04399968493127823
48848 0.21700936687885017
50562 0.0008811966657516462
51134 0.056312231569199026
51139 0.032242351054098665
51140 0.031794790881538824
51287 0.1215712662849063
51930 0.11255675459857004
52383 0.06917449862515714
52628 0.005938107038867659
53962 0.026146328263690486
54028 0.054720344305834716
54540 0.05739233025056435
54905 0.2944422530482373
54919 0.01309225452304397
54921 0.10094781966075018
55115 0.050659793187140895
56731 0.00216933439681818
56815 0.035399750405725426
57492 0.06479053495384449
57649 0.03311605269450795
57682 0.10447772293178138
57692 0.11470495106453509
57792 0.05533959890012571
58083 0.12164200802816816
58099 0.01746230908181797
58101 0.07646996737635672
58102 0.04736091584914819
58104 0.04436421355914284
58106 0.0566197688562163
58108 0.05739233025056435
58109 0.037670638603933736
58119 0.12515234079815227
58136 0.04792556097788137
58138 0.09697668292212845
58139 0.04193903755694956
58190 0.03732317372647811
58191 0.08921496193908285
58193 0.03404812702531364
58230 0.010459996861234958
58241 0.015821372560625532
58254 0.010643735335335806
58335 0.07616692119736829
58374 0.014470480664407676
58396 0.031517348214045754
58397 0.06157801584942593
58410 0.010292702198462362
58443 0.023673332416853855
58449 0.06845244591870578
58484 0.0214476806846248
58552 0.0826002554624842
58553 0.13382244290862427
58555 0.19485646111256696
58559 0.009881690740114288
58561 0.048145452769569524
58602 0.03066022374719806
58686 0.01836365531375466
58687 0.28690432956213213
58689 0.007307390699668534
58692 0.07257409010825198
58731 0.03888335480911365
58742 0.02725269341098484
58753 0.0272295702729289
58754 0.021314349556973353
58758 0.031984529944231795
58773 0.04087805284318114
58784 0.022339573537799657
58793 0.04854778245845172
58837 0.025850772617762332
58840 0.05133515935133702
58843 0.03869913415690948
58863 0.003913267955262391
58922 0.020376551727806596
58939 0.027567116251058225
58940 0.07677721495324663
59059 0.06211581511448641
59060 0.07931783836881083
59117 0.07949848093581639
59253 0.031071989860230888
59272 0.02272599813333736
59298 0.35749744006663564
59342 0.011850637516395738
60168 0.1757854796281753
60452 0.026707806052130263
60454 0.0917711074917251
60803 0.07370218477314709
61384 0.005266842764908706
61487 0.0058868058981431
61647 0.04984212252371141
61675 0.0872670040565484
61953 0.048671270193575984
62907 0.06531749847426928
62943 0.07532633170133733
62960 0.021493328094162868
63009 0.0662686460174303
63038 0.053354480882166946
63382 0.0009437642419806978
63519 0.04706203735665828
63520 0.12369149270623818
63521 0.12001995517746414
63724 0.041881872200826856
64781 0.009716902427237986
64788 0.00792244967989935
64809 0.035216432344374805
64966 0.015377443869819462
65858 0.0009131479950616492
65883 0.058989001395307446
65884 0.10069009689732468
65885 0.11553016653981951
65887 0.07626111162903751
65888 0.062411074189174354
66082 0.024810897519039633
66588 0.0457346825632754
66629 0.09693241845563419
66645 0.08921496193908285
66750 0.030298024422546734
66832 0.06387084978664323
67493 0.07926244634132588
68116 0.10233468821019706
68275 0.014650244249337686
68301 0.009010218614347951
68389 0.2550612841663721
68653 0.01744736082624337
68826 0.007239285872085671
68849 0.03364567488941953
68867 0.017512531297508134
69061 0.06709680028876128
69111 0.01039375436608417
69310 0.004527560018007069
69851 0.09297072981187836
69858 0.13627955654201276
70823 0.02205810295253537
70858 0.004435461563613108
70887 0.08833267591447119
70891 0.01253145347512761
71076 0.015858511816293372
71338 0.00463142078307605
71924 0.012195038616734922
71952 0.0904612443473181
71953 0.04202789145007869
72019 0.06781577394001621
72020 0.0975537801124011
72432 0.04249378615714087
72549 0.01096817356474952
73066 0.1811713059230306
74187 0.005918764670662878
74410 0.013593010128251462
74419 0.0038845344600516593
74554 0.007688550439605798
74555 0.00777629423920187
74663 0.05116725535394071
74771 0.08009678788176089
74774 0.07503161660688672
74784 0.0008533333836060229
75306 0.0016563908422000942
75530 0.03898779379987547
76115 0.0007059288088164349
76922 0.007969564710059225
77908 0.036100544779341125
78925 0.015486313243410542
79273 0.008218747886983742
79293 0.02781215439632913
79304 0.04233786182148047
79589 0.023911020406950107
80279 0.06984917170576459
81860 0.0010373324950866813
82155 0.01011351068957423
82264 0.010667675658865968
82667 0.007244626277145011
82914 0.031826392679595666
83193 0.019399225130535623
83357 0.025815828786238455
84608 0.002017461976935792
84733 0.006187494054120897
85261 0.018738265051382628
85529 0.04035239689395963
85863 0.0346979469063261
86528 0.022619013533944025
86593 0.06833486446397835
86621 0.0006096225275323355
86688 0.004367934504551691
87021 0.006251355804679485
90188 0.3634121507787007
90302 0.01299200608517155
90356 0.03196116088310688
91566 0.004232284364658781
91990 0.09398590106345707
92633 0.02869043295621321
95316 0.09118283116164994
96404 0.032766059175025126
96822 0.022808293981926818
97146 0.011824690372408917
98271 0.022274187487131808
98439 0.02245657877635704
100611 0.13964080999160794
100936 0.03406988913550319
101975 0.062362526196505015
102470 0.06199113988886607
102472 0.06475279495578594
102473 0.1007436641767871
103329 0.018991057360252556
103339 0.11255675459857004
105298 0.011286091639090085
106056 0.12372674550841113
106145 0.0022590892091506466
106147 0.0023248498430938898
106151 0.0019707817287348195
106208 0.05400159311407154
106209 0.18345951476404387
106389 0.001348301326163866
106559 0.12999906911514023
106697 0.04864019614217063
106699 0.07691592328011461
108545 0.006331222139001754
109128 0.02605888646838111
109222 0.02428856283442827
109334 0.0010659331759250118
109865 0.15485863681529732
112395 0.0015087689625465017
112794 0.15689061543850072
112950 0.003557188458374484
113416 0.12753064208318604
114594 0.0007795974218331568
114987 0.0022304346406221403
115358 0.16164229160474305
115370 0.03364927322025006
116200 0.0017879995887413295
116429 0.015306225335128926
116616 0.11659443984604417
116831 0.12814884379475128
117081 0.0367715293907679
117204 0.015485996438058295
117868 0.01918846959892462
118045 0.0014641907767070938
118228 0.004139090555566067
118282 0.08739317124572632
118485 0.0012302374772467863
118943 0.11799292740954535
119014 0.0025019392456174416
119908 0.06596132400325279
120242 0.05047390983037509
121020 0.013560154879802264
121236 0.04395073274801306
121884 0.015058514535029034
122206 0.001883324959097289
122443 0.11873038320585502
122505 0.13458727155449812
122598 0.10642230557716481
123820 0.07591207556609236
123949 0.002247845561880843
124056 0.06711067550045846
124141 0.0028777102288523953
125156 0.0011855550808352567
125658 0.0880235045585059
125969 0.0024359785566451264
126082 0.11776117501746058
126087 0.06148936669555753
126947 0.001029885180744476
127396 0.16909321886149523
127576 0.0017810987798307105
128382 0.0029590491342668815
128414 0.10459207103836315
128724 0.08457783761701615
129849 0.0011695306289810148
130021 0.023098229922375042
130411 0.10691512226291906
131128 0.026462049813983056
