6 0.013270343588231348
8 0.00946514535683161
11 0.02731368085394663
16 0.014001271622181101
22 0.00293147298012493
24 0.0032420198509474397
33 0.008490473638164742
34 0.05191856691246054
38 0.044806924821439956
57 0.0032404689780593816
59 0.01762934476189407
60 0.005070800679740795
67 0.02196554753988715
110 0.005285380313216513
134 0.053004813998257023
164 0.0025002270753894827
169 0.004730532075608226
187 0.03816940578956704
190 0.01381272420115048
197 0.015788667999480817
210 0.02195465668566859
218 0.006171067383504642
230 0.006961232607651017
231 0.029912014232896814
232 0.005124774834085624
242 0.006921385583174823
245 0.0008895557372040259
251 0.005988700282562178
253 0.011826769685193632
270 0.029682695839023936
271 0.023524346770609293
284 0.13197557256053688
286 0.0038054738255158893
299 0.012127696132061246
307 0.03721747827188009
309 0.0031346854996262786
317 0.016062064847956675
320 0.04325865989484264
334 0.0032096340656384012
363 0.004791873834025725
372 0.021081460112943137
383 0.017646479203392487
388 0.020129501593808136
402 0.004723418493539642
424 0.010221313994154248
432 0.04079315971693328
434 0.018069298393749916
436 0.026749112425792924
440 0.014131342091946601
452 0.003961501661269556
457 0.0036955547608346533
480 0.03845487759889264
487 0.020875492710647925
493 0.006016727661646756
507 0.010920839805149615
509 0.014493503827648406
512 0.04818619454387003
515 0.0083754785098826
519 0.0008267070136080702
530 0.019528089367778903
535 0.013251203499564256
543 0.012528252005994726
589 0.005456377911585282
592 0.052013820743842254
603 0.0067260670197084845
609 0.06746067236141803
613 0.006017381797325407
623 0.002168519567433075
634 0.003584866647225113
685 0.006445468550315139
695 0.0017921052591005893
696 0.007827715147421923
698 0.0036992392620917164
744 0.0021105443571547166
760 0.004118021065347383
763 0.007162812702467166
769 0.0009812657658172022
771 0.009271158338154405
783 0.013494902566848658
805 0.0069352093081831625
810 0.005331439418061604
858 0.03495268585992734
865 0.004090314747642396
866 0.01893029071366322
867 0.055203633158776855
868 0.0045414161320416055
869 0.059874961835846285
870 0.01569870721990257
878 0.0029754105692686383
888 0.002477187143693898
895 0.004006843390796968
898 0.025766229026930498
910 0.019638730189046397
911 0.011234672882431027
914 0.038250896699773114
916 0.012310742985357781
917 0.026764006588904248
918 0.015788667999480817
930 0.017338023270457904
931 0.012750298899924371
965 0.001800260543366323
1010 0.011756967871422556
1025 0.15267762315826816
1032 0.0008838135335407604
1035 0.001534465252224149
1036 0.0017321834639953278
1039 0.001115555315657845
1042 0.0005873360692228613
1043 0.0006297245383363869
1053 0.008068972830126088
1068 0.0008436418780986794
1069 0.01282462765650309
1071 0.03637585274390188
1074 0.0014345170930493139
1091 0.0031074849077705126
1100 0.014851410393398877
1106 0.055735443070571655
1146 0.007945047066119898
1152 0.0012334896874594387
1194 0.015137702641946325
1221 0.0018422725818659344
1249 0.00909396318597547
1270 0.003717772524927847
1275 0.013741988814362933
1278 0.15533256513925364
1306 0.026280849622217765
1338 0.1855168489938996
1347 0.04365102329268226
1349 0.04247496590879996
1350 0.012539214763288871
1368 0.009091384365278907
1390 0.000986529375133739
1391 0.06770175423268894
1415 0.0981585405688707
1424 0.004091728208655636
1425 0.03717246506750133
1427 0.0011412909811990132
1428 0.00330689570399108
1430 0.00992068711197324
1455 0.0035370228597502306
1495 0.00251285863856309
1497 0.0012905519930010408
1504 0.0013666066224228331
1510 0.006718873365141952
1554 0.016942177990310465
1564 0.004681182262598901
1572 0.0010928827628506603
1620 0.01262003043933821
1623 0.0024330078556576997
1644 0.0019656278461851456
1697 0.0031231792759915757
1706 0.051532458053860995
1707 0.022486890787139346
1729 0.0013787948643173512
1730 0.02222911639974161
1739 0.015377881331718963
1748 0.005110656997077124
1755 0.033947073273082884
1756 0.0411811916880812
1761 0.0032805808840654215
1790 0.02096235581851973
1805 0.008529510298570096
1811 0.006697359169454859
1831 0.00823974474187479
1854 0.0032546815612964843
1858 0.02016487489064126
1860 0.018218016899048266
1882 0.007318218895222864
1884 0.023355383259482512
1885 0.03747815131189891
1899 0.031189721978538504
1910 0.011892501030541224
1911 0.061277810020252364
1912 0.00783123086324002
1913 0.003678071777756279
1914 0.04394525319025842
1944 0.005496795525745173
1958 0.003813295971097628
1959 0.08651731978968528
2026 0.00712156809957388
2054 0.004188573846730326
2057 0.019123015578698613
2072 0.01875267640718724
2073 0.0025430685263043125
2079 0.004731986456245688
2085 0.001334457374648102
2105 0.005361758641442184
2117 0.02221758670585624
2130 0.017501589527726378
2167 0.003651906476257866
2187 0.04946572123155689
2189 0.004334505817614476
2194 0.032263799825026016
2211 0.14841347919511969
2214 0.030287626893571368
2230 0.0024885135126467483
2231 0.009390353656812742
2234 0.001256889220825878
2247 0.002068192296476027
2260 0.000837926147217252
2263 0.03238219895055528
2284 0.01052285862044845
2293 0.0024782173077885668
2295 0.001310610024683148
2311 0.029493645992524527
2319 0.006798859952822213
2332 0.0022720240855000815
2333 0.027995590263787586
2343 0.030946534957673525
2344 0.006288706745555918
2354 0.015021607205983773
2368 0.024635869005520488
2374 0.018834197867400974
2389 0.0013161890670017708
2412 0.003058810370880455
2421 0.0074504758632088185
2424 0.002802027919896398
2425 0.0032013261258653945
2435 0.0011332733597672548
2436 0.0012429939631082051
2443 0.020031575142392437
2453 0.0012667589552331827
2459 0.002365266037804113
2467 0.002603329582437872
2470 0.011833675959075494
2495 0.014841347919511968
2510 0.020172432075315223
2537 0.001310610024683148
2540 0.04882022341944726
2541 0.0638242523038662
2564 0.019324671770197872
2566 0.0017297608297799497
2577 0.0011797573862887096
2581 0.03637585274390188
2582 0.04034486415063045
2583 0.10881681742349704
2594 0.0012181014379113563
2632 0.003117158397681865
2643 0.0030105391738805575
2648 0.0010631338051226337
2650 0.014550341097560753
2653 0.0011357015549060276
2670 0.03816940578956704
2695 0.015414238686906858
2728 0.04818619454387003
2741 0.02235142758962646
2742 0.016326971303878366
2747 0.008342824165216102
2759 0.0019341584348545953
2768 0.026671884251239317
2772 0.015137702641946325
2773 0.0017322711415064908
2775 0.035694014752316615
2781 0.0017557704294040596
2782 0.0021761507213360655
2784 0.0026493905345599442
2785 0.0033522660599827774
2787 0.001110879335292812
2794 0.0011653068404139423
2799 0.0020961450104797215
2800 0.0022104667826909658
2804 0.0013726736884491276
2807 0.0022151433696783233
2808 0.0010779596106560115
2815 0.0013293934001712617
2827 0.001991171662886759
2847 0.028762302169596837
2848 0.0069179725064758505
2856 0.021440773366579267
2862 0.0014215850497616828
2868 0.001276784920811422
2888 0.002090564591150657
2891 0.004408523927303667
2904 0.03101307903473475
2905 0.001619527271880398
2929 0.0027082751677941544
2945 0.0011569494792260655
2951 0.0019886503945576845
2954 0.0010779596106560115
2983 0.001660849140500444
2998 0.0009771759230650494
3006 0.004530325982757011
3011 0.0010510869631382414
3019 0.0015689676814205106
3027 0.0014129234500677807
3033 0.0013046191912369873
3034 0.0018140764067016242
3063 0.039843185116048854
3064 0.0028104191533236205
3065 0.00469167034832541
3081 0.0012794265447855144
3083 0.0019656278461851456
3086 0.03312800874891064
3113 0.0019461420682799645
3114 0.002543795746838182
3119 0.0012281817212439563
3122 0.0012564635895286123
3129 0.00238774100965706
3131 0.0011430489771651238
3132 0.001255613191160065
3140 0.0012314427414132068
3142 0.0012973206223349622
3149 0.00108999323733196
3151 0.0012081852751149437
3152 0.002736927515315176
3158 0.0011831431696039513
3159 0.0022104667826909658
3160 0.0013180593178962672
3161 0.0018580735274793625
3163 0.0011656729437254138
3174 0.001971178724947513
3176 0.0011515633084661675
3177 0.0012637387533644387
3181 0.0012624487852596093
3184 0.0022182721032513153
3185 0.002136784556601267
3187 0.0021752585167616775
3189 0.002279443612629799
3193 0.0014386727335703728
3198 0.0013138587039228018
3206 0.0013120003464915106
3211 0.0013166561319652207
3215 0.0011490668875435094
3217 0.0018927829455883474
3220 0.0011734146046419962
3221 0.0021088105392439494
3223 0.0011202708272578478
3224 0.0012941531147115423
3227 0.0013147898582133212
3232 0.0012496924822761844
3234 0.0012991375979964958
3238 0.0022128026052862714
3239 0.002067856022517355
3243 0.0012093666818376765
3245 0.0014107745170638753
3248 0.0025693851110052046
3249 0.001998138230409582
3253 0.0017038640077048346
3255 0.0021506835318068213
3258 0.001247172094076636
3259 0.0011562284137980653
3263 0.0026297057686834433
3264 0.001216105204810879
3269 0.0012594490766727738
3272 0.0012633084711876036
3273 0.0010954641216055483
3274 0.0012923500452378936
3277 0.001222919241884638
3278 0.0012838536262553605
3279 0.0013666066224228331
3280 0.0011294785326873644
3285 0.001278985515297481
3287 0.0014006557115432208
3288 0.001307838202283395
3289 0.0011968828967348362
3296 0.0012450795234489906
3302 0.026693071797683397
3316 0.002010930408581218
3319 0.0012046548635967506
3320 0.0012680577511544745
3324 0.0012693592130954472
3325 0.0011257090351571577
3328 0.0012874174114774434
3329 0.002412192930939181
3330 0.0013032444607931127
3331 0.0010309355320583472
3332 0.0023267209616324907
3334 0.0011483556112281002
3335 0.00116093147055006
3340 0.0011419935302794681
3346 0.001216105204810879
3361 0.0011831431696039513
3362 0.0014140003734291128
3363 0.0023941107455822124
3365 0.0013901599774739572
3367 0.0025521333271293595
3368 0.0014314571681628054
3369 0.00118959184991279
3373 0.0012728428747437364
3374 0.0012425776891754829
3380 0.0020032355218136877
3384 0.001235955023277146
3385 0.0012434105160449036
3386 0.0012598767334050906
3388 0.0024032695472103
3391 0.0012745918859079328
3393 0.0010179250973602174
3397 0.0022444253649188013
3401 0.0013120003464915106
3402 0.0012093666818376765
3404 0.0018691301982766218
3407 0.002303126616932335
3430 0.020728139552391018
3452 0.12470360863292193
3484 0.002138522754972906
3529 0.015206299097860624
3537 0.0038490157098723067
3564 0.010639443937582276
3566 0.009591063505965992
3567 0.0037482974918900507
3570 0.07894333999740408
3577 0.006092768999273611
3578 0.09764044683889452
3580 0.1336626935405899
3603 0.0506624725516752
3605 0.07135263422842293
3703 0.07390760701656147
3712 0.022486890787139346
3942 0.1196882896734836
3962 0.0009225104375629019
4026 0.0016796455318596614
4038 0.01855168489938996
4043 0.003906807584830674
4056 0.003345660035958514
4068 0.018652170726832323
4094 0.01963170811377414
4095 0.017467178501898512
4096 0.10027937783454033
4104 0.04475033782225101
4118 0.01707578680059578
4129 0.04619225438535092
4155 0.04470285517925292
4201 0.08158631943386656
4219 0.011026097400918379
4222 0.00752603849873832
4239 0.006083249047712246
4244 0.0031718860607770796
4255 0.000777300989409518
4261 0.0040503846527451485
4269 0.021404645983729053
4276 0.021440773366579267
4311 0.018277522068364492
4316 0.0159888270658556
4393 0.011560679015180143
4412 0.008477930629430128
4416 0.009472699247045835
4446 0.002468005952796094
4447 0.0011444592781856854
4460 0.1145082173687011
4461 0.1256429319281545
4462 0.05367030257824563
4463 0.17948990275450644
4466 0.03254681561296484
4543 0.0022665467195345096
4545 0.07568851320973162
4567 0.012956004627407114
4585 0.01117571379481323
4620 0.01973583499935102
4628 0.12317934502760244
4630 0.05708210738273834
4632 0.05279114786897248
4633 0.014466805588128486
4635 0.05708210738273834
4653 0.020340113410083765
4658 0.015151633776525623
4688 0.00623423441238725
4715 0.0037724568440295945
4721 0.002116564164220189
4744 0.01592419304668666
4745 0.032993083415811884
4746 0.0674711071940606
4747 0.012246135840854022
4765 0.022054428207744583
4773 0.15459737416158298
4789 0.005025623046718572
4817 0.009174817004075648
4824 0.021571726627197627
4825 0.01649038657723552
4879 0.021391645002944167
4882 0.007911166268396571
4886 0.01656400437445532
5003 0.14270526845684586
5013 0.020135085244896555
5035 0.013170118650749947
5073 0.006003781520838175
5125 0.0026616477617489183
5133 0.014183167178636933
5163 0.01644540993824012
5202 0.016062064847956675
5233 0.03307239371248451
5234 0.03796821169882303
5235 0.02792065153958989
5280 0.001746862984876644
5283 0.128207073396076
5307 0.042671872598076824
5308 0.007223216466334972
5320 0.032185255857654055
5324 0.008372643850614704
5348 0.010202917235411828
5386 0.1264850887562494
5388 0.057974015310593624
5414 0.0011294785326873644
5446 0.021514200672629196
5512 0.012754164953836425
5572 0.005285380313216513
5600 0.0006267461114658771
5654 0.005523366321233598
5704 0.005496795525745173
5776 0.003968274844789297
5786 0.005038116924903409
5855 0.011522785651795006
5867 0.01488059867720581
5874 0.011243445393569673
5911 0.06965391354820052
5952 0.010083702401938564
5970 0.06870994407181466
5982 0.014886603309023045
6011 0.005110656997077124
6037 0.08029742943877059
6073 0.0027981425187616833
6104 0.05950919702847495
6116 0.017764943088440132
6165 0.02129541219121263
6175 0.015232894702355011
6176 0.0225166544674112
6177 0.020354412226141184
6209 0.0103064916107722
6210 0.06746067236141803
6247 0.013597719905644425
6324 0.002734220324154747
6345 0.005717006132323563
6361 0.045806629381209774
6381 0.03786058142732644
6403 0.00752603849873832
6407 0.02631444666580136
6440 0.0006573949291066606
6536 0.0074504758632088185
6555 0.035079326026086495
6589 0.023483145442265773
6594 0.006958497570215975
6604 0.020940488654692415
6609 0.027082751677941545
6611 0.007487659828853069
6628 0.03171228187929908
6633 0.0172890963985712
6641 0.002716205695371883
6667 0.01095155946704877
6668 0.060405255734689654
6761 0.034995874359436595
6762 0.1686516809035451
6767 0.04832420458775173
6773 0.049471159731706564
6780 0.08065949956256505
6796 0.0035102525826660284
6878 0.0019656278461851456
6879 0.025813283419642737
6883 0.0042905617083992455
6884 0.009005672281257262
6936 0.024069527189301627
6939 0.023773107379289296
6994 0.06488798984226396
6996 0.04907927028443535
6998 0.004502836140628631
7063 0.01684221607616012
7089 0.0068709944071814666
7137 0.012706633492732848
7173 0.01599283180981893
7183 0.004850113699186917
7188 0.14270526845684586
7192 0.0025219376139733944
7193 0.025852455129249895
7219 0.021101002635980342
7220 0.011830784550673682
7259 0.013618314457052668
7285 0.005377299970837669
7316 0.04653441923264981
7320 0.04816862678208892
7348 0.005638809999814577
7349 0.04470285517925292
7353 0.009513684563789723
7357 0.02235142758962646
7358 0.03342645927818011
7385 0.019224543937191668
7414 0.015864006556585163
7415 0.016056208927362974
7485 0.0038490157098723067
7500 0.03637585274390188
7514 0.142805745369959
7555 0.04991383834020305
7611 0.001678129772627993
7614 0.03198566361963786
7629 0.039056178735557806
7647 0.0069352093081831625
7655 0.06177297173441391
7660 0.15810636094531175
7695 0.035492353652021046
7822 0.012224613615151354
7823 0.1336626935405899
7839 0.027082751677941545
7877 0.054926227967024205
7890 0.0017567883427452614
7903 0.0031205525482573522
7904 0.031254460678645395
7905 0.023937657934696724
7945 0.08065949956256505
7957 0.011816359808528637
7958 0.004221088714309433
8011 0.013425101346675303
8012 0.02304557130359001
8030 0.02115200874211355
8037 0.019965535336081218
8039 0.060643535705051085
8040 0.033708046671305954
8044 0.008737265679806408
8115 0.10600962799651405
8158 0.04882022341944726
8186 0.002947050818012702
8195 0.008897690599227797
8253 0.017924333236125564
8257 0.008263556748057888
8332 0.1495749189620887
8372 0.012794265447855144
8419 0.010944946843297911
8424 0.02456327691189803
8456 0.04818619454387003
8540 0.016382223321827195
8549 0.03257974385385638
8554 0.021223468231107177
8594 0.022085339165940427
8658 0.021201925599302812
8671 0.010631338051226338
8684 0.014782219043338613
8685 0.04619225438535092
8860 0.0064192681312768025
8863 0.0064103536698038015
8866 0.01016530679418628
8913 0.02195465668566859
8918 0.007979219311565575
8937 0.03816940578956704
9021 0.007587601185844565
9129 0.01832131477899218
9153 0.03283484052989373
9155 0.006845640184276738
9181 0.01376395778603728
9182 0.04098188832142988
9185 0.006353316746366424
9205 0.0159888270658556
9208 0.005579454105079687
9224 0.012794265447855144
9236 0.007596307855390235
9246 0.056217226967848366
9299 0.006430037457940354
9320 0.0009647262038164307
9339 0.0006943132843067777
9342 0.00771379829496464
9352 0.025766229026930498
9397 0.0026578345128065845
9423 0.02441011170972363
9425 0.008246928435434304
9602 0.003998207952454732
9603 0.015144232570930581
9630 0.0439310950797743
9689 0.010165276937930491
9692 0.012245336567254099
9694 0.0330639294547775
9702 0.128207073396076
9710 0.018277522068364492
9788 0.0010858463505642353
9871 0.013060595834527493
9873 0.02318960612423745
9920 0.011704533059552024
9922 0.006475282687396147
9929 0.013204046191736625
9930 0.014691620341644672
9948 0.04216205769401158
10009 0.00828200218722766
10046 0.06279401569459189
10051 0.0440495333976988
10059 0.00946514535683161
10066 0.027710173598119843
10090 0.05235122163673104
10091 0.004927406347779537
10092 0.01806626167302013
10125 0.09238450877070184
10146 0.0006469637279647763
10195 0.05408879320223392
10198 0.0436260180306092
10203 0.024458442577175298
10220 0.005551069725979597
10260 0.0066852918556360216
10317 0.005074431822623364
10330 0.05522382114235231
10391 0.048409469915999356
10401 0.0015583103653414498
10403 0.051178937647037334
10417 0.012165039278288499
10430 0.02669682576701394
10431 0.02425056849593459
10475 0.06625601749782128
10501 0.01117571379481323
10580 0.010692613774864529
10584 0.03195999814455502
10588 0.016108068195917244
10595 0.0337010811996175
10596 0.014493503827648406
10607 0.0299220724183709
10663 0.004649545087566406
10667 0.018922128302432905
10742 0.0011778847555168229
10755 0.0024951829050961615
10756 0.014343546641777588
10781 0.045062350201396165
10793 0.007275170548780376
10818 0.009789579356117161
10828 0.0412259664430888
10830 0.021571726627197627
10930 0.03128606435666946
10931 0.012577413491111836
10962 0.02441011170972363
10988 0.050139688917270164
10993 0.020728139552391018
10998 0.006515948770771276
11078 0.05456377911585282
11167 0.0009928651270746567
11168 0.003388435598062093
11190 0.010880753606680327
11199 0.0981585405688707
11215 0.03926341622754828
11271 0.2251819216869871
11288 0.010570760626433025
11334 0.002247197008359761
11361 0.017584535449658732
11399 0.03610429078395244
11403 0.005685200539735497
11485 0.026943109969106142
11498 0.02333545270363517
11555 0.008263556748057888
11577 0.007361779721980142
11578 0.024929153160348116
11579 0.2026498902067008
11580 0.016638282420977542
11588 0.07729868708079149
11600 0.020728139552391018
11602 0.014493503827648406
11658 0.009369537827974728
11662 0.00513186304270815
11665 0.030495857264115172
11666 0.017071050533716645
11690 0.005448365609218784
11697 0.013346535898841699
11699 0.14841347919511969
11713 0.0927584244969498
11723 0.11621729523987576
11724 0.06598778628026844
11776 0.07000635811090551
11800 0.01994134282193121
11807 0.004459539639276433
11889 0.033415673385147476
11891 0.002134831403842343
11894 0.002537850191435015
11908 0.004678861260880192
11959 0.17668271332752342
11969 0.0047568422818948615
12044 0.053238530478031565
12077 0.02604104768511017
12091 0.0010748369003122805
12105 0.008353918346286869
12115 0.0008600688409545646
12120 0.0041134556317937825
12135 0.00966074290455543
12138 0.006375149449962186
12170 0.11633604808162454
12182 0.022834483228949196
12189 0.008897690599227797
12206 0.026420446731103248
12214 0.046966290884531546
12215 0.005852266529776012
12216 0.014945410328352546
12223 0.06770175423268894
12259 0.036022689125029046
12265 0.039197951348987334
12272 0.009947284128359228
12276 0.021081460112943137
12308 0.06870994407181466
12309 0.020783934772153657
12325 0.05270212031510392
12368 0.054451460007494235
12377 0.01984137422394648
12383 0.033774981701116806
12388 0.005354021615985558
12416 0.058894237775841136
12429 0.014054306741962092
12453 0.010193233461203275
12464 0.0019354913823046384
12500 0.03198566361963786
12503 0.038649343540395745
12504 0.015395589128124448
12509 0.04365102329268226
12514 0.023483145442265773
12516 0.007650179339954623
12536 0.0309194748323166
12575 0.09764044683889452
12654 0.039056178735557806
12660 0.015331970991231372
12662 0.02304557130359001
12679 0.045009010295212
12681 0.008451792664870141
12694 0.027689081939388
12698 0.02196554753988715
12705 0.01957321670537989
12706 0.0598441448367418
12714 0.05205319345806383
12724 0.042840238863716254
12737 0.011816359808528637
12788 0.012280105704490233
12805 0.05816802404081227
12813 0.03988268564386242
12815 0.028685600896838928
12818 0.018644909446623077
12824 0.0638242523038662
12826 0.02309612719267546
12851 0.05233456207135066
12863 0.013741988814362933
12871 0.03089904278203046
12876 0.006795488974135517
12901 0.05642433899327301
12921 0.018762792243546208
12937 0.036736009701762294
12952 0.06980162884897471
13013 0.01893029071366322
13054 0.01775280851616264
13077 0.005873930107426321
13078 0.022624005974865805
13081 0.04635579169077203
13084 0.006046339361316386
13092 0.036126470086566685
13156 0.00709433456955639
13208 0.10600962799651405
13232 0.04566931124150883
13247 0.01199777932368517
13265 0.06288706745555918
13279 0.007844264228071865
13289 0.10647706095606313
13292 0.03198566361963786
13303 0.007912023421168419
13306 0.007774933906445204
13343 0.056217226967848366
13345 0.0005745334437717547
13387 0.01592419304668666
13416 0.03947166999870204
13470 0.01627340780648242
13471 0.02318135275427205
13490 0.015082670649910538
13508 0.031179302351915898
13510 0.04818619454387003
13512 0.019205978769929407
13518 0.011451657345302443
13549 0.02182551164634113
13554 0.004535864278579453
13559 0.013142566101271392
13576 0.012534922229317541
13596 0.03373033618070902
13597 0.02983355854816734
13638 0.006858293862990743
13692 0.02631444666580136
13717 0.010563537585973799
13747 0.03467604654091581
13809 0.002131152774197583
13877 0.004427609761190921
13947 0.0126632661429283
13977 0.0021448093535021253
13986 0.011209477280598163
13987 0.026559918968208737
13988 0.04836371913709116
13990 0.13656840426973316
13994 0.14609643247459825
14017 0.01514894704488653
14027 0.005275446328639347
14031 0.011346596268740036
14043 0.0028344820319923542
14046 0.03332414440682261
14061 0.03747815131189891
14070 0.031734610082213115
14147 0.01066188787321262
14195 0.007274150250337996
14215 0.009815706295973524
14290 0.017177486017953665
14291 0.008118899299514206
14292 0.014746822996262263
14293 0.009138761034182246
14294 0.024032588830468136
14300 0.008983866779365598
14374 0.019027369127579446
14375 0.0067915098339542965
14440 0.008319141210488771
14446 0.021447034565768738
14505 0.005054955013457755
14581 0.02132377574642524
14589 0.07058591681356995
14591 0.0824519328861776
14597 0.0083754785098826
14646 0.03403978880622011
14651 0.01679718341285488
14652 0.01810827623505041
14660 0.026693071797683397
14686 0.05708210738273834
14738 0.10831287235185733
14747 0.031099735625780816
14786 0.03467604654091581
14803 0.010027937783454033
14831 0.011346596268740036
14832 0.019965535336081218
14840 0.013741988814362933
14857 0.07275170548780376
14940 0.022529150669052055
14942 0.0218130090153046
14954 0.002468345752143144
14970 0.006961232607651017
14999 0.007962162986575063
15034 0.014921963411894832
15037 0.012492717103966303
15107 0.006532283415278155
15135 0.017092579561655323
15192 0.01292800341420903
15235 0.009637238908774005
15255 0.04350032838587528
15256 0.04747901695775412
15276 0.0224916650186362
15297 0.058894237775841136
15316 0.0028497211827019906
15318 0.0259608230516326
15365 0.09513684563789723
15401 0.03034853428216292
15423 0.017924333236125564
15463 0.014554315478638648
15480 0.017211360538103355
15509 0.04869881082486609
15591 0.007420673959755984
15618 0.005927055878399348
15631 0.001130855525717157
15644 0.023784211409474308
15652 0.00450830738745807
15673 0.008648804148899748
15721 0.013443249927094173
15758 0.0057895464042290665
15759 0.010880639073110722
15762 0.09764044683889452
15775 0.01155868218030527
15787 0.031099735625780816
15793 0.042254150343895194
15874 0.028171060970438228
15904 0.011142153092726703
15920 0.012534922229317541
15961 0.013425101346675303
15962 0.013251203499564256
15969 0.008226911263587565
15977 0.007420673959755984
15985 0.004178307409772514
16014 0.01000090830155793
16023 0.0017098327096211944
16060 0.030876608376942987
16093 0.010451653464445048
16109 0.014665363556830006
16114 0.01876091738752442
16158 0.006288706745555918
16195 0.008436141691301923
16283 0.08376195461876966
16284 0.042162920225886275
16303 0.04332514894074293
16340 0.04325865989484264
16379 0.015331970991231372
16404 0.013142566101271392
16451 0.012034866740450813
16464 0.006543804197315682
16542 0.0005620871049656101
16550 0.018644909446623077
16563 0.0038054738255158893
16627 0.021571726627197627
16740 0.010817308979236127
16793 0.0009570123755166345
16819 0.02448603390274112
16880 0.026732538708117978
16881 0.07135263422842293
16934 0.028212169496636505
16980 0.0011294785326873644
17045 0.03171228187929908
17046 0.02195465668566859
17103 0.012439894250312326
17107 0.02263534529381301
17117 0.04759201966975549
17169 0.0083754785098826
17177 0.039727340719753444
17217 0.02558853089571029
17220 0.04365102329268226
17229 0.035003179055452756
17262 0.009027583892647182
17283 0.0035539626244042066
17289 0.022085339165940427
17335 0.008968284326927626
17336 0.09513684563789723
17337 0.005775234303443157
17340 0.053004813998257023
17513 0.011522785651795006
17533 0.0318890690172981
17534 0.08136045364033506
17586 0.004259858759905846
17590 0.05659591528295248
17598 0.011381401778766847
17599 0.10027937783454033
17602 0.0171590570885994
17609 0.03637585274390188
17619 0.028426002698677486
17627 0.003520243813925989
17633 0.09664840917550346
17658 0.028685600896838928
17663 0.09513684563789723
17686 0.03396186359869314
17899 0.009711027064393052
17913 0.020340113410083765
17916 0.026693071797683397
17917 0.035003179055452756
17926 0.006042894104035817
17960 0.017796449281608284
18000 0.007753026456162398
18005 0.01684221607616012
18032 0.01594453450864905
18178 0.018494618215630823
18179 0.08463650848990951
18216 0.016188271894119907
18261 0.06890759983249271
18266 0.0006165011380184224
18356 0.06746067236141803
18369 0.04168917954919092
18436 0.0046321310610212135
18525 0.014550341097560753
18531 0.009347609581118459
18569 0.003789925413562811
18581 0.007746006221039648
18598 0.05082653397093139
18630 0.2290164347374022
18631 0.08065949956256505
18642 0.04314345325439525
18659 0.0032834840529893734
18674 0.026502406999128512
18690 0.03952567909173439
18760 0.03403978880622011
18822 0.011816359808528637
18865 0.031099735625780816
18903 0.008490473638164742
18953 0.011381401778766847
18960 0.0546540506971448
18964 0.0019570550144572354
18988 0.007933652520553279
19006 0.0660743000965482
19013 0.0212747507679554
19024 0.07000635811090551
19064 0.017501589527726378
19081 0.01818792637195094
19120 0.008376195461876967
19122 0.014508421700710681
19180 0.009049602389946322
19200 0.00796209652334333
19211 0.00347409829576591
19258 0.013443249927094173
19281 0.0012003678356124205
19327 0.01526887646040326
19373 0.02441011170972363
19428 0.13741988814362932
19467 0.009206791513344893
19524 0.009815706295973524
19576 0.07729868708079149
19630 0.007945047066119898
19647 0.002973103772841419
19651 0.004824885539503241
19679 0.12794265447855144
19732 0.0285611490739918
19850 0.020801809921879886
19855 0.018368004850881147
19865 0.02793046123955034
19866 0.010027937783454033
19867 0.023351930280049917
19877 0.005189282489339849
19949 0.014107745170638753
20009 0.009489352889713535
20056 0.027553274545647915
20058 0.009027583892647182
20064 0.007347201940352459
20065 0.012577413491111836
20083 0.025746502444293953
20114 0.0019324671770197875
20136 0.003271902098657841
20139 0.0018177507512753834
20142 0.029719690004090367
20192 0.0034071046647180824
20263 0.0824519328861776
20268 0.009161325876241955
20271 0.004061447804099751
20332 0.05642433899327301
20344 0.04751545136514407
20345 0.05191856691246054
20537 0.007275170548780376
20563 0.034328669925725266
20617 0.018011344562514523
20621 0.009513684563789723
20626 0.009974024139456968
20671 0.0007628159909288634
20728 0.005167600250526451
20765 0.019125448349886557
20793 0.002947050818012702
20877 0.09220851412571307
20926 0.003976781328915318
20951 0.00147177190792463
20954 0.0031903155458968117
21041 0.01775280851616264
21074 0.0824519328861776
21104 0.010481177909259865
21106 0.03989609655782787
21222 0.04818619454387003
21290 0.008855219522381842
21295 0.14841347919511969
21402 0.03947166999870204
21422 0.03361483627427991
21435 0.02681893915086463
21442 0.002303684120428209
21462 0.003885169612437688
21467 0.025069844458635082
21474 0.0013731817097994048
21659 0.0032338222974668093
21660 0.04160361984375977
21687 0.0206129832215444
21688 0.10470244327346208
21689 0.007149011521922913
21692 0.039510355952249845
21694 0.01496103620918545
21850 0.01342339016326437
21864 0.03144353372777959
21865 0.02854105369136917
21866 0.03947166999870204
21867 0.033418707214899895
21996 0.024921807945935626
22097 0.021639708010354523
22107 0.006449842501445303
22147 0.008471088995155232
22148 0.03717246506750133
22260 0.009138761034182246
22339 0.0020797853026221927
22377 0.011522785651795006
22464 0.00839442755628505
22510 0.02039657985846664
22549 0.02883910659656176
22577 0.014550341097560753
22578 0.06509363122592968
22600 0.0007321106905836606
22606 0.00356420459162151
22640 0.011451657345302443
22648 0.011277619999629155
22667 0.01855168489938996
22676 0.015104358788143327
22700 0.02731368085394663
22701 0.033418707214899895
22702 0.017597049289657492
22742 0.021708282473542315
22752 0.017038421840419423
22763 0.02854105369136917
22770 0.011808546233849106
22773 0.02754885212128034
22829 0.011512359076337542
22832 0.04516660894809015
22841 0.05225826732222524
22844 0.03467604654091581
22859 0.002232453056484953
22874 0.019631412591947048
22878 0.20612983221544398
22910 0.0160258841745095
22930 0.019663027224928475
22931 0.0062993836670254535
22939 0.003547167284778195
22966 0.019417852321874502
23044 0.00900021002350677
23133 0.1256429319281545
23136 0.006375149449962186
23141 0.00027563605823326587
23193 0.04882022341944726
23257 0.018979294853195543
23258 0.02612939188279086
23262 0.008961692719554529
23267 0.005363930184598267
23268 0.010880753606680327
23272 0.01818792637195094
23273 0.03156857586134535
23275 0.06330535594367216
23312 0.00393720393847939
23413 0.011312002987432903
23451 0.017838158557105733
23452 0.02558853089571029
23465 0.058765157878697946
23469 0.036022689125029046
23479 0.019554669827855573
23491 0.021588132633703523
23513 0.003422820092138369
23525 0.05609059461078326
23551 0.009648771723756723
23558 0.002023084503750268
23575 0.023632719617057273
23623 0.024093097271935014
23753 0.15265441746443895
23773 0.0024568426266749024
23802 0.03198566361963786
23902 0.06971619065305085
23916 0.01329869885260929
24126 0.010481177909259865
24127 0.015144232570930581
24181 0.02096235581851973
24219 0.022903314690604887
24225 0.036022689125029046
24228 0.015666200988547943
24349 0.1495749189620887
24360 0.006013512122978917
24366 0.010149114605918762
24367 0.005103627207535065
24455 0.07672865479704746
24479 0.006697359169454859
24493 0.02441011170972363
24513 0.010248199994139845
24547 0.024106993130252868
24587 0.030495857264115172
24598 0.11979321201648732
24625 0.045009010295212
24627 0.017257381301758103
24660 0.07894333999740408
24737 0.019528089367778903
24790 0.06219947125156163
24816 0.01572638758958696
24870 0.036022689125029046
24876 0.009738417270020975
24883 0.00491435361573244
24885 0.015721766863889795
24922 0.001399599011647677
24947 0.03403978880622011
24990 0.008617485043083298
25003 0.010451653464445048
25025 0.0030971093321185243
25047 0.022844169441482636
25067 0.026205884929970617
25068 0.11797816334957084
25069 0.07952084299250285
25071 0.026886499854188346
25106 0.036286705790727285
25118 0.02043716215504377
25119 0.053332594390901884
25124 0.02255445185876099
25185 0.0030512639637154536
25202 0.03221613639183449
25236 0.02318960612423745
25246 0.07572116285465288
25258 0.007645903465403677
25260 0.006353316746366424
25301 0.011312002987432903
25309 0.022486890787139346
25310 0.027483977628725866
25352 0.00581557520357052
25465 0.045806629381209774
25503 0.0027181955896542066
25507 0.0027373180614079368
25571 0.06509363122592968
25604 0.00031731266397656653
25606 0.10176961164295929
25607 0.047568422818948616
25632 0.029317735804428667
25659 0.008933841418437373
25661 0.03695380350828074
25664 0.0034546899253985026
25684 0.02389757341941159
25687 0.20940488654692416
25783 0.018277522068364492
25797 0.0055378163878776
25803 0.035694014752316615
25828 0.0019948048278913937
25902 0.0018496196310458582
25931 0.0008813151971206631
25953 0.02935582521685853
25974 0.027483977628725866
26006 0.03761622599551534
26015 0.003959804674362852
26060 0.09049602389946322
26069 0.024093097271935014
26176 0.003807361573580439
26189 0.0014997320048011284
26194 0.044170678331880854
26195 0.06746067236141803
26196 0.05377299970837669
26197 0.07894333999740408
26207 0.04882022341944726
26214 0.01973583499935102
26215 0.10523797807825948
26221 0.07572116285465288
26251 0.008190589359554067
26304 0.018459387959592
26305 0.00752603849873832
26412 0.007708155333015614
26418 0.030202627867344827
26431 0.02093160962653676
26487 0.06870994407181466
26489 0.004238965314715064
26504 0.01000090830155793
26541 0.010193233461203275
26549 0.03312800874891064
26665 0.05708210738273834
26672 0.09513684563789723
26691 0.03747815131189891
26692 0.03171228187929908
26693 0.015655430294843845
26720 0.03673769939419722
26735 0.02195465668566859
26764 0.008709711220370873
26769 0.019324671770197872
26790 0.0035069347635897845
26815 0.006003781520838175
26836 0.045806629381209774
26862 0.008991407368443043
26872 0.053238530478031565
26901 0.005806474146913916
26909 0.010138748412853745
26924 0.03490081442448736
26955 0.002724182804609392
27003 0.008588743008976833
27023 0.014180917824848137
27047 0.00392628251838941
27131 0.05089254105275605
27206 0.03533654266550469
27259 0.04524801194973161
27297 0.04119872370937395
27345 0.007823345699137889
27361 0.0015795389441796476
27402 0.11633604808162454
27421 0.032175862731701144
27423 0.013660629440476624
27471 0.022624005974865805
27479 0.02182551164634113
27530 0.09971661264139246
27535 0.0015965305421161756
27539 0.017584535449658732
27541 0.0245717680786622
27559 0.002815126691864941
27592 0.005994082358445868
27805 0.03283484052989373
27991 0.009612271968595834
28025 0.017584535449658732
28026 0.013640944778963205
28036 0.07894333999740408
28059 0.004575489145235051
28070 0.017924333236125564
28086 0.012614752201621938
28094 0.03254681561296484
28099 0.006515948770771276
28148 0.02098802905949239
28154 0.01844574211028637
28158 0.02308960359666275
28161 0.022762803557533694
28163 0.03717795702529869
28165 0.0122858840393311
28166 0.0010954641216055483
28173 0.01592419304668666
28205 0.008190589359554067
28223 0.0122858840393311
28258 0.0014001271622181102
28264 0.021201925599302812
28265 0.012794595919364
28266 0.005262889333160273
28299 0.015589651175957949
28300 0.005146436735671961
28319 0.003513576685490523
28337 0.03917679740237813
28344 0.0035336542665504686
28374 0.04818619454387003
28375 0.13656840426973316
28404 0.01984137422394648
28434 0.01163115040714104
28437 0.04795531752982996
28462 0.025069844458635082
28485 0.031179302351915898
28492 0.006833033112114166
28523 0.029447118887920568
28525 0.004696629088453154
28531 0.0077948255879789746
28540 0.03893279390535838
28663 0.1996553533608122
28672 0.019027369127579446
28687 0.0407729338448131
28689 0.0025694854431288034
28747 0.001479990817661744
28851 0.023784211409474308
28883 0.02318960612423745
28884 0.00251207649280839
28887 0.004661227361655769
28919 0.004702581723546251
28923 0.003148945662359762
29034 0.02631444666580136
29035 0.01984137422394648
29048 0.05191856691246054
29098 0.008823239601696243
29138 0.018099204779892644
29148 0.003561307594335445
29151 0.004684768913987364
29205 0.04811932724422532
29253 0.13741988814362932
29273 0.03089904278203046
29277 0.0044756779009384705
29292 0.005416550335588309
29353 0.007303812952515732
29406 0.0122858840393311
29407 0.025413266985465695
29408 0.022762803557533694
29435 0.05191856691246054
30244 0.02109071187561034
30251 0.027242942193653714
30335 0.016062064847956675
30339 0.005252630933451275
30345 0.012577413491111836
30347 0.01942584806218844
30352 0.029215251810062928
30354 0.0052778619912915966
30357 0.016345096827656353
30360 0.010692613774864529
30370 0.07277157739319323
30377 0.005385104470069654
30378 0.003860912570112375
30400 0.02304557130359001
30431 0.010055113766607024
30491 0.024093097271935014
30492 0.011417241614474598
30495 0.0191528859646577
30496 0.07227958159771489
30497 0.015144232570930581
30501 0.014550341097560753
30508 0.028108613483924183
30522 0.026502406999128512
30525 0.03034853428216292
30534 0.005248242770599603
30544 0.03254998236480686
30597 0.009815706295973524
30601 0.015082670649910538
30665 0.010249549668171248
30675 0.029682695839023936
30681 0.007435545049855694
30692 0.03533654266550469
30695 0.12794265447855144
30700 0.014550341097560753
30707 0.01942584806218844
30714 0.007982397200009816
30731 0.013287642971112075
30753 0.049471159731706564
30786 0.0033866019387642724
30801 0.005889423777584114
30802 0.042162920225886275
30812 0.0029773206618046093
30903 0.010015787571196219
30990 0.007232625691769965
31164 0.008962166618062782
31198 0.02066495590923594
31199 0.016062064847956675
31208 0.05149300488858791
31223 0.0052778619912915966
31254 0.04168917954919092
31265 0.0206129832215444
31266 0.019027369127579446
31292 0.023937657934696724
31304 0.004084929798152858
31318 0.003807361573580439
31370 0.12081051146937931
31401 0.0036918775919184
31464 0.0009150029543472236
31487 0.0030313210619918236
31488 0.01592419304668666
31513 0.029682695839023936
31548 0.03658659592122916
31553 0.017019894403110056
31560 0.0206129832215444
31562 0.020055875566908066
31565 0.022277115590098314
31566 0.01008243744532063
31593 0.10966984198692502
31603 0.02558853089571029
31640 0.0327195135229569
31657 0.038250896699773114
31667 0.03589798055090128
31672 0.0055106549091295835
31720 0.06476439790111056
31750 0.022624005974865805
31761 0.009561866965612975
31796 0.00607256461518493
31875 0.009027583892647182
31895 0.01000090830155793
31931 0.07572116285465288
31934 0.027483977628725866
31957 0.02235142758962646
31993 0.004090779470648283
32001 0.024735579865853282
32007 0.01241268459384599
32044 0.01016530679418628
32051 0.007979219311565575
32054 0.0013232300213544908
32055 0.0032518290796476703
32073 0.0038449087874383335
32112 0.025946412446699246
32138 0.013948635262699217
32146 0.004896450971479132
32153 0.14270526845684586
32158 0.0009289777115368031
32166 0.01994332252827849
32203 0.05331863105091618
32218 0.004603395756672447
32278 0.04160361984375977
32281 0.04216205769401158
32282 0.03989609655782787
32284 0.023483145442265773
32286 0.01893029071366322
32290 0.09049602389946322
32333 0.027897270525398435
32345 0.057634372444107566
32385 0.006194429931669783
32390 0.017635508166119983
32428 0.01389639318306364
32430 0.009161325876241955
32431 0.023937657934696724
32448 0.026886499854188346
32450 0.08848093797757359
32469 0.05377299970837669
32470 0.0051820348880977545
32471 0.026693071797683397
32475 0.0041877392549413
32478 0.07894333999740408
32493 0.0031205525482573522
32516 0.019027369127579446
32545 0.009789807334770428
32546 0.0074344930135002655
32591 0.004575014771736118
32617 0.021571726627197627
32726 0.005876648136657869
32770 0.02612913366111262
32858 0.04186321925307352
32865 0.003261758357428725
32884 0.00905312496210374
32885 0.005301979503233034
32918 0.13741988814362932
32919 0.036729050854111676
32920 0.003710336979877992
32924 0.015666200988547943
32927 0.04273569113202534
33179 0.017924333236125564
33180 0.10600962799651405
33241 0.0525805502416315
33242 0.025069844458635082
33246 0.045806629381209774
33292 0.02854105369136917
33313 0.006915238704326533
33372 0.03533654266550469
33382 0.16567146342705694
33386 0.010944946843297911
33615 0.005613217821298021
33693 0.022085339165940427
33757 0.003184838609337332
33776 0.02441011170972363
33813 0.008979671615555232
33877 0.018277522068364492
34029 0.005346306887432264
34104 0.02630594182794485
34110 0.014719392780853829
34182 0.02235142758962646
34190 0.011816359808528637
34191 0.014855631229760836
34255 0.03539344900487125
34256 0.1229716140685758
34307 0.011487111392811122
34319 0.11630177041436626
34323 0.038250896699773114
34330 0.031146235124286704
34333 0.034328669925725266
34335 0.04699948535533919
34336 0.001198429257066535
34387 0.02143815063665244
34389 0.024308976603002783
34400 0.01341508517111736
34407 0.0526118836558897
34420 0.012514236247824153
34453 0.0058430503620125855
34465 0.006441557256732624
34466 0.1495749189620887
34468 0.04160361984375977
34469 0.06681734403197187
34490 0.0090018020590424
34509 0.023937657934696724
34510 0.02195465668566859
34512 0.06828420213486658
34514 0.07945468143950689
34543 0.013793074274639374
34561 0.011854111756798695
34583 0.03570143634248975
34585 0.014474992157621484
34586 0.010035377949533108
34595 0.0012488512217697719
34646 0.013492134472283607
34647 0.00937633820359362
34654 0.011816359808528637
34668 0.005681986186643173
34672 0.039760421496251426
34675 0.004894392599744311
34683 0.03947166999870204
34688 0.05225826732222524
34689 0.026502406999128512
34690 0.02182551164634113
34691 0.011961419814436824
34692 0.02684678032652874
34694 0.04032974978128252
34717 0.008669011635228952
34721 0.009591063505965992
34726 0.01526887646040326
34728 0.01656400437445532
34741 0.005037808016365457
34844 0.009157648099719716
34878 0.01741959458852724
34880 0.02096235581851973
34881 0.032263799825026016
34928 0.07478745948104434
34937 0.011526874488821514
34976 0.012438592302031431
34977 0.08605680269051678
34978 0.014325625404934332
34979 0.008490473638164742
34980 0.00989423194634131
35008 0.001958995237527979
35014 0.027708431833882222
35020 0.048178457663262356
35022 0.005973550126234056
35024 0.02963276696418738
35049 0.03162127218906235
35052 0.03820404995277701
35053 0.050370135324598234
35054 0.0613114864651313
35056 0.023832394110428
35058 0.045855084645311864
35113 0.06828420213486658
35140 0.03509579104138393
35141 0.017707912425874914
35142 0.01855168489938996
35143 0.038357432419072295
35144 0.07755736538774968
35146 0.044240468988786794
35147 0.09764044683889452
35150 0.02378843730515939
35156 0.024780785640194754
35162 0.04080630653381139
35165 0.06309989671417743
35171 0.05002235148552236
35173 0.02527909656187956
35190 0.004686299120619492
35197 0.03704584189513581
35199 0.01190884868782272
35204 0.050139688917270164
35210 0.0506624725516752
35215 0.018822893394361915
35216 0.017497937179718297
35217 0.12470360863292193
35218 0.02916314150214111
35309 0.030465789404710023
35310 0.033160884692649654
35325 0.005203838681455809
35344 0.00894892677550958
35411 0.034517288991251234
35412 0.03589798055090128
35443 0.012525089240879524
35446 0.005923077766022231
35456 0.008665029788148586
35460 0.013346535898841699
35463 0.012963332669015311
35485 0.004609114260718003
35492 0.14841347919511969
35527 0.007587601185844565
35529 0.055733525922979046
35530 0.041852622085960405
35535 0.020255993005178906
35537 0.006201526748674951
35539 0.09772045658114535
35542 0.06126851799864803
35543 0.10814664973710661
35548 0.16927301697981903
35571 0.20170612464999735
35575 0.005179184198800703
35576 0.04470285517925292
35577 0.024735579865853282
35578 0.06288706745555918
35609 0.03989609655782787
35615 0.03238219895055528
35616 0.06146518436406921
35617 0.018808822144933308
35618 0.027432954569466046
35619 0.014665363556830006
35622 0.060405255734689654
35623 0.014117170045771435
35637 0.00763443823020163
35638 0.08029742943877059
35645 0.08801721802908975
35648 0.024332996190848985
35660 0.007844264228071865
35676 0.01686516809035451
35801 0.004573601831695564
35849 0.007746006221039648
35936 0.016244788562415895
35938 0.021509830886938332
35941 0.013741988814362933
35948 0.02038646692240655
35977 0.008556658001177666
36045 0.010600962799651406
36082 0.007604061309640309
36116 0.027036662434276652
36160 0.0055378163878776
36214 0.04119872370937395
36215 0.02441011170972363
36227 0.0620261580694695
36265 0.26502406999128514
36281 0.010570760626433025
36356 0.01847690175414037
36391 0.02829795764147624
36393 0.01676293242097073
36397 0.014493503827648406
36411 0.033774981701116806
36417 0.008669011635228952
36476 0.011487111392811122
36556 0.14841347919511969
36557 0.019528089367778903
36637 0.011381401778766847
36699 0.009947284128359228
36780 0.05708210738273834
36805 0.015395589128124448
36930 0.02963276696418738
36932 0.027082751677941545
36933 0.005630253383729882
36938 0.0015829082678660376
37029 0.014782219043338613
37068 0.011667726351817585
37098 0.0019375127832261055
37114 0.023506063151479174
37162 0.039510355952249845
37201 0.0025274775067288774
37212 0.0018739075655949454
37234 0.0017812467498214074
37267 0.004927406347779537
37366 0.038250896699773114
39084 0.16978774584885742
39300 0.03697658844487763
39326 0.017584535449658732
39331 0.08950067564450202
39332 0.0122858840393311
39333 0.11021309818259166
39344 0.018596711665352615
39966 0.028212169496636505
39975 0.0412259664430888
39991 0.01306456683055631
40050 0.00825512036321646
40222 0.006795488974135517
40230 0.0026037452490371873
40234 0.0318890690172981
43103 0.003909733382379338
43991 0.014723559443960284
44578 0.10027937783454033
44615 0.008148050060191602
44716 0.05642433899327301
45020 0.0023439598068099895
45250 0.024735579865853282
45323 0.03435497203590733
45345 0.008208710132473433
45351 0.00673382391992376
45394 0.01994332252827849
45413 0.02136784556601267
45474 0.060825196391442495
46207 0.0022042619636518336
46332 0.015788667999480817
46395 0.017019894403110056
46456 0.07345810170822335
46492 0.0020275065463814163
46499 0.009479895373319875
46644 0.027330787328763605
46717 0.005699442365403981
46736 0.04171877620396113
46746 0.012085788208071635
46769 0.000971292403109422
46822 0.013568351180146274
46826 0.026732538708117978
46827 0.04838227438763638
46874 0.035492353652021046
46898 0.0009979389402576633
46899 0.03299389314013422
46910 0.05539234437220004
46923 0.04001367258858424
46984 0.26502406999128514
46985 0.10027937783454033
47086 0.01262003043933821
47174 0.04216205769401158
47229 0.0009001302716831615
47281 0.03327111334432946
47318 0.017019894403110056
47348 0.009662335885098936
47358 0.07894333999740408
47360 0.05708210738273834
47364 0.05708210738273834
47610 0.026943109969106142
47613 0.022356393581522152
47640 0.0824519328861776
47647 0.0503065693916901
47654 0.012620193809108816
47655 0.14277605900926646
47657 0.036736009701762294
47664 0.002940045150457997
47665 0.0041134556317937825
47669 0.09399897071067838
47691 0.08110998730282996
47696 0.012492717103966303
47699 0.014723559443960284
47717 0.04374471225321166
47728 0.02000391318842949
47757 0.10966984198692502
47763 0.05708210738273834
47790 0.007532549875788639
47926 0.006566968105978747
48002 0.008535525266858322
48016 0.023483145442265773
48017 0.005420391626165049
48022 0.005089625486801086
48052 0.008897690599227797
48057 0.050139688917270164
48160 0.03435497203590733
48265 0.012838536262553605
48268 0.05483492099346251
48284 0.010710534774513997
48285 0.05005392650744877
48344 0.028987007655296812
48417 0.034606927915874115
48423 0.015206299097860624
48446 0.006102527927430907
48544 0.013558891597147715
48553 0.03172801311317033
48571 0.0038770501357136807
48607 0.0027322069071266507
48644 0.015524422509949756
48676 0.010631338051226338
48739 0.04882022341944726
48748 0.027483977628725866
48810 0.0011569494792260655
48878 0.00763443823020163
48956 0.02488918761748039
48959 0.002827294196957531
49052 0.008669011635228952
49207 0.01117571379481323
49216 0.010631338051226338
49237 0.03901954407706661
49241 0.015144232570930581
49301 0.0035573700669971156
49318 0.0064979631871768685
49336 0.013719693241856169
49391 0.03144353372777959
49394 0.01984137422394648
49492 0.05659591528295248
49521 0.0018767314488001149
49546 0.045806629381209774
49578 0.045806629381209774
49667 0.009362364525197802
49696 0.011142153092726703
50112 0.03430202106198976
50113 0.10245472080357468
50207 0.005749317084995218
50281 0.0009670792174272977
50297 0.04365102329268226
50348 0.017338023270457904
50471 0.02162932994742132
50548 0.028762302169596837
50562 0.0008453271159955564
50612 0.02490159046897981
50613 0.05522382114235231
50617 0.08834135666376171
50618 0.05456377911585282
50667 0.02182551164634113
50694 0.0691563855942848
50736 0.0009756342308382835
50805 0.01306456683055631
50952 0.07257341158145457
51033 0.018459387959592
51074 0.07755736538774968
51075 0.01646206930459128
51104 0.004684768913987364
51117 0.035003179055452756
51166 0.012558803138918379
51201 0.08196377664285975
51214 0.04302840134525839
51244 0.04314345325439525
51270 0.05225826732222524
51272 0.004667090540727034
51273 0.039760421496251426
51314 0.029382578939348973
51318 0.0407729338448131
51335 0.0022665467195345096
51353 0.003155048452277204
51388 0.011656525121364785
51414 0.0016645857436162492
51415 0.004032974978128252
51416 0.0024588051556514194
51418 0.010702123673607709
51419 0.01649694657006711
51445 0.022504505147606
51448 0.03513474687673595
51451 0.0309194748323166
51517 0.011277619999629155
51519 0.013346535898841699
51557 0.03467604654091581
51581 0.0028236963317184107
51596 0.004448845299613899
51606 0.03254681561296484
51612 0.012127696132061246
51625 0.0007847582444750406
51632 0.016131899912513008
51657 0.006282146596407725
51725 0.06870994407181466
51834 0.006974317631349609
51907 0.016131899912513008
52027 0.005292920085417963
52158 0.010912755823170564
52186 0.07894333999740408
52189 0.0075566944600366425
52250 0.010977328342834295
52257 0.03327589222680203
52315 0.022247310803061932
52321 0.11021309818259166
52335 0.00958743405653228
52354 0.04580328694748045
52355 0.04298036996571581
52386 0.0009888957835495714
52390 0.010963606625493411
52577 0.01656400437445532
52628 0.0068432969459779145
52629 0.018099204779892644
52655 0.011854111756798695
52658 0.007303812952515732
52678 0.01397456932553139
52680 0.016205083373844
52796 0.004314345325439526
52884 0.010570760626433025
52941 0.0018250550811008321
52959 0.01048772386712475
52996 0.027483977628725866
53007 0.030850021647865707
53167 0.019324671770197872
53189 0.21825511646341128
53239 0.011209477280598163
53241 0.1855168489938996
53646 0.02388514963518919
53729 0.023483145442265773
53838 0.08065949956256505
53845 0.03877868269387484
53983 0.018644909446623077
54011 0.0618389496646332
54198 0.0010398926513110964
54200 0.007465466760317892
54415 0.011968828967348362
54549 0.025069844458635082
54625 0.0023768999608050415
54658 0.007505551489137066
54704 0.022943304878448173
54731 0.01627340780648242
54755 0.012367789932926641
54864 0.011042669582970214
55115 0.009299090175132812
55179 0.0039972067664639
55200 0.011704533059552024
55218 0.08054034097958622
55227 0.03786058142732644
55258 0.04314345325439525
55392 0.005478755807930279
55463 0.015065099751577278
55472 0.03141073298203863
55627 0.032263799825026016
55741 0.03366523274881163
55744 0.009738417270020975
55798 0.1308780540918276
55819 0.0618389496646332
55842 0.011930343986745955
55849 0.010165285754705057
55891 0.025946412446699246
55892 0.05456377911585282
55909 0.007215938233852859
55916 0.022486890787139346
55927 0.000988105720340344
55928 0.0060851932734965345
55975 0.016183804291030012
56014 0.01855168489938996
56034 0.12470360863292193
56043 0.007218554435560296
56091 0.20612983221544398
56223 0.006798859952822213
56318 0.05683619548227501
56413 0.009049602389946322
56455 0.003526936292659688
56502 0.0008415370786749812
56505 0.0006850696048519188
56565 0.00046211694854626876
56710 0.013204046191736625
56712 0.009071728557158905
56731 0.0007173857024560608
56820 0.009637238908774005
56821 0.013929371610660143
56822 0.011633604808162452
56824 0.02221758670585624
56919 0.012706633492732848
57016 0.0425495015359108
57120 0.013033499162671628
57220 0.11243445393569673
57288 0.005984414483674181
57339 0.011380700355811096
57396 0.002382308151842141
57398 0.005255434815691207
57458 0.01010991002691551
57471 0.007042765242609557
57518 0.0463792122484749
57545 0.032263799825026016
57546 0.03034853428216292
57572 0.007801798262268249
57611 0.0017338023270457906
57614 0.0077948255879789746
57649 0.005974777745375188
57682 0.01855168489938996
57743 0.003312800874891064
57780 0.056217226967848366
57781 0.03254681561296484
57817 0.026619265239015782
57844 0.001979252235793234
57861 0.023082355211044826
57885 0.017177486017953665
58002 0.005054019787938636
58034 0.03529295840678497
58043 0.04032974978128252
58070 0.016619435440232075
58137 0.04760191512331966
58163 0.008266854267838315
58164 0.03171228187929908
58166 0.0786521088997139
58168 0.2473557986585328
58169 0.07420673959755984
58205 0.020801809921879886
58208 0.0409421675794522
58209 0.029937480917923143
58210 0.027689081939388
58230 0.0015629052147759022
58232 0.03057417675841587
58242 0.005308064348895553
58260 0.0021743847537450058
58269 0.012245899798065741
58361 0.01796269755695709
58370 0.004470285517925292
58374 0.002039767443583283
58388 0.007665985495615686
58462 0.02728188955792641
58467 0.051532458053860995
58584 0.1236778993292664
58689 0.002017243207531522
58742 0.014123319937536698
58753 0.004530325982757011
58925 0.00636547927889538
58942 0.028108613483924183
59010 0.020821277383225534
59020 0.020819675885218384
59075 0.024093097271935014
59090 0.00611258151544974
59178 0.009184002425440574
59242 0.062463832149676594
59245 0.21080848126041568
59272 0.0033547350631808245
59320 0.00828779234354581
59322 0.03631298610640303
59323 0.02441011170972363
59345 0.07000635811090551
59415 0.04186321925307352
59417 0.09127789910244802
59468 0.05609059461078326
59502 0.03342645927818011
59555 0.26850202693350605
59636 0.028762302169596837
59637 0.029811300380260797
59685 0.031179302351915898
59687 0.18539425669218274
59709 0.012534922229317541
59769 0.03780426422482266
59887 0.06859846620928084
59950 0.013732907903124649
59963 0.014841347919511968
59994 0.005440376803340164
60126 0.1963170811377414
60130 0.04160361984375977
60139 0.02129541219121263
60141 0.018459387959592
60142 0.05642433899327301
60180 0.038250896699773114
60181 0.011805274950583278
60188 0.0210105237338051
60194 0.04160361984375977
60248 0.0017241342843299218
60250 0.004920871326098132
60409 0.001069261377486453
60414 0.008172548413828177
60440 0.006353316746366424
60575 0.007827715147421923
60586 0.015331970991231372
60691 0.0175681766496347
60694 0.005054955013457755
60751 0.31410732982038625
60754 0.016673573407005732
60755 0.01538845608907446
60767 0.06870994407181466
60824 0.026238195076422416
60841 0.06683134677029495
61007 0.014957491896208869
61193 0.0167888551125701
61451 0.05149300488858791
61452 0.09513684563789723
61487 0.009561507789349307
61515 0.011854111756798695
61560 0.01110879335292812
61567 0.0014080975255703954
61569 0.12419310684203468
61613 0.07277157739319323
61648 0.0299220724183709
61777 0.04866599238169797
62037 0.030425966367482675
62039 0.004128610170239489
62056 0.019680636246774946
62057 0.047191265339828335
62258 0.09623865448845063
62278 0.005480556838815351
62280 0.03989609655782787
62466 0.0017460409317072904
62498 0.10027937783454033
62609 0.015082670649910538
63063 0.08432584045177255
63083 0.056217226967848366
63124 0.005117706179142058
63130 0.015206299097860624
63181 0.10176961164295929
63236 0.005743555696405561
63256 0.025240387618217633
63370 0.001805172479841093
63382 0.0006423713607822009
63430 0.01526887646040326
63575 0.00295880141936044
63595 0.0031039841970842675
63602 0.0016121239712363717
63605 0.0028301578793882474
63629 0.006949730151442275
63660 0.0026938879058352166
63666 0.07390760701656147
63684 0.004535864278579453
63691 0.010264945418966871
63696 0.008568907574775964
63705 0.0016323523888596534
63712 0.009908748574775592
63720 0.006386122168464702
63721 0.008058954199908533
63725 0.002059992341771168
63728 0.01600313055074359
63737 0.01010991002691551
63739 0.009538811806108247
63744 0.0010555723982583192
63745 0.0010414699264601666
63746 0.03673769939419722
63777 0.011704533059552024
63786 0.016638282420977542
63820 0.0007043554878806733
63828 0.06625601749782128
63911 0.026693071797683397
64022 0.029447118887920568
64142 0.014723559443960284
64147 0.0045218111388337255
64154 0.008413462539405878
64178 0.0064081813123972224
64301 0.0078112357471115616
64388 0.08065949956256505
64424 0.0061289235086904635
64435 0.01315722333290068
64436 0.06509363122592968
64469 0.03832881477462103
64471 0.014900951726417637
64505 0.005927055878399348
64544 0.03747815131189891
64565 0.008813151971206632
64585 0.0014425882503413655
64587 0.011142153092726703
64611 0.07220858156790488
64631 0.03784425660486581
64665 0.027741816570773275
64693 0.04347073119874821
64714 0.015331970991231372
64719 0.07378296844114549
64826 0.0022297698196382166
64846 0.16108068195917244
64847 0.009197872029879539
64916 0.08110998730282996
64957 0.008919079278552866
64986 0.0273270253485724
65007 0.027082751677941545
65038 0.0251285863856309
65045 0.018277522068364492
65073 0.007844264228071865
65089 0.022486890787139346
65121 0.05042653116249934
65185 0.004294371504488416
65240 0.011118843533465
65284 0.00914664898030729
65297 0.014408593111026892
65318 0.004696629088453154
65328 0.00989423194634131
65334 0.019224543937191668
65344 0.032175862731701144
65366 0.0013027868609122163
65389 0.007746006221039648
65410 0.013251203499564256
65420 0.014665363556830006
65427 0.0015010688346046314
65451 0.012820707339607603
65458 0.018834197867400974
65481 0.014550341097560753
65519 0.020499099336342495
65732 0.049471159731706564
65858 0.0005014484831104506
65921 0.021933968397385
65974 0.04168917954919092
66151 0.042162920225886275
66154 0.015285028215103955
66227 0.02707821808796433
66228 0.0047690462235733914
66278 0.0016110885713755936
66401 0.0014877052846343191
66430 0.014723559443960284
66477 0.0034291193211832558
66588 0.009161325876241955
66611 0.031175902158230483
66612 0.03967989337376997
66654 0.06712550673337651
66688 0.022624005974865805
66689 0.012046548635967507
66750 0.00591760283872088
66777 0.007098470730404209
66835 0.030495857264115172
66842 0.02728188955792641
66851 0.025229504403243876
66857 0.10831287235185733
66864 0.014782219043338613
66865 0.03079483625690061
66893 0.08054034097958622
66952 0.004696629088453154
66984 0.0052314825514449175
67014 0.03435497203590733
67095 0.01599283180981893
67101 0.004643123870220048
67111 0.011522785651795006
67251 0.012085788208071635
67514 0.00239685851413307
67523 0.005346306887432264
67582 0.0032863923648166447
67632 0.006602023095868313
67697 0.04314345325439525
67707 0.08848093797757359
67753 0.017019894403110056
67769 0.007090458912424069
67774 0.006092507356121497
67776 0.009974024139456968
67891 0.005456377911585282
67980 0.04017383395518619
68002 0.05408879320223392
68013 0.00450830738745807
68016 0.05469996600677894
68069 0.010451653464445048
68077 0.0032404689780593816
68094 0.003971767023620172
68098 0.004042902380336739
68189 0.038073615735804395
68275 0.005889423777584114
68409 0.005392931656799407
68445 0.0055378163878776
68455 0.012492717103966303
68474 0.00533094393660631
68528 0.02318960612423745
68674 0.035676317114211466
68679 0.03912843608578732
68735 0.0054644138142533015
68823 0.015206299097860624
68839 0.0051532458053861
68848 0.004907853147986762
68855 0.001741569845911804
68919 0.036736009701762294
68970 0.005630253383729882
68989 0.016638282420977542
69055 0.02612913366111262
69410 0.003651906476257866
69425 0.002944711888792057
69441 0.08556658001177667
69445 0.026285132202542784
69522 0.04869881082486609
69532 0.05205319345806383
69607 0.026502406999128512
69609 0.014746822996262263
69610 0.064103536698038
69611 0.05926553392837476
69620 0.03901954407706661
69621 0.010647706095606314
69758 0.04563894955122401
69813 0.027225730003747117
69951 0.013590977948271033
70124 0.003415260965169345
70151 0.005889423777584114
70396 0.07138802950463323
70436 0.01526887646040326
70452 0.0014495337808006447
70483 0.014665363556830006
70573 0.026886499854188346
70610 0.017019894403110056
70682 0.003747815131189891
70754 0.04188097730938483
70768 0.02016487489064126
70872 0.03690312218517382
70882 0.017741872406004954
71001 0.0004541416132041606
71027 0.0009725653944634316
71103 0.00438056314035182
71190 0.04470285517925292
71289 0.0025257569638379796
71290 0.0009179458139233034
71305 0.003413660140759174
71328 0.0008058942180447419
71329 0.004364662993874258
71355 0.004580328694748045
71356 0.039931070672162436
71400 0.001212535532987401
71420 0.01076979084518904
71517 0.007347201940352459
71598 0.022927542322655932
71614 0.0029464080575499025
71712 0.013691280368553476
71740 0.0436260180306092
71765 0.06165695474762743
71787 0.000743904907825362
71833 0.019327608201466253
71840 0.010758724886503946
71843 0.021201925599302812
71868 0.0051532458053861
71874 0.0122858840393311
71915 0.03989609655782787
71927 0.0020681277165734585
71928 0.0030101325330175966
71933 0.002979961213665704
71989 0.008588743008976833
72015 0.026911721011967957
72018 0.005806050458787177
72026 0.008669011635228952
72030 0.0023943907690872315
72033 0.10027937783454033
72059 0.002006672244390477
72072 0.016638282420977542
72090 0.012750298899924371
72117 0.014712287111025115
72122 0.06754996340223361
72157 0.002752475504360528
72172 0.13452426490391436
72173 0.08926379554271241
72186 0.017924333236125564
72241 0.004516280802593619
72257 0.011416421476547667
72292 0.00870103406704671
72298 0.06870994407181466
72320 0.017924333236125564
72321 0.07275170548780376
72331 0.05871165043371706
72333 0.12558965775922057
72348 0.043019661773876665
72353 0.007058591681356995
72355 0.013970986988744405
72378 0.00881335853065777
72432 0.01241530947906665
72434 0.028323183052503753
72499 0.028212169496636505
72600 0.0598441448367418
72632 0.057634372444107566
72647 0.013016192795074318
72657 0.06279482887961028
72688 0.008179878380739225
72696 0.04897206780548224
72697 0.02318960612423745
72703 0.006686390872375603
72717 0.016638282420977542
72728 0.021447034565768738
72745 0.006795488974135517
72776 0.02728188955792641
72820 0.14270526845684586
72834 0.004787531586939345
72934 0.006046339361316386
72969 0.017338023270457904
72993 0.0013870418616366324
73005 0.021697877075309895
73022 0.04985830632069623
73083 0.06625601749782128
73218 0.015669697697863947
73253 0.010366578541926939
73281 0.018644909446623077
73375 0.04365102329268226
73452 0.09664840917550346
73465 0.0022138048805954605
73479 0.0011526365268337967
73549 0.006397132723927572
73611 0.008226911263587565
73622 0.02522244112465163
73637 0.014550341097560753
73691 0.0012440573574451959
73703 0.04836371913709116
73707 0.01291303280443064
73762 0.003688870579217689
73795 0.010785863313598813
73869 0.029682695839023936
73876 0.007908520388176904
73925 0.023353704819359573
73948 0.0020774563157211602
73960 0.050884805821479646
74022 0.003947166999870204
74029 0.011381401778766847
74079 0.011693108675362164
74080 0.0614858070342879
74083 0.005513130727901919
74087 0.004464906112969906
74103 0.010880753606680327
74119 0.030946534957673525
74128 0.021662574470371464
74171 0.08065949956256505
74185 0.0058247048349733
74199 0.0026019193407279045
74207 0.030165341299821076
74264 0.013691280368553476
74273 0.012046548635967507
74274 0.003648315614432637
74278 0.00824519328861776
74327 0.015721766863889795
74336 0.0007506245154517483
74354 0.0739883456971529
74360 0.0006062642123983647
74367 0.0034102361947408013
74407 0.016638282420977542
74419 0.0015615896379957879
74425 0.00647618326635443
74447 0.003759206666543052
74457 0.0077784842345450566
74466 0.0824519328861776
74528 0.017320025014668824
74597 0.011704533059552024
74630 0.0025500597799848744
74655 0.040801641534274
74677 0.009039059850946366
74703 0.002713670236029255
74712 0.011451657345302443
74760 0.002588441119245045
74799 0.0014749219078689752
74810 0.08605680269051678
74812 0.028762302169596837
74815 0.07317319184245832
74837 0.0013747080325594635
74838 0.003187574724981093
74848 0.007872364155899404
74868 0.04278329000588833
74886 0.0005364859716422776
74910 0.010393100783971966
74920 0.014665363556830006
74923 0.005647392663436821
74929 0.023849211739478265
74943 0.005716238941226319
74948 0.009161325876241955
75032 0.016121239712363716
75041 0.01656400437445532
75043 0.008013686781593936
75066 0.020275065463814163
75086 0.015206299097860624
75087 0.020529890837933742
75097 0.007347201940352459
75101 0.017597049289657492
75106 0.03312800874891064
75298 0.0401849976670508
75322 0.0016591857620012094
75340 0.19036807867902197
75344 0.0006883742077695718
75347 0.010165285754705057
75421 0.05609059461078326
75431 0.08096532863287272
75445 0.013443249927094173
75512 0.0225166544674112
75579 0.035676317114211466
75594 0.004131778374028944
75616 0.004802864370342298
75690 0.027082751677941545
75696 0.04524801194973161
75721 0.07894333999740408
75838 0.0012680577511544745
75860 0.03947166999870204
75896 0.010611734115553589
75973 0.003751604630816979
75975 0.010481177909259865
76167 0.019324671770197872
76202 0.042089506924711764
76262 0.023483145442265773
76264 0.019528089367778903
76266 0.012127696132061246
76268 0.04866599238169797
76422 0.003864868519237315
76456 0.01649038657723552
76462 0.017053381835025656
76475 0.04882022341944726
76695 0.005779341090152635
76722 0.028987007655296812
76787 0.03717246506750133
76947 0.003816452292401472
76981 0.2012262775667604
77017 0.002117772248788808
77077 0.13741988814362932
77122 0.014325625404934332
77147 0.03509579104138393
77304 0.009815706295973524
77326 0.006375149449962186
77399 0.013776637272823957
77403 0.01775280851616264
77491 0.008083522831978197
77508 0.023784211409474308
77523 0.08834135666376171
77673 0.09049602389946322
77751 0.03786058142732644
77754 0.08274725432651829
78057 0.01278581080635743
78058 0.00019660539316860917
78060 0.0206129832215444
78097 0.10027937783454033
78425 0.008730204658536451
78560 0.0012803095168661119
78568 0.023784211409474308
78673 0.012750298899924371
78774 0.003734926632822666
78859 0.008549163548105972
79256 0.06655178445360406
79265 0.015858571855543128
79343 0.020956528385949986
79356 0.002272098579227184
79750 0.0035539626244042066
79805 0.09971661264139246
79806 0.051532458053860995
79831 0.05082653397093139
79832 0.020499099336342495
79914 0.003868964525420221
80012 0.0028607070006769404
80204 0.1495749189620887
80211 0.02864465675502921
80357 0.03198566361963786
80440 0.01806626167302013
80480 0.03857328280159312
80563 0.018525965026165794
80616 0.001973655858123696
80634 0.0011547889759968852
80734 0.11633604808162454
80761 0.01794899027545064
81036 0.01292800341420903
81267 0.020199828284269212
81336 0.0019540793961267287
81433 0.021447034565768738
81617 0.023117379146050804
81880 0.23267209616324908
81882 0.0654510141642983
81892 0.027674654609725662
81909 0.0005283999155864854
82050 0.006770687919485386
82074 0.09971661264139246
82166 0.0436260180306092
82264 0.012293828955788112
82416 0.0038635587923786744
82538 0.006062642123983647
82597 0.0051820348880977545
82630 0.003864934354039575
82631 0.007223408924408234
82634 0.0012322607040445009
82636 0.009242125483233254
82655 0.03171228187929908
82760 0.00946514535683161
82788 0.0017427604414645336
82874 0.027611910571176155
82924 0.030165341299821076
82972 0.03171228187929908
83113 0.00694819659153182
83237 0.004085287922912737
83307 0.0078731635804567
83308 0.007317319184245833
83355 0.014381151084798418
83503 0.0008588743008976833
83504 0.0030614749495164353
83720 0.014841347919511968
83784 0.015144232570930581
83817 0.0007840948816310211
84032 0.08353522901291457
84033 0.15267762315826816
84036 0.0154597374161583
84043 0.005656001493716451
84179 0.01627340780648242
84252 0.015655430294843845
84368 0.04032974978128252
84479 0.002940045150457997
84483 0.0051460984464327215
84519 0.013636705395922374
84533 0.014001271622181101
84541 0.0023172801904860663
84584 0.017265097075546954
84586 0.04273569113202534
84593 0.02304557130359001
84608 0.0028817760107593174
84635 0.00555439667646406
84759 0.060405255734689654
84818 0.00946118928441273
84829 0.015144232570930581
84849 0.013844540969694
84855 0.00865309448541009
84856 0.004257276534210867
84884 0.017257381301758103
84909 0.0017967733558731196
84919 0.012706633492732848
84950 0.00591760283872088
84961 0.029914983792417738
85093 0.0038493545321125764
85273 0.008648804148899748
85288 0.15459737416158298
85424 0.016131899912513008
85569 0.020801809921879886
85651 0.004502836140628631
85794 0.09376338203593619
85865 0.019631412591947048
85866 0.0502571727712618
85952 0.03739372974052217
86471 0.040801641534274
86605 0.01855168489938996
86607 0.014161591526251877
86621 0.00041493842969994647
86634 0.009947284128359228
86688 0.0029730264261842885
86746 0.006134908785554419
86764 0.03738183005096476
87027 0.20940488654692416
87034 0.05510654909129583
87112 0.011277619999629155
87181 0.004696629088453154
87251 0.03710336979877992
87265 0.014723559443960284
87535 0.024255392264122492
87572 0.01775280851616264
87595 0.10298600977717581
87643 0.02638118251553099
87678 0.01908470289478352
87717 0.007435545049855694
88176 0.006543804197315682
88214 0.04314345325439525
88435 0.015794236878441534
88546 0.013518331217138326
88565 0.009971661264139245
88566 0.0412259664430888
88667 0.09613035532187254
88676 0.01163115040714104
88679 0.008750794763863189
88747 0.014550341097560753
88769 0.01592419304668666
88780 0.039760421496251426
88806 0.016713229639090055
88810 0.03631298610640303
88863 0.016317263886773313
88942 0.003677241803645185
88995 0.011674001171022004
89038 0.003766839573480195
89110 0.022762803557533694
89158 0.006896537137319687
89169 0.1013249451033504
89188 0.057974015310593624
89223 0.03254998236480686
89225 0.0017419422440741745
89266 0.00614294201966555
89280 0.008244286871926148
89305 0.03254681561296484
89327 0.01306459739317763
89350 0.04882022341944726
89357 0.0051748075033165855
89420 0.024635869005520488
89425 0.0070006358110905505
89649 0.16108068195917244
89663 0.009532847642500342
89691 0.014542006010203067
89693 0.037561234932776
89698 0.021447034565768738
89880 0.03689148422057274
89912 0.07572116285465288
90302 0.0031007633743374754
90309 0.06083249047712247
90333 0.030412598195721247
90335 0.005604738640299082
90336 0.008813151971206632
90344 0.06657109934539442
90375 0.04365102329268226
90413 0.05675612957011191
90430 0.11422084720741317
90456 0.011209477280598163
90513 0.011830784550673682
90563 0.15705366491019312
90569 0.017419422440741746
90609 0.021697877075309895
90641 0.11526064265714134
90758 0.01042229488729773
90820 0.004904095703675039
90944 0.014437108871120591
90965 0.060991714528230344
91000 0.06980162884897471
91045 0.04079315971693328
91049 0.028762302169596837
91051 0.06770920679192761
91089 0.0383057719293154
91105 0.030165341299821076
91142 0.004254973600777514
91277 0.007802163107286248
91294 0.04032974978128252
91551 0.008013686781593936
91566 0.006874189606317902
91568 0.005939404104555054
91575 0.005187580800180997
91576 0.004188247972061238
91577 0.0016967279224038
91834 0.008320723968751952
91864 0.017696187595514716
91865 0.0613114864651313
91880 0.021447034565768738
91963 0.015101313933672414
91978 0.018561753066954838
92018 0.042162920225886275
92023 0.18833397086548015
92069 0.0436260180306092
92090 0.17696724502435626
92188 0.039056178735557806
92336 0.018739075655949455
92377 0.007162812702467166
92379 0.002997041179222934
92410 0.010027937783454033
92520 0.02098802905949239
92535 0.029608238480733552
92590 0.1495749189620887
92673 0.04832420458775173
92711 0.009687563916130527
92759 0.010418153559548466
92771 0.0047446764448567675
93025 0.039931070672162436
93083 0.04202445494805471
93161 0.005630253383729882
93229 0.01847690175414037
93260 0.013640944778963205
93262 0.046104257062856535
93452 0.05462736170789326
93500 0.016402471531090666
93533 0.06681734403197187
93784 0.028108613483924183
93905 0.0006482070195454213
93969 0.06345602622634065
93971 0.00913102702966239
93996 0.031743914699015975
94018 0.004344656885103035
94214 0.04882022341944726
94240 0.251285863856309
94255 0.04939741828163201
94270 0.04216205769401158
94403 0.026525736940273624
94579 0.09879483656326402
94580 0.1996553533608122
94598 0.15890936287901378
94770 0.022486890787139346
95231 0.00812696843002293
95325 0.025766229026930498
95446 0.0916065738949609
95558 0.00607256461518493
95645 0.005167600250526451
95673 0.03373033618070902
95797 0.02175016419293764
95804 0.0206129832215444
95895 0.004850113699186917
96025 0.01200756304167635
96449 0.04747901695775412
96568 0.007246751913824203
96631 0.028108613483924183
96731 0.012125284247967294
96805 0.010027937783454033
96827 0.004750751574747749
96926 0.018899414517164263
96939 0.053004813998257023
97013 0.007107925248808413
97021 0.0043753973819315945
97526 0.046348564173045684
97527 0.18476901754140368
97542 0.007913192053171435
97564 0.058894237775841136
97641 0.024259264994407687
97715 0.15890936287901378
98081 0.013204046191736625
98151 0.04818619454387003
98153 0.06746067236141803
98185 0.001492492751358806
98188 0.056217226967848366
98195 0.009393258176906309
98420 0.14514682316290914
98421 0.053004813998257023
98457 0.00654390270459138
98532 0.03658659592122916
98567 0.007894333999740408
98707 0.02854105369136917
98817 0.010027937783454033
98923 0.027689081939388
99046 0.0031179302351915903
99213 0.0030868028118785293
99337 0.01627340780648242
99566 0.0064192681312768025
99677 0.003860912570112375
99694 0.03495268585992734
99700 0.02490159046897981
99759 0.049471159731706564
99792 0.057974015310593624
99805 0.06683134677029495
99868 0.023483145442265773
99869 0.036736009701762294
99870 0.02038646692240655
99878 0.05082653397093139
99913 0.01526887646040326
99938 0.012205055854861814
99960 0.013142566101271392
100065 0.09086288068071409
100172 0.0019915925817917293
100203 0.033708046671305954
100227 0.025766229026930498
100273 0.014550341097560753
100526 0.02251819216869871
100722 0.10600962799651405
100785 0.019965535336081218
100883 0.02854105369136917
100930 0.006225397617244953
101018 0.0063743805523700965
101034 0.0028817186222053785
101051 0.027082751677941545
101054 0.01649038657723552
101169 0.026693071797683397
101314 0.014841347919511968
101408 0.004762948626287538
101458 0.035676317114211466
101461 0.09837729125486065
101509 0.009841742652196265
101510 0.005054955013457755
101529 0.11284867798654602
101540 0.08198107604571721
101569 0.009893144246311379
101843 0.03717246506750133
101861 0.11630177041436626
101964 0.002580206522863694
102051 0.020542821839762082
102063 0.01686516809035451
102172 0.015721766863889795
102515 0.006353316746366424
102565 0.02728188955792641
102566 0.04055499365141498
102772 0.007361779721980142
102788 0.03435497203590733
102831 0.0024951829050961615
102859 0.035274725947958004
102880 0.020499099336342495
102997 0.04653441923264981
103040 0.07420673959755984
103063 0.017501589527726378
103072 0.002982585996686489
103177 0.02132377574642524
103184 0.00716322302897118
103258 0.02792065153958989
103269 0.011416421476547667
103515 0.07894333999740408
103531 0.08556658001177667
103532 0.010799665438379579
103544 0.014001271622181101
103622 0.04168917954919092
103705 0.054416424689290636
103852 0.014550341097560753
103910 0.022120234494393397
103927 0.024255392264122492
103931 0.023528638937856648
103985 0.019224543937191668
104122 0.11779140030378545
104156 0.0035370228597502306
104422 0.03908818263245814
104525 0.024635862552671434
104579 0.004427609761190921
104609 0.017995845961254996
104675 0.017501589527726378
104685 0.03317476408345835
104856 0.004103296274596816
104859 0.008669011635228952
104865 0.05296978762633794
104908 0.01984137422394648
104993 0.014957491896208869
105175 0.010925472341578651
105190 0.01818792637195094
105219 0.009612271968595834
105238 0.01496103620918545
105303 0.030165341299821076
105379 0.002105277009520015
105528 0.011198122275236587
105529 0.010264945418966871
105623 0.011243445393569673
105716 0.04832420458775173
105835 0.0036992392620917164
105846 0.023706213571349905
105957 0.07171773320888795
106150 0.0009580007693978807
106154 0.0009494209262737953
106258 0.012750298899924371
106273 0.05102644530838132
106305 0.015655430294843845
106306 0.05191039187381117
106307 0.04795531752982996
106421 0.04264755149285048
106463 0.01000090830155793
106708 0.06433769191056775
106789 0.01894539849409167
106816 0.017501589527726378
106845 0.11284867798654602
106932 0.002070500546806915
106948 0.0037783472300183213
106951 0.016062064847956675
107000 0.012205055854861814
107237 0.03435497203590733
107463 0.012269817571108838
107498 0.007303812952515732
107510 0.013929371610660143
107523 0.0103064916107722
107544 0.027897270525398435
107824 0.023784211409474308
107855 0.021391645002944167
107888 0.016713229639090055
107944 0.026886499854188346
107989 0.0026445737561496736
107990 0.006335686559049369
108130 0.0034676046540915812
108180 0.018641384559073368
108526 0.005743555696405561
108527 0.028762302169596837
108567 0.02132377574642524
108638 0.004390931337133718
108642 0.005389512183710938
108699 0.0352068872116359
108700 0.02639557393448624
108701 0.030946534957673525
108707 0.03435497203590733
108737 0.02115200874211355
108765 0.012534922229317541
108879 0.006413969341904181
109031 0.00813670390324121
109162 0.009624918147183779
109228 0.008190589359554067
109330 0.005323295523497837
109331 0.012125284247967294
109334 0.0007255254164798576
109341 0.013544385830777965
109407 0.015721766863889795
109419 0.016707836692573738
109445 0.03631298610640303
109543 0.03726031797698348
109695 0.0364693559515762
109696 0.015794236878441534
110024 0.016942177990310465
110231 0.0309194748323166
110322 0.06890759983249271
110413 0.004046169007500536
110418 0.010481177909259865
110568 0.026693071797683397
110723 0.02084458977459546
110923 0.04032974978128252
110966 0.015101313933672414
110967 0.02916314150214111
110968 0.023737148023961013
111012 0.03171228187929908
111218 0.023528638937856648
111242 0.01292800341420903
111251 0.001322758281596432
111340 0.05539234437220004
111356 0.01855168489938996
111368 0.03533654266550469
111436 0.015395589128124448
111451 0.012450795234489906
111490 0.016752390923753933
111543 0.018834197867400974
111574 0.010754599941675339
111605 0.010181761096284806
111683 0.0010655763870987915
111740 0.03244399492113198
111751 0.03196374084092945
111823 0.06013598747329113
111824 0.03034853428216292
111825 0.016108068195917244
111864 0.033793726003578085
111900 0.09971661264139246
111921 0.009724685133758088
111979 0.0030525493665732387
111983 0.025413266985465695
112026 0.1236778993292664
112027 0.024093097271935014
112052 0.026962002559689807
112069 0.005647392663436821
112124 0.04332514894074293
112372 0.05208209537022034
112432 0.04653441923264981
112469 0.0007518413333086103
112482 0.00822234295783704
112583 0.012838536262553605
112628 0.05208209537022034
112644 0.028762302169596837
112755 0.022120234494393397
112760 0.001326541644575614
112908 0.005115754557335281
112955 0.003938786602842879
113017 0.0299220724183709
113033 0.025766229026930498
113122 0.12044614415815588
113146 0.006740500639922452
113154 0.04017383395518619
113335 0.010723517282884369
113350 0.019755177976124923
113377 0.019270388332539034
113388 0.033774981701116806
113420 0.00147177190792463
113482 0.0013834216927211004
113539 0.0167888551125701
113548 0.04032974978128252
113589 0.01008243744532063
113658 0.021223468231107177
113725 0.00491435361573244
113799 0.03171228187929908
113930 0.0014248605913509953
113978 0.029765426429889098
113999 0.04503206503813894
114040 0.019027369127579446
114179 0.014782219043338613
114333 0.00607256461518493
114339 0.017646479203392487
114351 0.0023706213571349907
114403 0.00023059894219254145
114536 0.0012046548635967506
114537 0.0011240881739673272
114539 0.0007139614270266763
114540 0.0009587434056532278
114552 0.00043613903057537664
114568 0.00019736790989231663
114580 0.003697555383406548
114591 0.01942584806218844
114644 0.08513419435516786
114848 0.01010991002691551
114889 0.03283484052989373
114936 0.002501913000592038
114941 0.05377299970837669
114977 0.01984137422394648
115174 0.03710336979877992
115175 0.010221313994154248
115220 0.005233197432832146
115279 0.023305585000933514
115282 0.019094670505798553
115422 0.030495857264115172
115475 0.030495857264115172
115492 0.0028459644667659634
115660 0.02774716312045309
115664 0.01732672448715745
115753 0.02441011170972363
115768 0.0005016002406216022
115860 0.005806474146913916
115870 0.00657861166645034
115901 0.006475282687396147
116027 0.0013077673325481954
116039 0.02558853089571029
116058 0.011930343986745955
116177 0.01731176640828362
116194 0.04985830632069623
116200 0.0015084383535590227
116205 0.010540514423502895
116327 0.008709711220370873
116398 0.14669536338181627
116400 0.017532586560272193
116412 0.02038646692240655
116429 0.006153129319864
116432 0.0064086903547915025
116436 0.041268399990443856
116479 0.020870918924942607
116480 0.03006393351765126
116481 0.005094799435314917
116482 0.042530425546450645
116483 0.03572654606346816
116484 0.028627054342175277
116485 0.03182780155773923
116486 0.04864811106009592
116487 0.02180489662112059
116488 0.030107379851915493
116511 0.08274725432651829
116584 0.04946572123155689
116612 0.017746176826010523
116638 0.05042653116249934
116719 0.06863531948013533
116784 0.0011760180601831987
116829 0.04832420458775173
116830 0.03747815131189891
116880 0.01262003043933821
116957 0.07220858156790488
117016 0.002603329582437872
117063 0.0065093631225929685
117080 0.0654390270459138
117113 0.005717006132323563
117124 0.02318960612423745
117142 0.017924333236125564
117204 0.006225397617244953
117252 0.002407746255598956
117259 0.07766628256962682
117274 0.020307239020498757
117337 0.023632719617057273
117455 0.004382930730285139
117490 0.032471491374916804
117519 0.005546094140325848
117531 0.03507458910392647
117537 0.0027144571272540376
117551 0.04365102329268226
117572 0.04314345325439525
117577 0.002056668109857714
117598 0.04365102329268226
117623 0.06509363122592968
117662 0.027689081939388
117713 0.007487659828853069
117750 0.0285601592424775
117778 0.030495857264115172
117841 0.042840238863716254
117842 0.013204046191736625
117926 0.0027142187124198918
117939 0.07014917820785294
117970 0.007246751913824203
117988 0.08265982363694376
118016 0.2473557986585328
118088 0.04063315749233389
118241 0.012973206223349623
118397 0.010451756753116343
118532 0.006543804197315682
118602 0.00043339995092605914
118728 0.05082653397093139
118749 0.037358465033491384
118761 0.0614858070342879
118897 0.015021607205983773
119046 0.02263534529381301
119093 0.031397007847295946
119101 0.1349422143881212
119307 0.05002235148552236
119649 0.0014474992157621487
120164 0.09049602389946322
120168 0.043612135059458886
120265 0.004614846989898
120317 0.006566968105978747
120331 0.11633604808162454
120441 0.002314620698613844
120468 0.026619265239015782
120493 0.05708210738273834
120573 0.06397132723927572
120609 0.0016006630629326972
120847 0.06509363122592968
120900 0.00822234295783704
121098 0.017098327096211945
121253 0.09520383024663932
121261 0.02038646692240655
121314 0.005189282489339849
121340 0.022624005974865805
121354 0.006969906335056027
121447 0.00887640425808132
121475 0.013691280368553476
121550 0.011501563930681944
121552 0.005456377911585282
121576 0.004993757230848749
121596 0.038420214219047115
121744 0.018586232533750666
121757 0.004225896332435071
121766 0.07275170548780376
121782 0.0010695696108036876
121846 0.0167888551125701
121853 0.03707885133843655
121868 0.04653441923264981
121903 0.07568851320973162
121913 0.0005347848054018438
121917 0.251285863856309
121952 0.016713229639090055
121971 0.043019661773876665
122031 0.004684768913987364
122067 0.02456327691189803
122120 0.011594803062118726
122133 0.04160361984375977
122179 0.05389512183710938
122206 0.0011273430984612243
122400 0.014325625404934332
122443 0.060511837394999206
122506 0.0248306189581333
122552 0.07135263422842293
122558 0.02026498902067008
122621 0.0005299724296354795
122800 0.029215251810062928
122972 0.11243445393569673
123079 0.014493503827648406
123145 0.28839106596561764
123167 0.06754996340223361
123255 0.02195465668566859
123307 0.04407816339404854
123392 0.0007656493974160116
123436 0.0299220724183709
123462 0.012492717103966303
123478 0.0154597374161583
123574 0.006374338526232871
123576 0.008923503688079154
123633 0.007204537825005809
123667 0.018586232533750666
123856 0.009841742652196265
123877 0.11853106785674952
123949 0.0023579868444227646
123973 0.09664840917550346
124014 0.02804529730539163
124141 0.0019587080686222684
124146 0.02073641711337058
124189 0.08049051102670415
124259 0.01856460185018053
124533 0.0026483490220399657
124666 0.11853106785674952
124827 0.08974495137725322
124885 0.017001220046008025
124949 0.05349112697900482
125156 0.0008069458416437564
125186 0.02425056849593459
125283 0.009837729125486064
125478 0.031871902761850486
125759 0.044170678331880854
125763 0.016887490850558403
125969 0.0006948196591531821
126016 0.04607431231403358
126097 0.012326700929827216
126525 0.039760421496251426
126546 0.007149011521922913
126735 0.023174282086522842
126768 0.004966983908805879
126773 0.017668271332752346
126838 0.025229504403243876
126848 0.0383057719293154
126947 0.0011868782536194455
126958 0.012716895944145193
127033 0.014001271622181101
127064 0.02631444666580136
127203 0.02638118251553099
127432 0.021571726627197627
127549 0.19036807867902197
127584 0.026066998325343257
127700 0.03900421239179497
127719 0.1236778993292664
127803 0.011209477280598163
127855 0.02617561081836552
127856 0.013346535898841699
127869 0.015573117562143352
127874 0.003885269835976905
127886 0.0018020092180077668
127912 0.006909379850797005
127924 0.018644909446623077
128162 0.015871957349507988
128232 0.055378163878776
128520 0.12794265447855144
128690 0.006364214373718683
128805 0.029447118887920568
128814 0.003985324360771205
128819 0.009612271968595834
128835 0.4580328694748044
128858 0.13197557256053688
128943 0.0598441448367418
129001 0.012204637587886638
129036 0.01627340780648242
129105 0.012245336567254099
129130 0.03283484052989373
129320 0.0862869065087905
129705 0.02894998431524297
129711 0.018277522068364492
129788 0.02318960612423745
129815 0.006835850485753781
129830 0.005288002185528388
129888 0.055378163878776
129963 0.1196882896734836
130364 0.0005174323858337638
130375 0.049471159731706564
130424 0.0047386168325389425
130457 0.04777029927037838
130587 0.010221313994154248
130610 0.02235142758962646
130647 0.002965896866409266
130684 0.007420673959755984
131124 0.13656840426973316
131170 0.03747815131189891
131245 0.02084458977459546
131277 0.003176658373183212
131316 0.001684220145201086
131480 0.009005672281257262
131509 0.0028762302169596837
131545 0.015524422509949756
