64 0.0028737091790578756
411 0.0025889024376024904
1145 0.04631342358250618
1146 0.017396093895495963
2939 0.0039999881089102
3477 0.02331370644746498
14252 0.018215192486987927
15012 0.0017917899976172508
22938 0.0022118093790352887
31402 0.015016591218478032
32540 0.002256659958110171
51107 0.00365451005361971
58348 0.014717347552892418
61730 0.0015941867835943123
62037 0.02791744278074438
65800 0.031610800969636636
67133 0.016023621004332574
71395 0.007599603226563718
71400 0.00156803239706555
74966 0.0021577625097467766
74990 0.0027595026661673284
83908 0.03323406539954573
84066 0.002910776011894165
85006 0.06032932808773832
85748 0.011442219505910727
89420 0.07602430493651788
89600 0.015577674749721786
92661 0.016445295241288696
93229 0.023894046615284163
95878 0.02361620886394365
96102 0.03275796713385732
116481 0.002619792276425867
116933 0.024996848766758815
117641 0.020208780343748966
117733 0.007900681679497035
117883 0.009109329009274395
117942 0.04538533993964589
124883 0.01285439216645034
128922 0.010218837546159263
