59 0.0063936025681730355
233 0.06993002808939257
1739 0.037365735883729226
2954 0.0019504017131265795
3007 0.021725833969520023
3205 0.0023293833090151585
3317 0.0023814411836047132
4658 0.02204785221337921
4715 0.002860367574172001
5474 0.015648677614409526
5867 0.01910348852104059
6567 0.007141790102746476
6575 0.03903071335221911
7259 0.013547765995255246
7353 0.01721354537585048
8196 0.02762667776371065
8259 0.050316348444104694
8568 0.01174010887270922
8684 0.04528516203194881
8685 0.04936237276898299
13571 0.0685028846589968
13572 0.11481389565675909
13573 0.270632754048075
13579 0.06677050978364604
13637 0.05517755179620947
14046 0.020467325294456364
14684 0.04900206347869844
16555 0.004582445526676919
18216 0.01395692868312201
19180 0.01637386023556509
22648 0.06011163413172466
24366 0.004172332316085573
25426 0.015798687025105142
26304 0.033399416400903915
26417 0.018572836062122795
26827 0.0005544043848857616
27944 0.009495449358672825
28853 0.06906165472720252
32347 0.03729601498100937
32387 0.05502690734903022
32611 0.1291015903188786
33121 0.008186930117782544
34104 0.022680009110073267
34415 0.0363262327516023
34420 0.034896203954876664
34453 0.01790011916538449
34455 0.022259077999171647
34465 0.011655004681565427
34509 0.11301867345385862
34511 0.10359248209080378
34513 0.1557065160276596
34516 0.22013402444295804
34518 0.0774457460239123
34521 0.07701859924738756
34584 0.03236937916716196
34585 0.045568496841791276
34586 0.036439347507466475
34636 0.0894964728684727
34640 0.08357776227955258
34645 0.08341854469213375
34646 0.05123119114308842
34647 0.010019824920271175
34649 0.09472146391682626
34650 0.12354973554368642
34653 0.15612285340887644
34668 0.024532723803149487
34669 0.02492670103074375
34672 0.07194035234189336
34673 0.20126539377641878
34675 0.010932408860883038
34700 0.02817715512869863
34707 0.11254035316850644
34709 0.03548760091775646
34710 0.057118470703613825
34711 0.08341854469213375
34717 0.03291723729988157
34718 0.24290650973016062
34719 0.05009912460135587
34720 0.042055455415968106
34721 0.026744876924195554
34812 0.02146800782518148
34833 0.07026258176954656
34842 0.09650523279190731
34844 0.031288443778596124
34878 0.025428580917268795
34879 0.10972512769490833
34880 0.07959648341440291
34881 0.1523295163943312
34937 0.03438875328034271
34976 0.027983856845603974
34978 0.07236243450882925
34979 0.02601047064077609
34980 0.0303108684533844
34981 0.10359248209080378
34982 0.04551099046436538
35141 0.013426565393163375
35220 0.04895071145852792
35221 0.13372441964728413
35304 0.02102399220246453
35306 0.08696652817499577
35311 0.11035510359241894
35312 0.03436238430329101
35313 0.09418025395872752
35316 0.07556541812951233
35325 0.015941901360475668
35328 0.40253078755283755
35573 0.27723355292729635
35574 0.0624537124726327
35575 0.008009934321728307
35576 0.1697418983656544
35615 0.05859059623721211
35619 0.05568607732944394
35660 0.04537816581842905
35661 0.0404792020254574
35664 0.04352244550925069
35676 0.07281758474298461
36637 0.02059289170730579
36782 0.04093465058891273
40234 0.03407757714000856
44615 0.008707240851597518
47704 0.030936786620192107
48344 0.11006701222147902
48345 0.18944292783365252
48346 0.09196277666550255
49216 0.019235767038916007
50297 0.16574797134528607
50736 0.001765259715114827
58671 0.0171257211647492
61008 0.014625888227846814
61184 0.21655750634134474
68285 0.009636509961935236
70844 0.01766653341205707
70845 0.02738933896390157
70882 0.0104243520133256
70989 0.1291015903188786
73043 0.00629763855214042
74207 0.0924111843090988
74528 0.012009450262221265
79297 0.04662001872626171
79907 0.05009912460135587
80288 0.016910031981314074
80734 0.1243200499366979
82514 0.03290824851265533
85560 0.11143701637273676
89635 0.020329837755193817
91000 0.07459202996201875
95697 0.05286049367387155
96939 0.09590403852259552
100203 0.02906182985533198
111824 0.032431317374790755
111825 0.01721354537585048
112878 0.18042183603205
116481 0.005649111378699802
117965 0.0392589631379046
120334 0.04792033185152829
121563 0.11574625338933943
122079 0.04727663870832174
127005 0.4795201926129776
129881 0.015795959286074555
130684 0.0227331513400383
