55 0.0022477460310051864
121 0.01167227217200642
123 0.008172686080938069
195 0.008000327147772414
208 0.001979211368296741
248 0.03198141551998665
276 0.0015931213601316212
279 0.0019826594717258293
281 0.004498207655219866
312 0.005445198740529311
318 0.03279796229922035
354 0.003653439925427371
356 0.008556740877974632
368 0.028630101553978014
426 0.002045926358239328
542 0.0037272190513506125
544 0.013878616302080806
610 0.32114671417986596
634 0.004398247485103869
695 0.0007875754579727516
759 0.009239142928986538
762 0.008172686080938069
779 0.009896056841483704
783 0.013357922253581947
827 0.016199950701361224
871 0.01739475859562428
872 0.03723440164404243
954 0.021761316407202663
1033 0.0014813492180548336
1042 0.00042559705937570156
1043 0.0013081332553151362
1264 0.016985769205531732
1271 0.0031656370981102255
1273 0.026936012704630204
1286 0.0007493310530176962
1402 0.0068448998951172405
1447 0.002246883586911404
1489 0.0028305255748500855
1497 0.0015833690946373928
1572 0.0013408501169609732
1590 0.001103827872716417
1768 0.018810686558192166
1792 0.0023237295288833612
1794 0.0029559650305730546
1903 0.008461312541045547
1912 0.007445412017512722
2073 0.003120072753312203
2132 0.07759182952536472
2159 0.009271254882041759
2244 0.025289923039347247
2249 0.026238782931282758
2282 0.02370930284938804
2305 0.018355589302752034
2312 0.017243129345009486
2325 0.011267787492778476
2356 0.0019007040280093965
2361 0.0034749869884205514
2381 0.028123366891036127
2383 0.0014190106443524016
2420 0.0015584341482651502
2423 0.0048895662159855035
2480 0.0023870928930689586
2489 0.020390267566975616
2526 0.0012899365676062636
2546 0.04615108110421295
2576 0.0029283894910018173
2622 0.004565883798477938
2647 0.007368567055752183
2698 0.008592554225548252
2726 0.0028099914488163608
2747 0.006045399929724441
2759 0.0023730052771911278
2784 0.0015488894682145302
2802 0.0008259790583237143
2808 0.0013225410072871889
2810 0.002742890085521987
2824 0.0013998112383402535
2849 0.0022446677253858504
2875 0.009308600411010608
2890 0.03322207388067579
3034 0.0013145209780775352
3045 0.0039344737658448614
3080 0.031833469560017515
3082 0.001262392165025653
3116 0.0014998965888245483
3156 0.0020691331920313512
3159 0.0016017544500642167
3192 0.0028578128069398526
3203 0.0016427954338081934
3219 0.0017427971466625208
3223 0.002327150102752652
3231 0.0015504721209409075
3240 0.0028953873554909025
3249 0.001447896357214537
3252 0.0021517367784245627
3279 0.0016766799805092096
3281 0.0015373813397779482
3288 0.0016045774223061348
3327 0.0014238930707170798
3338 0.0016791538720333842
3346 0.0014920308577785987
3347 0.0014736763182526722
3373 0.0015616419029442553
3382 0.001671754001866509
3399 0.0015916734780008757
3411 0.003113670415241111
3427 0.0007476081699921998
3429 0.003427851014369356
3432 0.002136173696425389
3454 0.007777518809603212
3500 0.009874590340742959
3629 0.009464004463788991
3646 0.005066630659305533
3685 0.004896773278473179
3741 0.005571831269378829
3972 0.0058737885768806505
3992 0.0075281905347297715
4012 0.007260264987372415
4013 0.03380491728209115
4041 0.009603768242790092
4065 0.02321542512143609
4098 0.017113481755949265
4109 0.0012969191302229356
4162 0.0023416595406803007
4173 0.01449740811172772
4191 0.007821625682272343
4255 0.0005632499563329008
4261 0.008646248466202032
4318 0.002140190948322757
4357 0.005126335751219036
4413 0.0006964789086723537
4447 0.003919990370699062
4465 0.039242984026573315
4484 0.16859948692898163
4534 0.024875334137062863
4655 0.026577064931391527
4669 0.0015802816603943935
4675 0.0969897869067059
4751 0.015023716657037969
4785 0.017712786564523363
4910 0.009385950818726813
4957 0.006035646938384325
5230 0.024113906797348532
5305 0.010024421603958111
5318 0.007248310916974264
5424 0.05751881447997599
5533 0.002822186080026351
5575 0.06154739438681037
5577 0.055414592442476665
5633 0.0090463863149258
5654 0.005959621826932052
5685 0.02220676825685182
5702 0.02276093073541252
5735 0.018687188378693816
5827 0.005718826817942844
5906 0.003680021137495961
5937 0.0064661735043785576
5939 0.010660857487312657
5940 0.010764388997575371
6047 0.02899481622345544
6211 0.0027064126914878145
6412 0.035969722296526695
6425 0.03585215121939984
6426 0.08928293260347737
6429 0.06151602901462844
6587 0.015224702833051853
6588 0.022584571604189314
6598 0.18731909389357018
6637 0.0025000068570602604
6718 0.006271724982394087
6891 0.0026116960109480803
6924 0.0023272935312282743
6937 0.02735723478836393
6982 0.008910429063950037
7010 0.0029920501321105525
7044 0.022725640446759544
7104 0.0162578076681518
7144 0.020505343004876143
7168 0.00611031697594967
7195 0.09104372294165008
7196 0.009214951714741912
7270 0.008544923658887786
7336 0.004812036096281717
7364 0.0048895662159855035
7366 0.022986279150264986
7371 0.017437830634200867
7383 0.013937651248312446
7474 0.018733276325442406
7494 0.032983979121847855
7496 0.01223416054018537
7512 0.019172938159991996
7554 0.013548173056793166
7578 0.03035923517651794
7609 0.037250920475220425
7645 0.00753673203159355
7733 0.02051020751690134
7736 0.03070725553911069
7840 0.07058069142673344
7876 0.010858397464589728
7903 0.003828583807470567
7971 0.02586469401751423
8078 0.0190468039626883
8179 0.0019638421687154894
8252 0.04692975409363406
8346 0.01250600589857831
8353 0.001077185553024729
8389 0.022097991005254874
8445 0.005747709781669829
8631 0.003084136956017957
8633 0.031394387221258646
8639 0.018580351620744916
8657 0.013912493033062785
8676 0.1976287471876098
9126 0.026395620343550627
9195 0.020184469005083434
9204 0.008873657206788507
9298 0.020231938431477796
9312 0.01820874458833002
9334 0.04028483316002216
9348 0.002654335945820702
9527 0.004598167825335863
9682 0.014731994003503252
9801 0.012487939592904678
9874 0.009159328263747494
10040 0.01458515082224745
10062 0.008925855190357851
10137 0.04598167825335863
10266 0.00890838776337085
10271 0.05369279324960243
10301 0.016199950701361224
10360 0.004673702409735631
10504 0.08903980437336936
10585 0.00433954828129886
10601 0.02095080801592573
10676 0.03762137311638433
10704 0.00818208188993289
10743 0.06694391392768388
10765 0.0373130012055943
10787 0.013043513315422648
10913 0.02725859968312877
10914 0.15697193610629326
10918 0.02772489618818987
11003 0.04741860569877608
11039 0.00952340198134415
11137 0.016085463417252664
11209 0.02709634611358633
11220 0.013711404057477424
11334 0.0024246887788254012
11389 0.009464004463788991
11412 0.04662170014399598
11468 0.034534262994039014
11589 0.2854637459376586
11635 0.005718826817942844
11657 0.00044226038541557406
11680 0.07099905969641217
11683 0.02421375610150268
11842 0.05611017310075043
11894 0.005271902284758401
11908 0.013698431442056824
11913 0.035563954274082064
11915 0.013118692066520185
12080 0.004555272541558382
12082 0.03641748917666004
12166 0.032986856138279015
12255 0.030615069888284538
12256 0.10704890472662199
12308 0.08429974346449082
12392 0.003537052173335279
12707 0.00932026711080203
12783 0.005911930061146109
12950 0.0162578076681518
13182 0.01576611920689559
13331 0.010812793698533265
13345 0.0007048910106971979
13360 0.02370930284938804
13406 0.008246714034569754
13408 0.0028099914488163608
13420 0.050999324570662266
13439 0.0074975886578957035
13440 0.007702514631273273
13480 0.000981709326521998
13492 0.005676042577409606
13497 0.01331048581018276
13620 0.11794165171076641
13656 0.013428277720007388
13708 0.03762137311638433
13711 0.015697193610629323
13746 0.0015675572131826805
13801 0.049480284207418526
13863 0.004771683592329669
13894 0.017966249744328165
14093 0.03670248162055611
14246 0.007090632627854368
14251 0.042936190251189964
14319 0.009293067887716031
14479 0.007003363303203853
14529 0.008071252033834226
14614 0.015292700675231712
14772 0.009186556782260767
14891 0.038926874446044354
14943 0.03952574943752197
14975 0.00095746078745225
15012 0.0016999384958793081
15038 0.09205810282670392
15103 0.015275792439874175
15211 0.007003363303203853
15227 0.01820874458833002
15252 0.011305649453931456
15262 0.028274448118524868
15348 0.004149668320038746
15378 0.005762260945674056
15384 0.002411115544005564
15479 0.0009577500835435522
15608 0.015643251364544686
15664 0.0019922040030995645
15850 0.00601345594066381
16084 0.003790329847695674
16113 0.018580351620744916
16329 0.008987087289343443
16528 0.014779825152865274
16614 0.044629275951789255
16637 0.03584893553635713
16727 0.013794503476007589
16873 0.013080994675524437
17031 0.015023716657037969
17032 0.19902653726191835
17114 0.0017361487406839285
17191 0.004552186147082505
17276 0.00601345594066381
17350 0.2276093073541252
17379 0.007046727781861462
17466 0.007146289084901891
17571 0.010749680809367898
17716 0.2586394317512158
17818 0.010138499213992213
17859 0.06322480759836811
17946 0.03762137311638433
18077 0.0032862998928696527
18104 0.006845392702379706
18200 0.07961061490476733
18228 0.009939271063498917
18242 0.02964431207814147
18399 0.007689503626828555
18797 0.01261460088431552
18947 0.016922625082091095
18964 0.0014181265255708737
18993 0.07522262825647306
19080 0.011280224437747727
19091 0.00503560414500277
19143 0.003776345487661334
19237 0.24495573816851487
19289 0.0038480018149471716
19376 0.011022242486882577
19386 0.0027927522374739293
19404 0.07271246358789417
19895 0.006774086528396583
19992 0.0009071714123321053
20032 0.017992830620879464
20087 0.0010163398408311016
20134 0.030107504454362433
20178 0.14225581709632826
20238 0.0020160923725652063
20254 0.00854068695512665
20280 0.1167227217200642
20341 0.002877488082858726
20465 0.05172938803502846
20494 0.025431207525600585
20522 0.012171620714124342
20798 0.09275023095701049
20816 0.013118692066520185
21377 0.02383343532503929
21513 0.04294515233096702
21854 0.06266277349851043
22371 0.0013914310784414199
22377 0.029668552138422608
22589 0.004314868385860194
22671 0.03501681651601927
22742 0.010206695397045974
22758 0.3503418700143992
22768 0.00433954828129886
22901 0.022097991005254874
23052 0.005386108413918087
23068 0.06151602901462844
23137 0.002440850481009386
23141 0.0007097001551572751
23312 0.0015686375420684026
23473 0.0761451738247077
23489 0.00984846430965645
23513 0.008812983199789742
23523 0.002015133309908147
23566 0.013080994675524437
23632 0.0056382744259815525
23696 0.009366638162721203
23911 0.010660857487312657
24128 0.007260264987372415
24171 0.010284542958142339
24253 0.00605343902537567
24360 0.017605925662157313
24418 0.0030695793304669618
24587 0.046375115478505244
24588 0.026701316431972072
24684 0.0016816350746518302
24685 0.00753673203159355
24823 0.028099914488163603
24889 0.0014451384593912712
24919 0.002813990923810436
24921 0.0015560601824310357
24922 0.0017171581090465878
24933 0.049480284207418526
24935 0.004893845307035046
24945 0.0047902555253677955
24946 0.011466463846555426
25020 0.04429609850756772
25021 0.005747709781669829
25056 0.02234064098642546
25332 0.006824866787230141
25455 0.01730869257445819
25487 0.004940718679690246
25595 0.03760668250781144
25596 0.45338359648922255
25604 0.0003893086587772603
25851 0.005167067136302501
25921 0.0021980618769109144
25925 0.016157025748288378
25929 0.004176317566130738
26078 0.021074935866122704
26134 0.012154292351872875
26140 0.017755825286478927
26169 0.003762137311638433
26189 0.0018400105687479806
26277 0.19268802850791958
26419 0.014181265255708736
26546 0.010635948941781551
26590 0.00650312306726072
26634 0.032285008135336905
26723 0.019126832550766824
26907 0.014590340215008026
26929 0.019126832550766824
26959 0.047528725316279004
26977 0.019377837299334847
27126 0.012932347008757115
27303 0.03272354577590744
27340 0.0024659729940858634
27401 0.15415042280633567
27425 0.006504237249212475
27506 0.028274448118524868
27516 0.022909529468997793
27564 0.002318994471259554
27573 0.0022704170309638424
27583 0.054778486128475676
27611 0.0034954744400529625
27636 0.0019273621256105985
27654 0.021232840606933288
27681 0.011524521891348113
27745 0.017508408258009634
27810 0.012751221700511217
27944 0.0064387357101591295
28336 0.005040890216034521
28430 0.009405343279096083
28486 0.04552186147082504
28525 0.005762260945674056
28674 0.0026161989351048873
28675 0.004516057685597722
28713 0.021291494862753543
28734 0.009032115371195444
28873 0.00823558085221731
28969 0.0007863510359444643
29028 0.003000781903152606
29148 0.002580604391770127
29181 0.007003363303203853
29334 0.002233653654113103
30323 0.013588615364425386
30409 0.0053055782600029185
30434 0.0066747597464552845
30493 0.013404384591855275
30661 0.0030490195224933047
30666 0.011334589912230563
30685 0.04101068600975229
30696 0.02725859968312877
30747 0.0066747597464552845
30777 0.030347907647216697
30850 0.02220578608332929
31036 0.0067491428549183744
31067 0.003281829647598508
31159 0.017243129345009486
31162 0.0197064335371537
31218 0.002888289320274146
31464 0.0011226106404642426
31530 0.013836432058001533
31574 0.0024034773743835816
31580 0.005007905552345989
31601 0.006322480759836812
31618 0.021780794962117243
31703 0.00927499535537519
31745 0.02357040104072411
31856 0.0062358183998512265
31958 0.0036042645661777547
32017 0.023568744279076195
32062 0.02220578608332929
32337 0.08925855190357851
32338 0.07763821644872157
32369 0.06326671383160318
32410 0.005791585428858148
32434 0.008716466928536596
32464 0.010812793698533265
32492 0.0026252032187164547
32505 0.0031700460634279276
32538 0.0150734640631871
32540 0.0012644961519673622
32640 0.0018542509764083522
32875 0.0068044635980306495
32877 0.0073186272461133505
32881 0.031612403799184056
33040 0.023718026492469565
33083 0.010304172647482329
33257 0.0023076410599750844
33391 0.00984357744612616
33394 0.01673597848192097
33414 0.0020413390794091946
33428 0.031125662273785278
33454 0.006340092126855855
33757 0.003907455920242493
33780 0.0009133599813568428
33910 0.014590340215008026
33927 0.007020477019299291
33940 0.060689142837140025
33992 0.011553771946909909
34002 0.01865650060279715
34240 0.006447855732411479
34251 0.001900745040768627
34336 0.0014703443627527468
34686 0.03352025890727046
34945 0.011949645178785709
34999 0.012336547824071828
35015 0.007835088032844242
35118 0.004143232339258598
35184 0.005544684710210114
35514 0.023579042362911386
35524 0.010537467933061352
35549 0.06869518260435868
35575 0.0022760930735412524
35726 0.015916734780008757
35871 0.017712786564523363
35911 0.001398950874948526
36331 0.054845616229909695
36389 0.03456287506868513
36432 0.006928746038177327
36461 0.007143207729672644
36688 0.0598944914817352
36711 0.044629275951789255
36810 0.014181265255708736
36861 0.005324194324073104
36864 0.007889404067733976
36921 0.014137224059262434
36941 0.010224461553188846
37106 0.004712408019754146
37193 0.0450711499711139
38302 0.015861275773806634
38307 0.013349519492910569
38334 0.01744132623403258
38338 0.018733276325442406
38459 0.02899481622345544
39083 0.0030572103069728034
39934 0.11102893041664645
40360 0.01730869257445819
40361 0.03075801450731422
44018 0.05751881447997599
46460 0.00872066311701629
46502 0.01679773486008304
46585 0.20691755214011384
47086 0.012491930535359455
47135 0.02972952158484871
47159 0.03075801450731422
47166 0.037009643472215484
47172 0.001329882017844728
47367 0.007306879850854742
47419 0.016894021980639287
47422 0.018355589302752034
47459 0.0004409841595329433
47461 0.004771683592329669
47547 0.008014412230779058
47647 0.02586469401751423
47728 0.015924630455199963
47799 0.027155146969671702
47800 0.008431839177910044
47935 0.059337749429554665
48157 0.0057768859734549545
48240 0.00627887744425173
48265 0.015751509159455033
48267 0.009068099894586661
48412 0.001130977924740995
48427 0.01679773486008304
48656 0.006704250584804866
48728 0.008429974346449083
48823 0.003015462104975267
48832 0.008368644017716377
48846 0.013887425478048257
49003 0.08928293260347737
49167 0.02408564098985452
49338 0.04791774891665794
49339 0.1138046536770626
49340 0.1167227217200642
49341 0.15173953823608347
49521 0.0010971767045269954
50143 0.04598167825335863
50203 0.0033034732562282326
50253 0.007962315227599982
50260 0.012437667068531432
50281 0.002064398302198176
50301 0.0020080221204598608
50390 0.11857724831256589
50393 0.03134207682494565
50706 0.024063661935949825
50891 0.015224702833051853
50931 0.013838033291147848
51284 0.03007252434596051
51331 0.011885603517186696
51637 0.03612846148478178
51851 0.0033973235378990324
51856 0.013118692066520185
52001 0.085297087397965
52002 0.09270293904497869
52003 0.10166887025445084
52004 0.10855663577910962
52005 0.03857784870408902
52197 0.06587624906253661
52280 0.006126764666329077
52910 0.010948183437949975
52962 0.009682815502910532
52981 0.001430155874044142
53101 0.002859413408971422
53171 0.008524693159330533
53184 0.004791774891665794
53244 0.11979437229164484
53511 0.09579554126334194
53649 0.019338610908040645
53681 0.02408564098985452
53711 0.010429663248060599
53726 0.004746805158584467
53788 0.3125959767540632
53846 0.0009048273001555365
54021 0.013388782785536776
54153 0.009086199894376255
54198 0.0012758369246307468
54202 0.08026112916658379
54240 0.003161240379918406
54503 0.012932347008757115
54528 0.017281437534342563
54544 0.002210872339525257
54598 0.01744797677172013
54650 0.012273122834899336
54679 0.013194742455311607
54824 0.007274125607259278
54919 0.0031372750841368053
55030 0.05619982897632721
55118 0.05840245233091968
55136 0.04598167825335863
55199 0.008414392138784666
55691 0.0028648119239034014
55734 0.024086003563489947
55759 0.016553404171209107
55961 0.003472654957677964
56044 0.015431139481635606
56098 0.005606140575224759
56263 0.05232397870209775
56481 0.008653327707039927
56498 0.008071252033834226
56539 0.0037773824396705223
56805 0.005791585428858148
56814 0.06831984989654756
56886 0.008071252033834226
56953 0.10798770106049455
57079 0.0017719681382181798
57105 0.004230656270522774
57188 0.0008491300404929125
57189 0.005919812606839816
57213 0.01757600828989384
57238 0.002881130472837028
57240 0.002631321472302026
57242 0.004149020997783584
57323 0.034749512573148886
57353 0.01705203792105483
57551 0.014093455563722924
57611 0.0021271897883563106
57625 0.013588615364425386
57637 0.011130039479419325
57642 0.03612846148478178
57703 0.00219700103623673
57775 0.05657737569557845
57801 0.33510961479638185
57846 0.06597371227655803
57862 0.01367022866991743
57953 0.010819577822262014
57954 0.011017095470132923
57959 0.009874590340742959
58077 0.011979437229164485
58182 0.0007408940825066599
58200 0.013629299841564385
58294 0.010304172647482329
58385 0.019605747618537065
58386 0.0926218670064064
58399 0.07194349669799939
58413 0.20831138217072384
58591 0.03173845112482419
58660 0.09951326863095918
58703 0.016493428069139508
58800 0.004801884121395046
59007 0.03163991615230794
59161 0.0034643730190886636
59198 0.08754204129004817
59207 0.006587624906253661
59506 0.049092491339597345
59638 0.010969123245981939
59741 0.0035675440024157557
59778 0.15729634980238333
59996 0.007702514631273273
60025 0.0031809827240267367
60033 0.013428277720007388
60116 0.020977816346002324
60242 0.009810746006643329
60251 0.002409839146152729
60397 0.018662278790113274
60413 0.0006616549632387361
60500 0.0036236582700125922
60827 0.23614904638154482
61080 0.027757232604161613
61166 0.026936012704630204
61486 0.026936012704630204
61584 0.03612846148478178
61650 0.022405584710223206
61852 0.002310754389381982
61937 0.012969191302229358
61962 0.008805002218728248
62136 0.006645527222018254
62151 0.007889404067733976
62510 0.00906767192978445
62512 0.0038841178729372905
62543 0.0051583551774147295
62605 0.0036475850537520064
62699 0.054778486128475676
62847 0.02408564098985452
63004 0.08845623878307482
63005 0.00611031697594967
63026 0.136840116031422
63051 0.037968084435058044
63052 0.13087778474157905
63054 0.12631228062268676
63059 0.0830719459875833
63082 0.038617606409876964
63188 0.00910437229416501
63408 0.0031656370981102255
63434 0.01996572871527414
63602 0.000942481603950829
63694 0.010969123245981939
63744 0.0021927513912707777
63754 0.006253002949289155
63755 0.003343272478653082
63776 0.0013686669113296766
63820 0.0014248916674297967
63850 0.007487148268227803
64084 0.011199617571596812
64182 0.003612846148478178
64505 0.007271862854764384
64555 0.014225581709632826
64663 0.004692975409363406
64797 0.004123357017284877
64900 0.017924467768178565
65058 0.10586479411819777
65061 0.026466198529549442
65099 0.006907717977363436
65161 0.0026999917835602042
65364 0.028441037418143113
65366 0.0015983799673744748
65367 0.0031897408309088746
65374 0.04464146630173869
65569 0.031179357171797973
65574 0.01331048581018276
65710 0.00665524290509138
65785 0.05928862415628294
65786 0.04319508042419782
65791 0.005544979237637973
65808 0.033953837622540894
65809 0.03535560156108616
65955 0.07620084518356886
66129 0.0007549230758014103
66185 0.20691755214011384
66227 0.019621492013286657
66228 0.0054689903852
66232 0.013921058553769126
66275 0.013545731353808054
66375 0.0028793081259218876
66392 0.02709634611358633
66564 0.003061322223996304
66592 0.004318962188882831
66653 0.009583549783331587
66655 0.04598167825335863
66793 0.002233653654113103
66925 0.02845116341926565
66942 0.0052384190415218695
66965 0.16760129453635228
67057 0.012391513087326018
67145 0.018136199789173323
67150 0.018355589302752034
67157 0.010347477909783452
67386 0.03780353618197832
67462 0.002712864211610551
67544 0.0025820681492243363
67578 0.005935053646782926
67611 0.0019579295256268833
67760 0.006684561155774602
67833 0.002436930485590206
67886 0.01250600589857831
67903 0.0104015130098742
67911 0.009483721139755217
67928 0.04214987173224541
68091 0.0036979578774025217
68282 0.013752828238919953
68311 0.0104169019384039
68337 0.046213122842932206
68373 0.0668874146410861
68444 0.007243910846162389
68445 0.006794307682212693
68557 0.027757232604161613
68582 0.012823059569246491
68617 0.081289038340759
68653 0.008605266818681482
68661 0.005499869768895843
68725 0.025987694099404452
68848 0.00602141024746363
68986 0.019371004881202147
69057 0.02049872643701272
69181 0.14848308895818002
69299 0.012204252405046929
69310 0.003780885504221349
69446 0.022034190940265846
69449 0.002818691112744585
69603 0.0065651798469478564
69681 0.1375045080196337
69757 0.01926063263825016
69833 0.012074764315868711
69846 0.004441157216665857
69848 0.008492884602765866
69898 0.05232397870209775
70026 0.07008294279710363
70033 0.03252352135793731
70058 0.0007232580468831434
70124 0.0012023735200957487
70190 0.0047567253365543415
70446 0.04552186147082504
70641 0.046450879051862286
70823 0.005167067136302501
70835 0.025718565802726013
70900 0.010586479411819777
71028 0.0012296559014269325
71120 0.00952340198134415
71221 0.0005798296788402574
71234 0.07961061490476733
71496 0.007808209514721277
71515 0.0190468039626883
71540 0.0031051747251585977
71787 0.000998037902592371
72319 0.008524693159330533
72349 0.022875307271771377
72669 0.0011738489291084333
72743 0.016682946191161868
72745 0.014116339084829272
72761 0.0007292573696959771
72920 0.00680275475756115
73037 0.017895973860874895
73078 0.000697866954941362
73290 0.012460614334920302
73364 0.014006726606407706
73379 0.002814753620675333
73779 0.007944478441679764
73995 0.013455315195171942
74163 0.018580351620744916
74204 0.014270176009663023
74401 0.004039206874074982
74424 0.02220578608332929
74425 0.0030449405666103705
74443 0.010855663577910962
74535 0.01757600828989384
74604 0.017113481755949265
74913 0.016985769205531732
74979 0.008911213140775994
74990 0.001546258881481829
75001 0.006734003176157551
75008 0.028129639198236436
75015 0.0026527891300014593
75224 0.027931008311662325
75306 0.0013832227733462485
75322 0.004052690979815665
75344 0.0008445614373065871
75510 0.010616420303466644
75557 0.15239012921681083
75593 0.001578975423892648
75838 0.0026341493986045054
75912 0.026161989351048874
75969 0.003550847228613498
75973 0.004602817135573816
75977 0.019453786953344036
76036 0.011466463846555426
76059 0.023642702884407313
76096 0.0027439337836543125
76115 0.001645766483010406
76173 0.01929954300721632
76182 0.0007451606068231305
76289 0.018617200822021215
76311 0.002957885735596169
76653 0.04849377557650802
76672 0.03075801450731422
76830 0.009328250301398574
77104 0.14542492717578834
77159 0.006429641450681503
77179 0.0023610923999390584
77203 0.00315466815459633
77220 0.0036685136246616436
77449 0.0027935922944243505
77451 0.0014328568294247732
77481 0.017866539693340563
77530 0.0010054162718910493
77566 0.013794503476007589
77584 0.016976918811270447
77712 0.003755929164259492
77914 0.01820874458833002
78058 0.00040841040378957095
78104 0.014590340215008026
78340 0.23356124667626615
78567 0.10943128894783198
78590 0.050815286109425956
78836 0.07340496324111222
79028 0.20767986496895824
79050 0.01926880285079196
79254 0.0020169189840861784
79388 0.002690417344611409
79671 0.014181265255708736
79684 0.027757232604161613
79918 0.0006434495146784788
79946 0.04791774891665794
80004 0.018439045790231538
80017 0.010932654099740117
80290 0.01352196691283646
80292 0.015292700675231712
80489 0.0006703581354692358
80494 0.0010924372803173756
80496 0.002752228625805625
80528 0.0014488179971618408
80538 0.003249376534703534
80540 0.0022715499735940638
80545 0.0031179357171797974
80546 0.006774086528396583
80573 0.08660136112715486
80582 0.031612403799184056
80633 0.0032125519739467216
80688 0.017781977137041032
80696 0.0591193006114611
80732 0.004556742889972477
80808 0.0012158891213624834
80833 0.005214417121514896
80834 0.0033597325554158945
80836 0.006093957358878854
81069 0.005626929724453033
81210 0.010199864914132451
81290 0.009405343279096083
81409 0.00712930879744185
81488 0.007755001954143959
81604 0.034732886306007016
81605 0.03980530745238366
81606 0.05352445236331099
81608 0.02225995109334234
81643 0.01210687805075134
81649 0.03993145743054828
81672 0.010711026228429421
81791 0.031394387221258646
81860 0.001466702405388541
81861 0.0013062227107840758
81862 0.0011329482695576168
81872 0.00882206617651648
81909 0.00038289058348746775
81961 0.01730869257445819
82070 0.004812036096281717
82162 0.02069175521401138
82323 0.006855702028738712
82404 0.015224702833051853
82420 0.0038808066045034136
82523 0.023862294552064345
82532 0.010711026228429421
82627 0.008900139884892359
82631 0.011552068594360969
82790 0.015588775743640947
82919 0.016876535930894294
82977 0.012575099853819072
83150 0.01319512954222663
83153 0.0010691526065080847
83154 0.0006925583671204175
83186 0.0015050812615342284
83199 0.0591193006114611
83353 0.01129574726323202
83465 0.0076123514165259264
83503 0.003244951649718828
83504 0.0022184143016971266
83724 0.008099975350680612
83728 0.010675237036449839
83773 0.004090014507711145
83778 0.013550742962513587
83871 0.007755001954143959
84060 0.017243129345009486
84068 0.007365997001751626
84184 0.08854848211647966
84219 0.0051148158955983195
84222 0.004075368081542081
84271 0.009752035475383222
84300 0.0301469281263742
84301 0.02501201179715662
84308 0.003972239220839882
84335 0.0015280920265466613
84361 0.03198141551998665
84483 0.016475238719354232
84696 0.015292700675231712
84699 0.0012339891968236659
84703 0.0020858676394262185
84774 0.021271897883563103
84786 0.00765073302030673
84818 0.005531210385276432
84909 0.0022044484973765153
85173 0.009685502440601073
85179 0.006261604053758603
85415 0.001675644959324926
85427 0.03279796229922035
85469 0.038926874446044354
85543 0.04847497572526279
85549 0.0010299063681182136
85557 0.022875307271771377
85648 0.004630911645048325
85655 0.021854441113870225
85763 0.005196559528632996
86099 0.004471695625817784
86227 0.01223416054018537
86578 0.0003542557312904673
86621 0.000704563788072391
86644 0.006050825160360583
86676 0.0025108583271276916
86774 0.047229809276308966
87086 0.005336677780870462
87087 0.060695815294433395
87196 0.028027349601151937
87225 0.0516393177760653
87600 0.04124530248838334
87614 0.008703988808953162
88148 0.007354097168146211
88170 0.004884319900303116
88236 0.019453786953344036
88257 0.026338463673291353
88316 0.039727916778108364
88397 0.025574079477991597
88453 0.04357593242533429
88705 0.04056590073850939
89052 0.009405343279096083
89280 0.012537104709412179
89571 0.0150734640631871
89668 0.10345877607005692
89799 0.0025588455014516607
89896 0.008387422114637472
90002 0.0053700936332072334
90404 0.00631830277021963
90611 0.30347907647216693
90661 0.019365631005821064
90679 0.012932347008757115
90682 0.012270043523133435
90700 0.0026282829948513302
90715 0.005264700232456818
90939 0.013118692066520185
90976 0.01240377696752726
91170 0.0019613038117546333
91211 0.02918068043001605
91259 0.01138046536770626
91331 0.028274448118524868
91712 0.03912447279348621
91740 0.043771020645024084
91850 0.0393138839035888
92312 0.027625523800418578
92485 0.02253557498555695
92486 0.026777565571073553
92489 0.04583483600654456
92490 0.07003363303203854
92515 0.013862448094094934
92559 0.021986334474742054
92814 0.0007789504016226051
92922 0.02601249226904288
93079 0.0010329444400005681
93276 0.037934884559020866
93311 0.09613147020841648
93339 0.14684471442201627
93519 0.025718565802726013
93520 0.02881130472837028
93643 0.004135616358689212
93765 0.03347195696384194
93805 0.00901422999422278
93807 0.014731994003503252
93862 0.024919610297753903
93905 0.0007952805987216114
93931 0.1257009709022642
93940 0.14107605368248133
93954 0.046450879051862286
93995 0.04735505604489742
94279 0.003244608800486461
94376 0.0055379393516818785
94600 0.017464851533038537
94612 0.007046727781861462
94660 0.08929056092062364
95474 0.017374756286574443
95487 0.019537279601212463
95551 0.033757151196367775
95882 0.0373130012055943
95885 0.004399270057258438
95936 0.014006726606407706
95939 0.057092749187531724
95965 0.04153597299379165
95993 0.02260270129125156
96034 0.02264769227404231
96043 0.03890757390668807
96183 0.000916464703750195
96298 0.01331048581018276
96403 0.015960729314643308
96462 0.003422696351189853
96849 0.013629299841564385
96892 0.007929548498268294
97135 0.010138499213992213
97184 0.006061499530069913
97553 0.028650317775711916
97785 0.00923364330037019
98259 0.0010364722557109527
98261 0.026936012704630204
98369 0.008621564672504743
98906 0.0047872802113768835
99110 0.01928892435204451
99418 0.046450879051862286
99460 0.04143828570062787
99594 0.03723440164404243
99677 0.008020313361411846
99918 0.05751881447997599
99925 0.24747181493030002
99952 0.08276702085604552
99988 0.0064753714752240465
100045 0.007046727781861462
100059 0.0301469281263742
100511 0.022444775598717156
100535 0.0059897186145822425
100969 0.022211876485062773
101095 0.020282950369254694
101164 0.013404384591855275
101166 0.0385109357024435
101167 0.012303205802925687
101637 0.004071590671060107
101809 0.009177794651376017
101873 0.010660857487312657
102027 0.021991237425519342
102170 0.081289038340759
102480 0.018264268105016076
102541 0.004502056740839242
102600 0.0029910061955454228
102739 0.018550046191402096
102747 0.022990839126679315
103026 0.009810746006643329
103055 0.10862058787868681
103105 0.0028504609562194764
103221 0.07715569740817804
103276 0.05625927839647287
103373 0.00406445191703795
103506 0.04429609850756772
103508 0.026577659104540633
103629 0.0875854675035998
103691 0.0070796052054160254
103791 0.01240377696752726
103861 0.03702819297896155
103866 0.023225439525931143
103911 0.017637348147177993
103935 0.06084887763421707
103975 0.013118692066520185
103987 0.028274448118524868
104178 0.02408564098985452
104387 0.005001714025430409
104426 0.02467991395560799
104586 0.004552186147082505
104682 0.0301469281263742
104904 0.06587624906253661
104944 0.0003323491382844787
104998 0.038926874446044354
105034 0.0681403162558144
105186 0.019662043725297916
105245 0.01979211368296741
105352 0.009644462176022255
105506 0.04135616358689212
105683 0.01757600828989384
105700 0.019453786953344036
105736 0.00923364330037019
105867 0.01034587760700569
105884 0.008000327147772414
105963 0.02401096928447596
105992 0.06906190184101396
106021 0.028739028577972166
106074 0.024851934272721414
106078 0.02891150405747823
106151 0.001645765056790493
106152 0.0015724304480423158
106170 0.04741860569877608
106172 0.013588615364425386
106206 0.008637924377765662
106376 0.008650416543565412
106493 0.015353627769555345
106541 0.0008079476484604731
106586 0.012011045242961753
106645 0.013878616302080806
106730 0.003185574630568582
107119 0.046829773473392546
107354 0.032383978944312136
107480 0.004007206115389529
107534 0.01288356520244512
107618 0.013788052129368128
107620 0.021074935866122704
107665 0.005544684710210114
107782 0.08928293260347737
107921 0.021175158155070296
107945 0.07340496324111222
107964 0.07759182952536472
107974 0.01129574726323202
107998 0.017712786564523363
108018 0.20495954968964267
108127 0.010711026228429421
108155 0.09653666924179422
108178 0.01345117127454936
108472 0.019036293456176925
108568 0.014301308066724671
108569 0.0032977705323470135
108769 0.011823860122292218
108773 0.009527220198166606
108791 0.00765073302030673
108883 0.01537900725365711
108916 0.06944594962735713
109007 0.008261680847699645
109334 0.0021241408161030624
109491 0.0021594810944414156
109698 0.028747118094933292
109725 0.04671224933525323
109794 0.03741496173358641
109797 0.031612403799184056
109826 0.013080994675524437
109978 0.02117450862724391
110000 0.01107402462689193
110148 0.019453786953344036
110589 0.01730869257445819
111009 0.004905373003321664
111024 0.08294787648985408
111073 0.022170460456314465
111074 0.077021871404887
111149 0.013878616302080806
111218 0.050225960191308434
111224 0.05096265121996163
111228 0.00627887744425173
111251 0.0034058017071558217
111467 0.06638777906474927
111562 0.08252343364809323
111571 0.011583170857716296
111589 0.013711404057477424
111595 0.018888739199512467
111596 0.023356124667626616
111717 0.0056619230685105775
111811 0.031179357171797973
111863 0.005935053646782926
111891 0.02955965030573055
111909 0.0009789647628134417
111946 0.006645527222018254
112058 0.01679773486008304
112072 0.0010249911430034971
112097 0.03641748917666004
112159 0.008276702085604553
112371 0.054758559089005225
112455 0.002014241658001108
112456 0.005232397870209775
112542 0.002967526823391463
112590 0.15518365905072945
112678 0.00605343902537567
112739 0.015814070013065274
112759 0.020977816346002324
113502 0.010942755161256021
113594 0.010660857487312657
113673 0.012552966026574566
113707 0.010932654099740117
113839 0.01903091639584391
114045 0.0014934993920874358
114081 0.05451071696652305
114293 0.0055141165177135494
114389 0.0034696540755202016
114398 0.02639025908445326
114399 0.05573951220090507
114539 0.0005173526704264694
114547 0.0012589010362506925
114548 0.003427851014369356
114556 0.016085463417252664
114566 0.0012680184253711711
114567 0.0004391882438092141
114568 0.00019536452246569965
114580 0.0026793326351280187
114594 0.0010033488568843992
114632 0.009503725203843136
114903 0.019102899758435425
114987 0.003908868162263535
114991 0.017718439403027086
115007 0.005356164795216667
115107 0.0032074578195242544
115310 0.09098355989116268
115375 0.015562831136892639
115386 0.02247090711462619
115492 0.002817076440174263
115612 0.043979174629761385
115680 0.02724390662965629
115686 0.02088158783065369
115768 0.001041979334908312
115837 0.022314637975894627
115866 0.007947815131923528
115880 0.001817239978875251
116043 0.00793151055506991
116432 0.003746655265088481
116544 0.017437830634200867
116589 0.09365954694678509
116590 0.02296460045329827
116678 0.005130741008794703
116752 0.0906767192978445
116784 0.003765022857893629
116850 0.015957600704589615
117252 0.006199398954297262
117539 0.014590340215008026
117556 0.08028667854496649
117913 0.0011022242486882577
118045 0.0012227198890901166
118254 0.0029869987841748716
118385 0.0025691737134389274
118532 0.008028546996618173
118618 0.0018772398877131224
118620 0.006366693912003503
118626 0.0014944800220231464
118839 0.007438212658631543
118921 0.016493428069139508
119014 0.0012339891968236659
119141 0.006185035525927316
119182 0.007450386492770056
119209 0.010611156520005837
119661 0.025150199707638144
120151 0.010685882974372077
120229 0.022211876485062773
120244 0.006348864201249409
120350 0.0007801518675377042
121216 0.0008263180517485032
121466 0.011495419563339658
121500 0.007836976036564462
121689 0.012916594689121357
121712 0.03882957729975706
121843 0.014684471442201627
121986 0.03158820139474091
122124 0.006774086528396583
122226 0.01631607938022403
122252 0.05427996470779591
122515 0.03890757390668807
122825 0.017113481755949265
123270 0.02342711592801454
124297 0.04303276481338775
124688 0.018348359446754312
125151 0.009598407397654773
125156 0.0020777019983845325
125810 0.02918068043001605
125969 0.0017890025821296028
126080 0.010206695397045974
126688 0.060517184675268364
126768 0.010317966720638264
127188 0.0047982289244460465
127199 0.019954646257912746
127327 0.0007951328775452892
128160 0.0023131027170134677
128173 0.024343241428248685
128465 0.008771071574340086
128694 0.01247174286871919
128697 0.009610939425122816
128821 0.0373130012055943
128890 0.002852246959324877
129142 0.0009017801400718115
129196 0.019612013079686474
129268 0.09275023095701049
129340 0.03205764892311623
129704 0.023586456720634738
129705 0.061798762078706694
129706 0.04598167825335863
129707 0.02501201179715662
129791 0.008383399902546048
129813 0.004142116603350778
129835 0.008429974346449083
130022 0.022097991005254874
130066 0.014406581570685577
130364 0.0003749432622586693
130425 0.008996415310439732
130575 0.00147568852006831
131286 0.00927499535537519
131409 0.0020663577608182044
