28 0.0011704010087213842
32 0.0015934717275459505
116 0.010928935875115488
137 0.00849714160536146
202 0.002067115701681563
348 0.006601296945672772
407 0.0030938720965352842
484 0.018928790953730283
550 0.003063568312007653
558 0.006943224588736161
791 0.004405292059654197
1457 0.00209381270670845
1462 0.01765669478748497
1792 0.007036393607391251
1866 0.007155000502118093
1906 0.002546836161669022
1919 0.0018538781995327148
1983 0.004674939829853671
2358 0.0044500612879027155
2634 0.003807286023638072
3457 0.008840229422536216
3842 0.02226539139303189
4284 0.01719447764645133
4529 0.005822952536298234
4671 0.0021235985971368924
4706 0.00303191997683937
4759 0.012163500853600757
4820 0.11958153198975065
4927 0.010074065124147866
5082 0.014596201024320908
5279 0.02376299674155301
5473 0.0036149094446584523
6122 0.007430192829122635
7295 0.015346473039589737
7316 0.10210588945836636
7373 0.01405952272445867
7420 0.008041274385427918
7500 0.06439500451906283
7601 0.0032759553421169117
7684 0.01920552766358014
7685 0.010767689280236735
7686 0.023127783313184536
7687 0.009745238072617816
7831 0.019375488085381736
7933 0.005657442257488723
8094 0.003794506332145816
8667 0.07062677914993988
8668 0.026733371334247132
9215 0.014310001004236185
9218 0.007791566383089452
9332 0.04131000289902144
9475 0.04131000289902144
9788 0.001922238940867547
10507 0.09251113325273815
10893 0.0015694839811097748
11244 0.006877791058580533
11657 0.0015227702797191499
11887 0.001451876759713618
11900 0.006877791058580533
11905 0.06913989958888851
12625 0.015064886378312863
12826 0.02414812669464856
12896 0.09803418598424489
13026 0.006544309335115538
13190 0.053838446401183675
13193 0.010230986637577561
13440 0.01111385864796008
13754 0.0022711931054441247
14052 0.015942452575107787
14067 0.012487244222327772
14087 0.03796699688407172
14140 0.008453398276633729
14469 0.0024508546496061225
14553 0.02932272527207325
14689 0.02575800180762513
15217 0.13083626441231538
15909 0.034032593061888126
16361 0.19318501355718848
16576 0.02932272527207325
16820 0.006607380936263529
16896 0.06138589215835895
16980 0.001999479592372727
17537 0.00348635374784735
17824 0.03731983216445687
18019 0.054735753841203404
18280 0.005657442257488723
19106 0.0070626779149939875
19120 0.03499350690249652
19664 0.016378619256328143
19680 0.020851715749029866
19749 0.02759785907959835
23182 0.00958874519845899
24514 0.02985586573156549
25029 0.021677526273743922
25128 0.005501080788060644
25456 0.06913989958888851
25512 0.025458490158699255
25520 0.011151596707885243
25660 0.010481698845472958
25893 0.005375033110429139
25930 0.021465001506354275
26076 0.012028180695357294
27932 0.01540144701327314
27967 0.0025399421736057265
30418 0.03204044127289955
30737 0.006654802898626554
31518 0.07268681356239744
31764 0.042956256011698224
33046 0.009097355209064278
33365 0.0025577455065982895
34520 0.020898499318865612
34811 0.0023850001673726973
35819 0.029517654405177417
35882 0.017752136380930834
36981 0.013377373647544618
45438 0.02596162237527434
48882 0.007347081052510524
48884 0.017848615383001108
48892 0.008272406122096232
49706 0.003141219732637211
50668 0.008019890672703795
50670 0.06294728710501692
53172 0.020525907690451276
56229 0.018874397876277035
56503 0.0018383124715769404
56564 0.0031116626958720786
56565 0.0013851142701515517
56628 0.006014918004527846
58341 0.026168487892208797
58464 0.013323104383254377
60565 0.01575129606941105
61446 0.007162803119895756
61539 0.029390821059444475
61583 0.05917378793643611
61681 0.024176266250101757
62059 0.0068634174095552865
62138 0.002431900825507721
63110 0.016755843012613285
64311 0.004376954618583974
64967 0.003240399832730345
65343 0.08642487448611062
66169 0.012582931917518022
66512 0.0049383137100563095
71433 0.020146888541751465
72070 0.0038865624029256855
72382 0.004438034095232708
72413 0.023884692585252394
73457 0.0234581802176586
73841 0.004390568489936101
74525 0.041571458613572206
74619 0.0628309744352927
74760 0.002706341351851837
78155 0.013487249406456691
78159 0.005410453427466564
78168 0.023374699149268357
78192 0.03368354082535594
78526 0.030550188190439108
78999 0.006688686823772309
79196 0.024327001707201514
79220 0.012439944054818955
79221 0.01538241325748105
80095 0.014278892306400887
82407 0.06595356496114574
82632 0.0032565395241718324
84795 0.03519329897166712
85333 0.014961937268666077
90083 0.010581429567123511
90567 0.07419716947475148
93905 0.0024081577702444895
98144 0.017016296530944063
105442 0.010594016872490982
105912 0.030721222306759142
108643 0.02272764865378688
112278 0.03943646267747095
112741 0.0027890829982778805
113412 0.031578319523771194
113897 0.015275094095219554
115060 0.007085534477825683
115768 0.0008879668055893482
116237 0.023626944104116577
116709 0.035697230766002216
124303 0.07062677914993988
125118 0.03334157594388024
126427 0.004586795014625984
127313 0.013215876178962593
