0 0.0013835895311344105
4 0.01571011942798717
99 0.003300075462051621
206 0.001792899101049123
268 0.0035470405754142375
315 0.010014781742647976
357 0.0017497052443492822
428 0.003924051088301491
519 0.0009871129787134274
559 0.007897065380913337
562 0.008986315778280695
594 0.0033260162752945816
655 0.002836269960750565
661 0.0016736885828078515
664 0.003625412175689348
667 0.005106243380015885
828 0.009527427266005124
859 0.009955626244252546
861 0.028582281798015374
873 0.0030805221869582484
900 0.0026315269347898375
912 0.0025757288829606874
915 0.003944734840221748
934 0.01044871150634996
936 0.0014533551531124198
965 0.0021495651036838345
1027 0.06881716995636086
1032 0.001919345416199386
1033 0.003025507586079055
1034 0.003163674198752988
1035 0.0018321975511548317
1036 0.0035019008054357303
1038 0.0032083282828243515
1039 0.0022552830803497697
1042 0.0013679216302759439
1043 0.0015779675512594936
1056 0.0056534167763605805
1068 0.0021140029131470972
1074 0.0019476583219959994
1152 0.00609085387743723
1161 0.013603471150082704
1231 0.0007004455621667134
1286 0.0012347442839906724
1308 0.004815493129013459
1309 0.022151268393461914
1447 0.0021866997426912057
1467 0.017772291023023194
1477 0.002596424896242068
1489 0.0034143903092254627
1492 0.0016145239353835214
1495 0.0017721014714769533
1497 0.001540957801284307
1498 0.0015068890063579532
1504 0.0016317693107522587
1507 0.001305319292484497
1511 0.009767241809057525
1574 0.0020824740492069223
1575 0.0013922858826814527
1621 0.004734388433405412
1644 0.0013861870083518094
1659 0.05092245607692394
1765 0.00840761593518585
1896 0.009059823473808555
1928 0.001684507102164404
1988 0.006178875423559808
1999 0.0030466539976352408
2022 0.007939522721670937
2062 0.001581104096606846
2063 0.002717779538131643
2196 0.005586700729750798
2234 0.0015007634412914576
2247 0.002469483655904338
2260 0.001694008926206715
2287 0.001323253786945156
2290 0.02032226458115772
2294 0.0022995314301788275
2299 0.0014592403421252909
2336 0.0017292168925419136
2383 0.00233823925350478
2385 0.002848463484075041
2389 0.0015715692368543394
2396 0.002822073561039629
2416 0.0015084282188261432
2419 0.003216603202804826
2422 0.011877355706950088
2435 0.0013531623942249183
2436 0.0014841720866641149
2438 0.0028434344733174514
2444 0.0028722226790302546
2459 0.001668017198302855
2461 0.002416582321276847
2467 0.0025078808175337127
2530 0.0013007203989114453
2537 0.0015649076929326678
2538 0.01986660842462952
2548 0.004799150048140329
2559 0.0075601598612498
2566 0.002065386330392719
2591 0.0018390426229524211
2593 0.0015166907492955776
2616 0.017945147189577352
2618 0.005242903761766134
2619 0.0027498919881753727
2623 0.0032148633513212088
2631 0.0015463363625453344
2648 0.001269413661516442
2653 0.0013560617320760278
2697 0.006911472197648023
2700 0.00275572061911952
2701 0.0015099705789680922
2718 0.001740387824882444
2759 0.0013639943592033197
2761 0.0016655089017640538
2781 0.0020964425727343023
2784 0.0015074017280341553
2786 0.002677041943341661
2790 0.0025531216900079425
2791 0.0026789541161583333
2792 0.0015198125827418122
2794 0.0013914113312476076
2795 0.0013896655202924662
2798 0.0013531623942249183
2799 0.0014782294556864807
2800 0.003271423227312081
2802 0.00038304112732944693
2804 0.001639013569623523
2807 0.0015621486878322928
2808 0.0012871161181558346
2824 0.0013623166293642013
2826 0.002553990985782545
2827 0.0014042008490308662
2840 0.00323003036107372
2849 0.0021845432340692225
2852 0.05068291571110361
2853 0.021309862287623108
2862 0.0016974152025641313
2868 0.002581235899946089
2876 0.00479464683841167
2888 0.0014742940694483803
2905 0.0019337641548198964
2917 0.008940490494926501
2921 0.005115766372623998
2928 0.03722902251002002
2942 0.002737745822149863
2945 0.0013814323912355417
2951 0.002374508238443601
2954 0.002179277026508813
2958 0.0031758090886683746
3011 0.0012550293707343859
3026 0.0013252329281161779
3027 0.0016870729926475182
3032 0.0024529337885033794
3034 0.0012793109092383433
3038 0.0026980838481683207
3041 0.002505799592020579
3084 0.0023280793064069942
3085 0.0012657867653406809
3100 0.003991219530353498
3115 0.001401979012244425
3116 0.0014597211461918889
3117 0.0012009362100006459
3118 0.0021629387327691276
3120 0.0014616475350354282
3121 0.001541493973101038
3129 0.0016838668486097996
3131 0.0013648347747049856
3139 0.0014082179525404903
3140 0.0014703795813781556
3147 0.007869011862686293
3149 0.0013014846294630972
3151 0.002442550154751981
3153 0.0013585567858608962
3156 0.002495942231415016
3158 0.0014127084434605811
3159 0.0015588506962323655
3161 0.002218595541331953
3162 0.001610415731985599
3163 0.0013918484695860454
3164 0.0015104854001678767
3165 0.001546876284459631
3166 0.0015987923777309211
3173 0.001117622017833598
3174 0.0013901015621877572
3175 0.0015033096975542528
3177 0.0015089419886554437
3180 0.002236455433882926
3181 0.0015074017280341553
3182 0.002262766674281549
3187 0.001534021356887944
3188 0.0024057317271466753
3189 0.0016074940778999936
3193 0.0017178184097295008
3203 0.003355245330935018
3206 0.0015665677788869812
3208 0.003430204208888477
3210 0.0014592403421252909
3212 0.0023108661507219145
3215 0.002323032370778363
3217 0.0013348158115975843
3218 0.0022552830803497697
3220 0.0014010922450007537
3221 0.0025179830564764465
3222 0.0038115634391297547
3224 0.001545257648654476
3227 0.0015698985395791577
3228 0.0013552320828058681
3229 0.0016269752767875073
3231 0.0015089419886554437
3232 0.0014921703195326314
3235 0.001455405282093424
3239 0.0024690821347081414
3241 0.0016347799552370416
3242 0.002986631805981669
3243 0.0014440201038762655
3244 0.0028051875561867366
3246 0.002050094252055707
3247 0.0029312510845030614
3248 0.0018119646947617107
3253 0.0012015876535645194
3254 0.0015012720022678358
3255 0.0015166907492955776
3256 0.0025290193948898634
3257 0.0012957746939726185
3258 0.001489160900400801
3259 0.002337510603067415
3260 0.0012181065929866327
3261 0.0020686904371879024
3262 0.003154361448798711
3263 0.0025332899443577623
3266 0.002349959751016082
3268 0.002606348688409776
3269 0.0015038199859784055
3272 0.0015084282188261432
3275 0.001444962060891188
3276 0.001475767381309921
3277 0.0024723373517611517
3279 0.0027628256078244327
3283 0.0015276736823077181
3285 0.001527147079866385
3287 0.0016724249447687364
3288 0.0015615980538217775
3289 0.002419700492013979
3296 0.0014866623082860344
3319 0.0030186314324743297
3320 0.002563592455653908
3322 0.001386620869700276
3323 0.0015287279774645903
3325 0.0022758105355714
3326 0.0015827987419408298
3328 0.003226018324781726
3330 0.0026347283193689265
3331 0.0020842099264360473
3333 0.0025427361102519776
3336 0.0014226890426115551
3338 0.0016341769379167772
3340 0.0023087323869631685
3343 0.0028051875561867366
3344 0.0014095620994885086
3346 0.0014520661024884898
3348 0.0013506870971623118
3350 0.0015094561085834352
3352 0.0016040020560073795
3353 0.001493679594973831
3354 0.0015457968174083679
3357 0.0012969126694064351
3358 0.0014318854811546163
3362 0.0016883588714528897
3363 0.0016883588714528897
3364 0.001445433500389032
3369 0.002980886441814984
3370 0.0025688601113847036
3372 0.0015063766333534114
3375 0.0017664488352042993
3376 0.0017204868655116051
3378 0.0015501237504172087
3379 0.0027316356610500125
3381 0.0016299682408728413
3383 0.0026496190481255155
3384 0.0030970635616325566
3385 0.001484669463368761
3386 0.0025470531494883983
3387 0.0028250941391737877
3389 0.0015704550438469984
3392 0.0017224936542349855
3393 0.0012154331080088843
3394 0.0016420510299082218
3395 0.0017019798996129017
3397 0.0015827987419408298
3399 0.0015490397477945395
3401 0.002652429817978548
3403 0.003726406738284944
3404 0.002231797538007538
3409 0.0034833243399651683
3567 0.004475579668999603
3681 0.0034184056162749866
3723 0.0013997641954794258
3939 0.007382944414609581
3950 0.018450068711682872
3962 0.0011015051413954208
3997 0.011941384578685668
4118 0.009715468593623646
4237 0.01077920603088171
4447 0.002313717311919597
4547 0.002951534762619842
4572 0.004723084945301047
4590 0.002554226596709048
4644 0.028039580244888496
4671 0.0024251766974598557
4781 0.006153130109294976
4832 0.0007704789006421535
4836 0.00919139767363565
5031 0.001515652986210189
5114 0.012375010275677048
5171 0.0005315241366157628
5200 0.08722176192143412
5201 0.04867740739277976
5209 0.011418179584258718
5216 0.011973658591060494
5263 0.006484176434574732
5318 0.003361345734971459
5356 0.14303668941570669
5357 0.14152965141968554
5408 0.003539164374579724
5600 0.0030267331770739998
5815 0.010231532745247997
5891 0.009086338949431075
5895 0.01610093580902583
6129 0.0026330667267562766
6156 0.009527427266005124
6157 0.007841156953437846
6212 0.0010488289959025528
6463 0.008229209780844996
6524 0.0194833026629697
6563 0.01582233456675851
6656 0.015436423967569278
6684 0.008494984739799925
6867 0.04179484602539984
6963 0.01811853025421095
6966 0.027179470421425662
7010 0.001719818974647664
7048 0.053199088831513
7215 0.010326931651963597
7458 0.003737371436694138
7585 0.01003098350249139
7586 0.0040877773979527705
7645 0.007334857083927786
7706 0.02293905665212029
7724 0.03407887445147987
7725 0.040994581244257255
7735 0.00842253551082202
7814 0.0029050843794704148
7887 0.007745198738972697
8015 0.04473018760113191
8215 0.012378005817233223
8267 0.0044258278508415416
8276 0.00316672886253923
8353 0.0017749814304882474
8543 0.002450361547949327
8565 0.010746520809804204
9080 0.013377532103627245
9250 0.032755770852590974
9320 0.0019503566108277001
9655 0.007827303319244493
9657 0.013758551797181311
9668 0.002583903384513722
9713 0.031516558684816724
9838 0.026760351645556818
9964 0.0022289065883171534
9990 0.02668827517284568
10020 0.0045022903238743734
10022 0.008931963061879804
10084 0.004873766423203941
10134 0.0073106496348059125
10182 0.030344203278714947
10183 0.015490397477945395
10263 0.02099646293219139
10292 0.005476209738803934
10414 0.03676995845707516
10421 0.0109898165626725
10469 0.00380933248382836
10578 0.020520643514071582
10625 0.0028146465557130768
10673 0.0016311685120369598
10742 0.002381292547696297
10937 0.004586183932393771
11106 0.0072271675019451595
11159 0.0032963197014080226
11162 0.004562568155192979
11220 0.01334413758642284
11236 0.004231378871721474
11352 0.004191346905101592
11389 0.009210506608508072
11465 0.021997277200127077
11539 0.0052803977100028395
11621 0.018772261350391454
11747 0.004977813122126273
11809 0.005331231863649077
11891 0.008883210877516017
11892 0.017036091816214717
11953 0.017373543838009344
11969 0.011919724117975558
11972 0.02344084851638542
12053 0.0036824111562313864
12070 0.005181583249932611
12091 0.0012833875083118143
12102 0.0076441301968923885
12154 0.016592710407087576
12215 0.02374375083931615
12243 0.008296355203543788
12257 0.0010599224989746127
12350 0.04343385959502336
12583 0.00480504737385291
12603 0.02089742301269992
12655 0.006110694729230873
12758 0.02339797037814225
13155 0.007586050819678737
13340 0.015490397477945395
13467 0.005274111522252837
13566 0.027345249447120395
13733 0.013887942566433801
13746 0.0015255694485855312
13914 0.007838110266711948
13915 0.012585947950830633
14091 0.03068443832350144
14256 0.000417043554428352
14272 0.0040719243370334396
14274 0.006975483311036626
14443 0.056399034024385966
14479 0.006815774890295973
14519 0.0024889065610631364
14588 0.01084296345825055
14671 0.015371048207465848
14841 0.0062929739754153165
14954 0.0012350860548347876
14975 0.0006954732827968085
15415 0.008772779561767094
15445 0.005357017749325735
15843 0.0031045926269743394
15968 0.01220455558868425
16003 0.004899458866912693
16040 0.0011676999680264584
16411 0.012272170855103553
16451 0.00684737817417679
16512 0.01730567843239212
16542 0.000671148868155186
16606 0.0006579910409464403
16894 0.004851720920055587
16899 0.019013964286233403
16900 0.021402191684504263
16932 0.005986829295530247
17054 0.019430937187247293
17146 0.007238976599170561
17172 0.005723841962134862
17298 0.02331712462469675
17409 0.00206442389501043
17455 0.005236706475995724
17568 0.03281669391623988
17679 0.0027179470421425664
17695 0.009486624579641077
17721 0.000996010269490194
17792 0.014425137548544874
17931 0.011941384578685668
18001 0.032575394696267516
18004 0.05194069727385997
18049 0.00642065750535128
18321 0.001934608593315451
18360 0.06815774890295974
18399 0.007483536619412809
18428 0.0018500108187448003
18431 0.04573824100758131
18463 0.0012995757344360173
18525 0.02941596676566013
19303 0.0012127713327928777
19418 0.003567031947417377
19456 0.06049251230034947
19526 0.006553629702207666
19570 0.0018876240642063838
19887 0.03572785224751922
19953 0.005558662081169865
19980 0.06049251230034947
20023 0.002583238296613634
20125 0.026060315757014015
20235 0.02051043369764992
20238 0.0024319604530528213
20278 0.008401505749186442
20463 0.06411989525531679
20548 0.0029944397306360614
20550 0.015599484784128108
20573 0.0038429259802959964
20580 0.0021738098695396153
20699 0.041692308574084916
20778 0.015544749749797835
20863 0.011845598071370006
21046 0.014525421897352075
21083 0.026528465141870558
21116 0.004857734296811823
21361 0.0029378340044379195
21442 0.002750667959385161
21452 0.06612318923421466
21474 0.0016396201623583948
21708 0.009582326927275718
21760 0.007727989306867168
21806 0.005938677853475044
21887 0.058602121290963545
22116 0.002244302775426739
22440 0.027347244930199893
22484 0.032613354457579714
22600 0.0031811261092147746
23034 0.021299296532174918
23044 0.00634706830758221
23252 0.00959216307575874
23585 0.008358969205079968
23772 0.028039580244888496
23818 0.0017721014714769533
23890 0.03622638349194242
23893 0.01095500678350034
23895 0.020056340976586453
23914 0.010114734426238316
23915 0.018536626270679424
24351 0.015329597504125892
24355 0.0014738036189928087
24859 0.009520130820592757
24861 0.037177207205641695
24875 0.030545490099021914
24879 0.004989024412941872
24946 0.011159329165471996
25049 0.09041334038147719
25422 0.010014781742647976
25473 0.0007484800943896576
25604 0.00037888084141729094
25623 0.002218454521127883
25810 0.02032226458115772
25895 0.012058864866434416
25913 0.013975563655181017
26097 0.00480504737385291
26320 0.007584501036646445
26567 0.0064299763115999746
26662 0.011663207573681438
26913 0.001372445377537913
26957 0.017171525886404585
27050 0.0030915936348167358
27091 0.03306159461710733
27106 0.002096366361222308
27336 0.010911954873626558
27340 0.002399920736019709
27347 0.0034021713761459437
27780 0.025427361102519776
27939 0.007939696679778766
27967 0.0017131684759057939
27986 0.035442029429539064
28101 0.021402191684504263
28302 0.04214085126541199
28400 0.04718559963624712
28513 0.02127548011904104
28731 0.031872328623686205
28732 0.11478252854346832
28819 0.030616618470380958
28887 0.015537943038406889
28915 0.0253390267358667
28923 0.0022206785356854047
29072 0.018094216746914114
29109 0.025757288829606876
29110 0.010599570757068032
29113 0.04792466397948936
29115 0.02685002229510535
29116 0.15758279342408366
29118 0.018536626270679424
29119 0.03754452270078291
29120 0.027179470421425662
29121 0.033818730371697574
29122 0.03991219530353498
29128 0.014291140899007687
29134 0.06649571321812842
29135 0.12913034461140188
29136 0.018459390327884927
29143 0.006452036649563452
29251 0.013834678589006583
29585 0.02032810711448058
29586 0.0112158320979554
29976 0.0642065750535128
30331 0.0016098305518504297
30342 0.003182653504807746
30376 0.012403939818541357
30383 0.01361355993692075
30399 0.016655089017640536
30400 0.027517103594362623
30527 0.0014323484250541166
30786 0.0023882769157371336
31036 0.010830300051288865
31169 0.0011564222601650699
31366 0.01407708305165684
31538 0.005057367213119158
31827 0.004750467847730103
31873 0.01610093580902583
32071 0.02004639673616463
32072 0.05151457765921375
32158 0.0011092272605639415
32258 0.004257134804337874
32476 0.009869830954267545
32593 0.0003283128559872819
32925 0.016522183976306903
33245 0.035160743481685575
33586 0.004668338965956146
33587 0.031840358945277175
33615 0.00670235049726533
33630 0.02312094382176109
33675 0.058292811561741875
33900 0.013975563655181017
34211 0.0005684914254705996
34690 0.026060315757014015
35446 0.001606911018749504
35801 0.0021523878121214733
35837 0.005821621128373696
36067 0.0033435876820319867
36098 0.010473412951991449
36426 0.01044871150634996
36468 0.014967073238825618
36718 0.009779809445237047
36750 0.0005484344737177993
36969 0.09741651331484849
36970 0.032732191851077175
37207 0.014718450759775358
37210 0.01062474720289424
37362 0.002629230669847111
39313 0.017378289368263432
39334 0.03991219530353498
39907 0.006356174574881468
40240 0.003093752568919262
43358 0.048684106359256955
44001 0.004698042077086302
44015 0.002004562139295386
44576 0.04301217163779012
44642 0.007408450967713014
45020 0.002088893375181641
45283 0.008454682592924393
46057 0.00563566605953669
46301 0.010094880360500472
46403 0.004301073122272554
46467 0.015974887993163118
46567 0.007638368411538591
47504 0.01501780908031316
47565 0.02420903649558679
47632 0.008585762943202293
47766 0.03164466913351702
47803 0.09684775845855141
47818 0.020650521004666977
47967 0.007362497149673629
48412 0.001100684143774505
48602 0.010965974452208867
48684 0.0010068758360664506
48737 0.014967073238825618
48926 0.00508056614528943
49202 0.1033042756891215
49367 0.009406058765801237
49533 0.0022465789445701738
49829 0.003979348289253758
50281 0.0014312476619490356
50562 0.0012460501503675319
50834 0.006011199021292242
50909 0.003903307205896373
51025 0.02099646293219139
51098 0.008173899776185208
51213 0.005801220759180058
51278 0.03646033259616053
51282 0.040112681953172906
51286 0.014707983382830065
51374 0.05274111522252836
51381 0.013000123960560371
51414 0.0030631881056917185
51851 0.002667521879531769
52007 0.04998593984957492
52008 0.007032148696337116
52076 0.019994375939829966
52345 0.010831916084822452
52484 0.015544749749797835
52971 0.004109230039265879
53090 0.023032034745943918
53466 0.04491490247353109
53791 0.008316043819560238
54598 0.011389627498404477
54868 0.006976777446759658
55051 0.03142023885597434
55071 0.011020531539035778
55072 0.025757288829606876
55080 0.0026261136210387567
55178 0.01315977460569006
55181 0.024077465645067297
55234 0.03098079495589079
55259 0.0065828435047435106
55289 0.010685287072996201
55382 0.010231532745247997
55456 0.0028674781091860085
55765 0.006266271115547925
55824 0.007014849460485768
55878 0.006365307009615492
55927 0.0019976222437399025
55992 0.0368358514696665
56262 0.007286601445217734
56378 0.01861451125501001
56446 0.0024038272808965724
56592 0.002654435996819882
56620 0.0183827953472713
56802 0.00898838104335367
56803 0.011597522719090007
56805 0.005636455061949597
56809 0.013224637846842933
56828 0.014525421897352075
56843 0.009306540353899918
56996 0.010568318124256005
57065 0.03713401745169967
57225 0.021679397471801542
57289 0.004231378871721474
57396 0.005173571186327355
57419 0.05092245607692394
57464 0.005930727816187928
57796 0.021493041619608407
57870 0.00732273335321055
57992 0.012177064164356061
58155 0.0049065358006141835
58268 0.0024973245088457624
58285 0.023597423380763795
58331 0.014824252026172597
58754 0.003906749275742842
58923 0.002129929653217492
59164 0.01168932369048122
59170 0.045206670190738596
59317 0.012399948955623095
59349 0.010382759964160325
59406 0.01156724198092006
59469 0.02560840276700799
59557 0.004805298863064276
59588 0.029146405780870938
60322 0.05393821108058309
60324 0.04601884371314929
60413 0.0022440436780701797
60534 0.0020425328163634774
60682 0.006248594751329171
60691 0.006019366411266824
60917 0.003091950340166255
60944 0.004529911736904277
61026 0.012991946271825169
61446 0.004831247195956797
61589 0.02055088089107763
61743 0.0052803977100028395
61782 0.010266848943943646
61797 0.008128905832463089
61836 0.012250161496864757
62190 0.02973324616572069
62462 0.01663771632765787
62691 0.004586183932393771
62804 0.003014900130724813
62823 0.01085846489875584
62837 0.0036493028654797223
63220 0.003276814851103833
63254 0.009237772814339082
63283 0.042192892178022696
63286 0.002337864738096244
63382 0.000767010678443972
63504 0.05092245607692394
63725 0.0014136961035136324
63740 0.01284131501070256
63863 0.010649648266087459
63869 0.026528465141870558
64053 0.006534297461198204
64131 0.05597814571077114
64144 0.026982271673537173
64149 0.007883013663153705
64200 0.008437650759553807
64666 0.007191970257617505
64718 0.0017664488352042993
64826 0.0026624120665218647
64853 0.036353685254341336
64938 0.007325265161370443
64958 0.00227425753526303
65014 0.006524674048147839
65017 0.006737805511073581
65030 0.010456863869232726
65114 0.009022919915870432
65130 0.01861451125501001
65137 0.02055088089107763
65164 0.0902658719613683
65241 0.003034420327871495
65244 0.003987627073530497
65268 0.004708027288727293
65338 0.011052225336071392
65360 0.00302406394449992
65367 0.0014792165872094768
65488 0.016091155817038485
65489 0.03841894550421874
65658 0.022008649704805275
66013 0.02378697924049495
66069 0.022566467990342075
66070 0.0027845717653629054
66087 0.05245504563107226
66117 0.0027758481696067558
66401 0.0017763647468694397
66412 0.014211153352442952
66451 0.054694489860399785
66483 0.023965084745186372
66499 0.004683143423564887
66531 0.014199531021449944
66573 0.023691196142740012
66683 0.02051043369764992
66723 0.006378462181329366
66737 0.027665070205760714
66782 0.022163290087619046
66803 0.011845598071370006
66825 0.007032148696337116
67146 0.00501727483430621
67467 0.002985346144671417
67486 0.00480504737385291
67526 0.01156724198092006
67611 0.0019054854532010248
67844 0.012363543633006563
67846 0.004101187274599964
67855 0.0642065750535128
67903 0.005978749903768397
67925 0.007408450967713014
67991 0.003952055021135043
68045 0.006448695311051504
68082 0.008913991305216062
68148 0.008219394580134291
68339 0.06515078939253503
68386 0.0019938135367652487
68408 0.026419290030262204
68409 0.016803011498372884
68536 0.005469448986039979
68628 0.06881716995636086
68732 0.21096446089011345
68845 0.03920578476718923
68881 0.0026356540847657533
69034 0.011075634196730957
69044 0.019777918208448136
69239 0.004195315983610211
69261 0.010014781742647976
69410 0.007382944414609581
69432 0.014152965141968555
69491 0.004994649017691525
69595 0.0010212664081817387
69844 0.019261972516053837
70044 0.03254790173308391
70124 0.001981265590397077
70216 0.013589735210712831
70281 0.0032234944242558374
70466 0.004086949888092604
70498 0.04059993367694731
70516 0.010045926709053023
70857 0.010399656522752073
70888 0.01786392612375961
70950 0.0044750037158508916
71139 0.022041063078071556
71151 0.011720247827228525
71172 0.04076669307197464
71284 0.0022408971566476392
71318 0.004086949888092604
71385 0.0032014816582344573
71394 0.0031189486591448375
71400 0.0017945155012586247
71534 0.006695306758577761
71547 0.0026328787382391486
71550 0.00302406394449992
71646 0.010601350982920109
71715 0.024119201045798504
71742 0.022593588931455827
71744 0.01571011942798717
71787 0.0006302362229241585
71789 0.01334413758642284
71829 0.0019030299307097865
71836 0.0037674894652151352
71837 0.01030291553184275
71840 0.0041716136334203225
71903 0.01811853025421095
71927 0.0029137944673807855
71928 0.0021227856630054542
71930 0.03474214229935923
71938 0.02766849552889397
72054 0.012585947950830633
72295 0.004968164367038429
72297 0.017619815619657146
72501 0.0022591808662378293
72603 0.0006608373625734461
72684 0.033190581970103245
72746 0.03754452270078291
72983 0.07263581884391355
72993 0.001656169599511171
72996 0.024612520437179906
73034 0.00919139767363565
73067 0.013068594922396409
73094 0.048684106359256955
73098 0.04614847581971232
73312 0.013107259404415332
73581 0.009776429875942098
73731 0.013715955661586326
74022 0.014513518317388549
74129 0.004553189803383744
74136 0.020273166284441445
74210 0.03691878065576985
74323 0.009268313135339712
74519 0.007009895061222124
74623 0.01354817638743848
74630 0.0030448478891356586
74644 0.03754452270078291
74679 0.0013502754278245602
74682 0.05774835962367048
74713 0.007091826706347014
74724 0.010732882610958666
74726 0.003870271551303613
74730 0.004593569571156589
74733 0.012340539494964855
74775 0.02476489573195158
74793 0.03807650520428089
74846 0.02237501857925446
74891 0.028399062042899888
74985 0.007178058875830942
75002 0.0021866997426912057
75014 0.0017692706384554243
75061 0.004379407361969463
75074 0.0061702697474824274
75124 0.002019258741427704
75132 0.008189008648229912
75135 0.0064580957415340855
75137 0.005624552215378666
75141 0.01670617266201188
75162 0.00331110140410492
75175 0.011507152412188007
75179 0.01601365555208531
75180 0.0093268498498787
75185 0.008525421763186243
75188 0.009386130675195727
75197 0.02560840276700799
75204 0.012514840900260968
75206 0.00448787196583451
75213 0.003461135686478424
75274 0.0034078874451479867
75325 0.025907916249663057
75407 0.004554384654063956
75449 0.014967073238825618
75512 0.05660799285034416
75594 0.00493346734820978
75625 0.0038986858239310465
75687 0.053964543347074345
75708 0.0017799331774577673
75798 0.028399062042899888
75873 0.006753435485811559
75882 0.005449266517456805
75979 0.029535024524615885
76356 0.014669714167855572
76405 0.013631549780591947
76722 0.03461135686478424
76734 0.023836024558516588
76834 0.004688099130891411
76838 0.00584466184524061
76875 0.0172030832007151
76947 0.002619089219707868
77009 0.01986660842462952
77092 0.0033310178035281077
77220 0.0013682068186202541
77451 0.0033276327893592334
77616 0.02119738602245159
77972 0.0013014846294630972
78058 0.00023475273837920637
78179 0.003484009068854312
78250 0.008582461699363083
78513 0.017945147189577352
78619 0.01318527880563209
78675 0.01156724198092006
78888 0.018231496620133264
78993 0.011757165400067923
79040 0.03886565557120898
79083 0.0075601598612498
79086 0.0072153968708345
79363 0.042192892178022696
79471 0.02237501857925446
79518 0.01986660842462952
79665 0.033818730371697574
79735 0.036707949207619044
79755 0.06697385290395834
79790 0.03947932381707018
79807 0.011720247827228525
79833 0.03049216067172087
79900 0.00677408819371924
79901 0.017994196392917057
79918 0.0005306376531203776
80061 0.004207268450799983
80201 0.12657867653406807
80281 0.07772374874898917
80363 0.013758551797181311
80628 0.005109865834708631
80805 0.01861451125501001
81058 0.050702478531509554
81409 0.0033061594617107334
81917 0.03754452270078291
81921 0.034559365438175095
81955 0.0151203197224996
82080 0.004470488071334392
82140 0.016347799552370416
82234 0.0020538960031026344
82385 0.02637055761126418
82388 0.05402748388649247
82416 0.00949509256157616
82427 0.02356517914198076
82428 0.011658562312348375
82431 0.036590592806065046
82449 0.021189467585433146
82463 0.024027021299532467
82558 0.01501780908031316
82647 0.01994965831181738
82760 0.011301667547684649
83038 0.00912402827479974
83105 0.0018860168917379236
83153 0.0006145448298921325
83154 0.0006740078622687331
83157 0.0004561158940278372
83191 0.001744881322840639
83279 0.008585762943202293
83347 0.011909284082506405
84025 0.011131290649980861
84034 0.021927794367973902
84041 0.008250006850451365
84042 0.03432431614218924
84101 0.053579082323166674
84471 0.006085513294907119
84670 0.001744881322840639
84693 0.014477953198341121
84699 0.0012009362100006459
84831 0.018009161295497494
84873 0.015692618253647143
84992 0.02685002229510535
85010 0.018156777371690094
85268 0.05607916048977699
85455 0.01861451125501001
85746 0.005665286034133482
85849 0.029934146477651236
85881 0.05607916048977699
86115 0.030344203278714947
86201 0.009630986258026919
86316 0.007996847795473615
86324 0.020607339355064105
86375 0.0003936253823804872
86384 0.0008208733886774843
86418 0.0012625402333121638
86419 0.0008273116113337783
86527 0.019167139303585233
86533 0.07225294944300341
86548 0.0027386168401764637
86577 0.0015147254499871187
86584 0.0008336376445035935
86621 0.00020762272371789215
86676 0.007812750107749303
86729 0.005128176950921641
86793 0.0024777705138100572
87015 0.012038732822533649
87194 0.008470848334019851
87230 0.009911082055240229
87675 0.003488388723379829
88149 0.012778656772135152
88250 0.01020795778500549
88280 0.034727182987237655
88297 0.019261972516053837
88390 0.01870591402803824
88441 0.0072986057309594446
88470 0.006717763592500676
88555 0.003643300722608867
88586 0.04027503344265802
88711 0.03750535762621667
88838 0.038523945032107675
88843 0.019516536029481862
89057 0.0034852191470848798
89163 0.00842253551082202
89193 0.011469528326060146
89329 0.0018097441497926402
89430 0.02021852163138365
89520 0.026793616172970994
89521 0.15627232344256944
89632 0.02004639673616463
89681 0.08065668306713263
89749 0.018301938606340423
89798 0.006055046880744889
89834 0.004808848548619195
89843 0.02356517914198076
89887 0.0035442029429539066
89951 0.01272188853404848
89952 0.008438578435604539
89973 0.006499566371986816
89983 0.007569279472810211
90056 0.011040152724356576
90092 0.010910102550871296
90201 0.04977813122126273
90243 0.004051148066240059
90431 0.0021412535904748106
90494 0.006922271372956848
90675 0.05052926528272247
90730 0.05986829295530247
90752 0.008470848334019851
90857 0.001975146535306457
90896 0.05212063151402803
90960 0.021395293893359882
91010 0.019095921028846476
91065 0.07508904540156582
91099 0.13844542745913696
91274 0.02849816280776932
91322 0.025003571750811113
91477 0.038861874374494586
91788 0.054694489860399785
91920 0.04713035828396152
92000 0.05907004904923177
92204 0.01501780908031316
92337 0.017039437225739935
92338 0.02295468227301753
92363 0.05986829295530247
92364 0.05337655034569136
92365 0.11906462738481483
92403 0.027179470421425662
92404 0.026528465141870558
92427 0.04102086739529984
92429 0.03691878065576985
92433 0.03955583641689627
92434 0.027517103594362623
92436 0.007408247978446327
92448 0.021402191684504263
92478 0.022836359168517437
92503 0.01995609765176749
92537 0.02447653966128388
92560 0.03521629824057903
92566 0.05986829295530247
92611 0.013931615341799946
92686 0.0466342492493935
92687 0.05753576206094004
92691 0.025029681800521935
92747 0.045187177862911654
92778 0.042192892178022696
92779 0.04614847581971232
92780 0.04763713633002562
92781 0.04567271833703487
92815 0.05092245607692394
92831 0.04475003715850892
92832 0.058602121290963545
92833 0.029339428335711144
92886 0.09037435572582331
92892 0.05151457765921375
92893 0.038523945032107675
93038 0.09229695163942464
93039 0.0466342492493935
93040 0.04567271833703487
93299 0.07262710948676038
93355 0.03434305177280917
93356 0.04763713633002562
93358 0.06612318923421466
93378 0.06712505573776338
93496 0.007262848504780586
93668 0.008114017726542825
93853 0.04567271833703487
93891 0.04475003715850892
93896 0.04763713633002562
93898 0.013801413329259759
93905 0.000773978630099997
94020 0.02089742301269992
94093 0.009446169890602095
94099 0.009426071656792304
94136 0.06239793913651243
94139 0.03661366676605275
94195 0.11359624817159955
94250 0.027781746389790123
94257 0.048684106359256955
94258 0.11075634196730957
94366 0.058292811561741875
94379 0.05212063151402803
94402 0.011658562312348375
94523 0.03819184205769295
94526 0.011244298676884219
94534 0.09205331497050431
94536 0.03461135686478424
94537 0.056798124085799775
94538 0.07437907849616748
94543 0.10871118152526571
94582 0.11906462738481483
94583 0.07341589841523809
94586 0.03601832259099499
94634 0.04614847581971232
94700 0.0763836841153859
94702 0.012306260218589953
94716 0.06638116394020649
94725 0.058602121290963545
94728 0.04567271833703487
94730 0.022836359168517437
94731 0.04922504087435981
94732 0.05092245607692394
94733 0.05986829295530247
94770 0.02685002229510535
94778 0.09229695163942464
94781 0.08055006688531605
94793 0.03807650520428089
94801 0.045206670190738596
94874 0.02876788103047002
94892 0.04430253678692383
94893 0.06199232665490358
94894 0.04922504087435981
95044 0.04567271833703487
95045 0.065938899376035
95046 0.028218176297403714
95071 0.04977813122126273
95073 0.0738375613115397
95074 0.048154931290134595
95077 0.05907004904923177
95079 0.010727006485937973
95080 0.0466342492493935
95081 0.04430253678692383
95108 0.04027503344265802
95119 0.10136583142220722
95127 0.06328933826703403
95129 0.04977813122126273
95156 0.08621921293383143
95157 0.0763836841153859
95158 0.05753576206094004
95159 0.048154931290134595
95196 0.06328933826703403
95231 0.005731246673599461
95245 0.058602121290963545
95246 0.10871118152526571
95303 0.09616758365696582
95319 0.007996847795473615
95332 0.07032148696337115
95333 0.08055006688531605
95403 0.07508904540156582
95404 0.06757722094813814
95405 0.04430253678692383
95454 0.0018269087334813951
95602 0.011845598071370006
95681 0.1273614357811087
95847 0.015570752473090541
95966 0.01334413758642284
96136 0.12298374373277177
96213 0.016798266082010904
96288 0.0765415461759524
96398 0.02119738602245159
97026 0.025315735306813615
97062 0.05282444736086855
97066 0.05282444736086855
97068 0.04430253678692383
97082 0.032337618092645126
97085 0.038861874374494586
97087 0.147577536698745
97335 0.0714387764308889
97389 0.04064452916231544
97413 0.0006342328168803021
97462 0.04614847581971232
97472 0.0009343659936973547
97524 0.007854525157322864
97603 0.03098079495589079
97938 0.004030667128018987
98034 0.017580371740842787
98282 0.05607916048977699
98304 0.01139980474960993
98370 0.03293423480309746
98374 0.03906808086064236
98443 0.013206111840217137
98762 0.02336782406617861
98862 0.030037004873779836
99079 0.01640834695811994
99271 0.04150403576701975
99336 0.008180012568422393
99570 0.02356517914198076
99953 0.012340539494964855
100318 0.011733191465462306
100346 0.028739737644610474
100608 0.012991946271825169
100627 0.020799313045504145
100640 0.018536626270679424
100719 0.025315735306813615
101034 0.009675836847496332
101047 0.06712505573776338
101048 0.030502564408655793
101078 0.04121467871012821
101080 0.05034379180332253
101081 0.08428170253082398
101083 0.04076669307197464
101085 0.05906355531687665
101086 0.018932708028599927
101087 0.07772374874898917
101112 0.049026611276100224
101113 0.03434305177280917
101125 0.035442029429539064
101126 0.04977813122126273
101127 0.05212063151402803
101152 0.10827545411385106
101153 0.0321032875267564
101165 0.060688406557429894
101170 0.04386389780883547
101172 0.05212063151402803
101178 0.005336063162657992
101183 0.03378861047406907
101229 0.035442029429539064
101247 0.04301217163779012
101272 0.01284131501070256
101313 0.008406553470004522
101440 0.07772374874898917
101441 0.10068758360664506
101624 0.0714387764308889
101641 0.030553473646154364
101679 0.06509580346616782
101715 0.09426071656792304
101897 0.03488388723379829
101996 0.028474068746011195
102299 0.046150009920044345
102304 0.03440858497818043
102414 0.027885024257410164
102474 0.04680353000356496
102541 0.002587764999236205
102549 0.07501071525243334
102600 0.0013870550027214722
103123 0.07426803490339934
103303 0.04140423998777928
103523 0.021931948904417735
103688 0.05402748388649247
103856 0.05906355531687665
104316 0.031199277892687702
104420 0.027013741943246235
104547 0.053964543347074345
104658 0.016717938410159935
104723 0.025171895901661266
104849 0.006997268213846393
104876 0.045206670190738596
104963 0.02614839404842056
104999 0.03293423480309746
105005 0.05048241009118142
105010 0.025311145117523626
105019 0.04019729799161325
105020 0.029535024524615885
105043 0.023588275236614258
105049 0.002423552340641347
105051 0.003751971272001992
105052 0.030742096414931697
105058 0.042356858419766726
105062 0.06522670891515943
105218 0.028607337883141338
105248 0.08939793088481668
105351 0.008265398654276833
105583 0.01025521684882496
105685 0.03407887445147987
105918 0.0080258218816891
105920 0.01085846489875584
106154 0.0027051917532738704
106177 0.1030291553184275
106284 0.005376521454723765
106432 0.04867740739277976
106449 0.005376521454723765
106711 0.01733204184539812
107131 0.00853613425566933
107412 0.05212063151402803
107502 0.007286601445217734
107907 0.015599484784128108
108111 0.017743100786299495
108561 0.025688601113847034
108870 0.05010374109855112
108983 0.017441943616899144
108984 0.021823909747253116
108987 0.015172101639357474
109735 0.009801446191797307
109825 0.006524674048147839
110068 0.023947317182120988
110163 0.02331712462469675
110472 0.0016228035453085651
110734 0.05537817098365479
110780 0.021096446089011348
110941 0.06330472677721129
111085 0.03713401745169967
111251 0.0015794130761826676
111290 0.013758551797181311
111364 0.015276736823077182
111376 0.007625221477955909
111380 0.05907004904923177
111381 0.05537817098365479
111383 0.04713035828396152
111440 0.09037435572582331
111442 0.02786323068359989
111493 0.027179470421425662
111609 0.008519718612869967
111634 0.019797545640064206
111773 0.03368569683542033
111775 0.027376173449793192
111804 0.023514330800135846
111806 0.033978578732340343
111828 0.03892414784808264
111840 0.023009421856574647
111899 0.014525421897352075
112126 0.013688086724896596
112159 0.008055006688531605
112375 0.04867740739277976
112623 0.018156777371690094
112665 0.03661366676605275
112691 0.03178420137814972
112732 0.012991946271825169
112815 0.06638116394020649
112834 0.04102086739529984
113014 0.009651968798894081
113063 0.0466342492493935
113208 0.0382707730879762
113599 0.005875668008875839
113675 0.011658562312348375
113709 0.014669714167855572
113720 0.0073106496348059125
113737 0.01622580246425992
113786 0.028739737644610474
113872 0.029448159810011938
113879 0.014767512262307943
113880 0.02237501857925446
114045 0.001453495301408262
114107 0.030821834903190338
114109 0.052859446858971426
114110 0.049403726114874126
114111 0.07207531900212559
114114 0.013304065101178326
114145 0.0036493028654797223
114230 0.014621299269611825
114423 0.0009142073766292911
114483 0.0018313162903426108
114536 0.001438394051523501
114537 0.0006395631122697247
114539 0.0005034951333892923
114548 0.00333603439660571
114552 0.0003075710690566775
114567 0.0011932660548549816
114568 0.0002679684013939543
114645 0.04719484676152759
114754 0.018852143313584608
115035 0.01118750928962723
115294 0.060688406557429894
115295 0.03142023885597434
115468 0.06407205679875325
115603 0.04963328343565392
115621 0.009694209362565388
115639 0.011845598071370006
115673 0.004333374653520124
115768 0.0005989257372843562
115853 0.01501780908031316
115914 0.016131336613426524
116043 0.0018868201357292941
116075 0.0112158320979554
116076 0.005558662081169865
116182 0.0216169208220269
116372 0.01870591402803824
116381 0.013589735210712831
116519 0.014245188677467468
116639 0.011159329165471996
116678 0.002363341335033283
116704 0.022603335095369298
116880 0.02559745543800003
116924 0.015329597504125892
117101 0.012991946271825169
117126 0.021299296532174918
117224 0.00338704409685962
117341 0.004288725729615085
117657 0.03434305177280917
117719 0.09495027247143462
117720 0.13030157878507007
117721 0.06638116394020649
117722 0.0466342492493935
117725 0.03331017803528107
117728 0.0466342492493935
117737 0.035160743481685575
117738 0.03434305177280917
117768 0.07032148696337115
117769 0.0989083490640525
117771 0.08065668306713263
117901 0.05907004904923177
117902 0.08055006688531605
118157 0.028039580244888496
118168 0.015436423967569278
118242 0.03425146815179605
118375 0.03989931662363476
118385 0.0014767512262307942
118420 0.11075634196730957
118465 0.018082668076295442
118522 0.01995609765176749
118537 0.03356456610837883
118635 0.018772261350391454
118676 0.028850275097089748
118753 0.03989931662363476
118927 0.00842253551082202
119074 0.005000286319065894
119095 0.03461135686478424
119481 0.0010505699973185636
119659 0.03488388723379829
119677 0.00596265636432353
120142 0.02237501857925446
120143 0.0041096972900671455
120204 0.053664413054793324
120248 0.02307423790985616
120306 0.031872328623686205
120689 0.03927262578661432
120723 0.04313608921970353
120948 0.004718055035881132
121142 0.004351919134275425
121147 0.057769887277564394
121552 0.013672624723560197
121624 0.008720971808449572
121716 0.0420143300363404
121757 0.018362126562073436
121915 0.052068646823599636
121925 0.031064427575699872
121939 0.025776878093619705
121940 0.0034683498109510636
121941 0.001912022967430176
121942 0.001984806774972865
121964 0.03232869009086548
121973 0.022262581299961722
121974 0.06356840275629944
121979 0.0059343920294646635
122075 0.04386389780883547
122084 0.02307423790985616
122101 0.07508904540156582
122128 0.03281669391623988
122136 0.023151455324825102
122165 0.021931948904417735
122230 0.03713401745169967
122240 0.03281669391623988
122260 0.006328933826703404
122313 0.04699378825561197
122361 0.06697385290395834
122383 0.030868607099766805
122462 0.03676374443647754
122621 0.0006328029822443055
122665 0.07207275048078245
122672 0.03272011285336477
122674 0.016781263934440845
122702 0.03722902251002002
122729 0.07605675807046249
122757 0.036580932082333165
122770 0.03099616332745179
122782 0.07263581884391355
122817 0.04386389780883547
122843 0.07946482745317038
122914 0.03689592654932951
122926 0.04027503344265802
123024 0.030868607099766805
123133 0.1056488947217371
123170 0.03393206135774064
123366 0.014064297392674232
123392 0.0009142083530112223
123417 0.05282444736086855
123453 0.14707983382830064
123523 0.014425137548544874
123747 0.040112681953172906
123897 0.01354817638743848
124004 0.01953404043032118
124101 0.01723834116222717
124141 0.0008962681931402757
124165 0.035382412854921386
124496 0.20273166284441443
124537 0.014621299269611825
124637 0.01269413661516442
124988 0.016780920638128263
125037 0.00993330421231476
125074 0.030553473646154364
125156 0.001631377017234305
125842 0.01697415202564131
126275 0.018231496620133264
126756 0.016717938410159935
127069 0.02051043369764992
127125 0.04386389780883547
127126 0.05402748388649247
127225 0.0763836841153859
127239 0.0044931578891403475
127253 0.17047889830098487
127533 0.015530168789323673
127745 0.011814009809846353
127787 0.025171895901661266
127886 0.007311091807735036
127933 0.03955583641689627
128036 0.013589735210712831
128052 0.045206670190738596
128053 0.07733063428085911
128055 0.002546122803846197
128417 0.014816901935426029
128602 0.03142023885597434
128947 0.010701095842252132
129301 0.12233401068448599
129523 0.003687842441122583
129849 0.0009504942455894406
130224 0.021309862287623108
130256 0.030344203278714947
130294 0.003171262475799844
130393 0.031124778113042883
130416 0.04076669307197464
130873 0.08242935742025642
131303 0.12921910173217355
