13 0.0016663895209580956
20 0.0029857968135236566
32 0.0012451685401375946
41 0.023984040759098903
70 0.04542110373847049
119 0.0013973821732772029
147 0.0029178992168545567
150 0.0017927295572641164
157 0.008470001317540417
350 0.005902582159588323
444 0.013721408116124614
466 0.04118588318386952
510 0.023518133998161182
519 0.000675428967291376
598 0.001570077920601764
670 0.001925922972775672
734 0.0015464250444251779
762 0.01933807068430489
769 0.00046077607706680724
773 0.009264593361817989
788 0.00542556524571582
829 0.001496816775283513
981 0.006189166362973129
1056 0.0027446977125385914
1077 0.00819901712850985
1082 0.01619111899825604
1186 0.008251743926763932
1273 0.03037032380146252
1320 0.0026470266748051395
1395 0.011330209100324869
1436 0.008400302328064102
1442 0.0067712199504580016
1502 0.0026872171321712913
1517 0.0029129311705148497
1550 0.0034586150420803006
1822 0.004273592608199139
1848 0.0037355056204127846
1863 0.004028716422642987
1919 0.001448655016214272
2026 0.009851410215829493
2325 0.012704417629819718
2373 0.0018745744055687237
2419 0.001428098142027592
2461 0.0016535388925409682
2500 0.037510319373055295
2745 0.0036872016684246878
2773 0.001141843097318613
2853 0.030600299349880178
3006 0.006266892213000202
3038 0.0031258128638533287
3100 0.007829028244861683
3303 0.005142870463373913
3311 0.0037795174686650703
3457 0.011696125641717991
3484 0.006208245170696151
3508 0.0020416009238055552
3593 0.00512234004236244
3685 0.005521106322615292
3722 0.0425991242735121
3723 0.0027457255455913014
3745 0.001879379246593616
3811 0.04177991034517532
4000 0.002504921777670652
4012 0.008185940546167728
4050 0.014217686211765002
4060 0.02291332465378199
4114 0.002103518328871789
4200 0.011482292443953391
4218 0.0014881370607269253
4255 0.0010752562919817458
4274 0.0022247874826385634
4327 0.009400338319500304
4365 0.01603361873025179
4411 0.00837289514265443
4450 0.025791883027372692
4522 0.002553524737535903
4526 0.0054198360321511775
4551 0.005501162617842621
4739 0.0028087334685832155
4772 0.008834052878566551
4833 0.045068223310283775
4840 0.017108615741490554
4862 0.006168972022172074
4863 0.042070366577435785
4922 0.019151435531519274
4957 0.004019251936137169
4960 0.004360734683472528
4977 0.013331388889473158
4979 0.012549106900848817
4984 0.010795306027076358
5185 0.01103781660741326
5187 0.018462534972831533
5515 0.003033442507356481
5539 0.005200187155468253
5609 0.010247902537495834
5860 0.054601965132416656
5898 0.005948132342092039
5927 0.0039695164133388755
6064 0.01518516190073126
6123 0.010626469404652518
6126 0.0026000935777341265
6137 0.01759154119796856
6138 0.018009069201569004
6164 0.004210487877315148
6311 0.009415191063701481
6398 0.0027788764063059915
6399 0.011649090283909475
6523 0.002335115888283515
6543 0.003084486011086037
6546 0.0024976081374438763
6615 0.004067024344252905
6753 0.015648124153802335
6931 0.029162413195722534
6933 0.02212321001054813
6982 0.01245237615162754
7078 0.006274553450424408
7108 0.004277153935372638
7183 0.006709261075094334
7187 0.0027940036594704225
7217 0.011612182629970965
7622 0.01103781660741326
7646 0.011482292443953391
7670 0.06935925300604279
7735 0.009757765632028832
7814 0.007063151063054309
7965 0.017223438665930086
8036 0.03269162243596921
8439 0.008655286209860313
8573 0.07332263889210236
8675 0.005071724034038701
8751 0.025535247375359033
8792 0.090045346007845
9082 0.005442825792626899
9176 0.00360941260368999
9186 0.07805293747215813
9254 0.0018800676639000606
9485 0.022811487655320737
9506 0.0018284947354638994
9588 0.009611581877241883
9709 0.0058725225657290225
9833 0.020127783225283004
9964 0.0009249566989452452
10049 0.058995226694795004
10076 0.007030937975955022
10102 0.006336524348700205
10168 0.019816929430297937
10188 0.0038853782910273776
10231 0.04796808151819781
10252 0.007860007231925216
10449 0.0027185300436690495
10929 0.008758677000763082
11098 0.014931651807210428
11103 0.020286896136154805
11142 0.07217120826710079
11225 0.0034726554279074194
11272 0.0057857665458032415
11311 0.006251625727706657
11317 0.02659370322511485
11318 0.02311438920849318
11326 0.010702243044084321
11334 0.0022056399370041797
11344 0.011185156148658174
11408 0.003695165386931005
11497 0.022225630055745446
11539 0.006117502648923916
11637 0.0424180555574146
11741 0.090045346007845
12049 0.02077969523257962
12315 0.04424642002109626
12397 0.014296893377290155
12411 0.005117233023377034
12431 0.005609382210324771
12583 0.005566794709812545
13006 0.0014340834653386884
13060 0.009198180506177716
13127 0.001071073606520694
13193 0.004721789073088469
13250 0.015230221728329869
13345 0.000794763815801667
13358 0.020367399692250657
13483 0.015299685478514909
13526 0.05832482639144507
13616 0.02138576967686319
13738 0.0067268476047800336
13921 0.004379338500381541
14129 0.00884928400421925
14172 0.0013481966699362138
14187 0.004096236809614658
14349 0.0062288649544261715
14389 0.0013380043593449336
14527 0.039863400696314076
14549 0.004386824549100141
14600 0.014898071052777071
14601 0.04965840772455125
14606 0.007280262017655555
14609 0.021565482027088932
14666 0.040799161276039754
14754 0.022028260611361226
14778 0.00535760409441249
14822 0.02274927055444102
14957 0.010517591644358946
15005 0.0090591298327652
15042 0.0077766435188593415
15069 0.010199790319009939
15080 0.009702428586856646
15120 0.028046911051623855
15206 0.03746412206165814
15344 0.0056278341254903125
15587 0.004186447571327215
15614 0.007059951475168041
15656 0.003727367263941297
15741 0.009889373260977198
15918 0.02851435956915092
16002 0.01449704625997015
16032 0.012735942239322992
16140 0.07180870247438548
16174 0.013634563760959268
16236 0.006945310855814839
16251 0.013614283083414232
16412 0.002872179475348162
16857 0.009540120301946405
16942 0.004334953312877674
16981 0.010306395024994308
17008 0.018072481417067486
17114 0.0007011727762905964
17142 0.009757765632028832
17145 0.019441608797148357
17154 0.004992786694987515
17395 0.024675888088688296
17532 0.009353095300592116
17782 0.021326689750849826
17829 0.0028498527054120855
17865 0.012337944044344148
17881 0.0022142298198650416
17966 0.016039327257647392
17973 0.0036324024928854675
18012 0.0351546898797751
18397 0.01693922350642629
18428 0.0006307711346254351
18499 0.0008058697947004498
18744 0.009084220747694098
18800 0.03902646873607907
19144 0.004366945402912798
19403 0.007759653049556019
19421 0.01645059205912553
19599 0.021035183288717892
19625 0.004405652122272245
19780 0.032547645512346325
19854 0.04542110373847049
19986 0.00830515327256823
20020 0.011638514109857518
20573 0.0018657160023435716
20580 0.001200043189723443
20671 0.0010552188985294337
21280 0.008427889527827859
21370 0.012162523038974327
21496 0.018029504879245786
21920 0.0027803817564719204
22371 0.0010179479151688495
22943 0.004401873689920382
23449 0.005615519389985958
23475 0.005741146221976696
23737 0.01113358941962509
23789 0.003743679593323972
24577 0.021297032043349234
24657 0.02687217132171291
24853 0.007168414416825651
24863 0.011380453930038061
24879 0.005779937750503565
24979 0.0013000467888670633
25008 0.0012226261844800299
25346 0.009148992375128636
25473 0.0008671371384435151
25520 0.008714065742694678
25604 0.0004389450716195301
25828 0.002759454151853315
25931 0.0012191412642392318
25942 0.01532114842521542
26125 0.012457729908852343
26785 0.024440879630700792
26805 0.007138504481845849
27434 0.010163534103855773
27525 0.015367020127087324
27540 0.003757382666505978
27731 0.005665072589176316
27738 0.0013474887693481665
28146 0.00952242063533797
28515 0.0031820116072208094
28527 0.004096236809614658
28607 0.009698907758701416
28744 0.002740301506912528
29400 0.00987525153613235
30301 0.008057432845285975
30581 0.017517354001526163
30931 0.012337944044344148
31417 0.05968121770287402
31574 0.005687067249819336
31642 0.025922145062864475
31710 0.002357641121932552
32385 0.0032838034052764973
32476 0.006753400950588376
32593 0.0006440063251664791
32668 0.023329930556578025
32669 0.0024382825284784636
32856 0.003001511533594834
32865 0.002664893417677656
32868 0.004497413516141053
33084 0.0015294300161556613
33301 0.004774497416229922
33395 0.0163980342570197
33414 0.002301607498855231
33433 0.013834460168321202
33736 0.01655672491111989
33795 0.002003350789401704
33817 0.010737624942358087
34083 0.019515531264057664
34151 0.05203529164810542
34163 0.008470001317540417
35119 0.011508037494276155
35733 0.008229376280110293
35797 0.0040035762265578515
35903 0.08278362455559944
36374 0.00809555949912802
36750 0.0006353781533111124
37412 0.004313096405417787
39250 0.01532114842521542
39348 0.02194956627445479
44001 0.005442825792626899
44573 0.006571811424388176
44816 0.00979500901230375
46408 0.009214694295237282
46442 0.003642714494284717
46640 0.050319458063207506
46645 0.05968121770287402
46715 0.050319458063207506
47172 0.0025387734010506773
47342 0.0017522865415906658
47432 0.010805441520941402
47601 0.011355275934617623
47788 0.0703093797595502
47856 0.008070101764854034
47897 0.0031526933184564897
48302 0.0012564466884815583
48677 0.005397039666085348
48959 0.001327621500891662
48972 0.003873648847129936
49615 0.0094975096740945
49818 0.009756617184019767
50566 0.006154178324277177
50651 0.04106067777957732
50835 0.0032775125941552786
51059 0.009116491514115747
51414 0.0013599853530596624
51515 0.017398592279481918
51736 0.01645059205912553
52075 0.011920742595056884
52325 0.11405743827660368
52666 0.002681601213399773
52880 0.013985244475332876
53922 0.02004915907205924
54064 0.001259220981954653
54199 0.001413935185247153
54503 0.014581206597861267
54670 0.04830181780788262
55301 0.004135845868208836
55578 0.00383314766426226
55611 0.004398101733030991
55637 0.01085113049143164
55690 0.0212090277787073
56073 0.020367399692250657
56337 0.02053033888978866
56381 0.0009328580011717858
56503 0.0014364916659521875
56505 0.0009476707390042773
56509 0.08146959876900263
56647 0.0016978447642895026
56790 0.028046911051623855
57049 0.005107049475071806
57265 0.0025637286325909917
57543 0.01038984761628981
57569 0.01716583519213099
57606 0.032280407059416136
57640 0.058995226694795004
57695 0.010828237811069969
57884 0.08267383434280055
58008 0.017223438665930086
58061 0.003337181223957845
58084 0.0013528162157214459
58162 0.0009045796126977732
58253 0.008803747379840764
58757 0.0011875131664111052
58782 0.004309474997856562
59776 0.007695029568886305
59981 0.006683053024019747
60018 0.012488040687219381
60062 0.009776351852280315
60122 0.002461671329710871
60250 0.006807141541707116
60285 0.004700169159750152
60455 0.011305252692614903
60897 0.008332118055920724
60952 0.027156941724363965
61515 0.0163980342570197
61574 0.011355275934617623
62018 0.005061720633577087
62020 0.01002457953602962
62108 0.009374504239475912
62145 0.009116491514115747
62292 0.05640202991700183
62538 0.007332263889210237
62667 0.028201014958500914
62809 0.016140203529708068
62988 0.002642937550178767
63202 0.01724250268213585
63304 0.011482292443953391
63574 0.02077969523257962
63595 0.003327318114954027
63634 0.0012419924756033255
63668 0.007603829218440245
63673 0.03290118411825106
63735 0.042070366577435785
63789 0.002242282534926678
64218 0.025791883027372692
64285 0.005542748080396507
64311 0.0014332825251178903
64485 0.006088475352843613
64564 0.01034795306944993
64998 0.022811487655320737
65181 0.04665986111315605
65243 0.01505156810101808
65332 0.007114468541055365
65895 0.01813634177543168
65930 0.006964158375097918
66116 0.015367020127087324
66119 0.011908549240016626
66174 0.0007602702892085862
66256 0.029162413195722534
66404 0.020385329016033016
66712 0.03290118411825106
66744 0.016773152687735837
66754 0.02659370322511485
66891 0.009703878712754795
66896 0.019009573046100615
66961 0.00928134669520283
66976 0.01239754763876127
67101 0.0037934846433460203
67528 0.016718517011228555
67533 0.014581206597861267
67534 0.006059722222487798
67536 0.01239754763876127
67579 0.006665694444736579
67594 0.04796808151819781
67601 0.01873206103082907
67617 0.008172905608992302
67634 0.01518516190073126
67635 0.018800676639000608
67643 0.014791310439329007
67645 0.021840786052966663
67666 0.013040321272588161
67708 0.003738226309138504
67833 0.0027476363610530866
67854 0.017517354001526163
67870 0.007138504481845849
67908 0.001089952160213881
67953 0.0045181203542668715
68152 0.027013603802353504
68153 0.03129624830760467
68173 0.02883474563172565
68208 0.024314459077105693
68410 0.0027214128963134496
68495 0.010044197108507173
68584 0.01619111899825604
68686 0.028123693695134202
68745 0.05968121770287402
68907 0.0022214267259193427
69255 0.003091918507498293
69489 0.00780028073320238
69929 0.004652152757921022
70298 0.030734040254174647
70347 0.01744709114123329
70488 0.028201014958500914
70737 0.011612182629970965
71160 0.1671196413807013
71283 0.003352439400683975
71338 0.007383365634491476
71710 0.01833065972302559
71844 0.012518499323041868
71881 0.00270278289754985
72030 0.0015782855850083536
72062 0.001165437039611073
72158 0.009100327522069443
72167 0.012855357029284718
72232 0.00665704892665002
72544 0.012686454528170028
72819 0.03248471343320991
72874 0.00933197222263121
72915 0.04023250625831698
73251 0.03129624830760467
73338 0.021840786052966663
73341 0.010044197108507173
73499 0.02479509527752254
73648 0.017883570461488384
73691 0.0007211725056129219
73755 0.012249605542833332
73764 0.023761966307625764
73827 0.005996010189774726
73839 0.07008243025642313
73935 0.008511749125119678
74262 0.007982246846729652
74266 0.022413033722476706
74360 0.0008386576343867917
74416 0.01060451388935365
74702 0.03444687733186017
74781 0.03614496283413497
75024 0.018939427020100243
75095 0.030015115335948337
75128 0.005728331163445497
75207 0.015506298255127388
75242 0.003143040246446519
75346 0.013723488562692955
75423 0.037457850654295126
75618 0.04274327528237231
75937 0.0037929733257737732
76201 0.017261707325573434
76654 0.0009757765632028831
77303 0.002037548520225155
77443 0.021035183288717892
77444 0.008582917596065495
77470 0.016828146630974313
77688 0.02251133650196125
77690 0.01085113049143164
77692 0.05832482639144507
77698 0.0450226730039225
77746 0.01716583519213099
78427 0.013947241093606427
78546 0.0026566173511631294
78583 0.048420610589124204
78661 0.020069795269737803
78704 0.009434898386851407
78761 0.0022710551869235245
78772 0.006391761796322747
78985 0.011456662326890995
79429 0.07332263889210236
79512 0.024915459817704686
79707 0.013287800232104694
79779 0.011964066952091295
79841 0.0028388189836544057
79895 0.004092970273083864
80208 0.03399062730097461
80251 0.017517354001526163
80301 0.013760280757231007
80402 0.013026864777784683
80535 0.027013603802353504
80777 0.014061875951910044
81332 0.0006586992713612892
81788 0.015230221728329869
81837 0.024557821638503185
81860 0.0020497250944163316
81861 0.0014727646262402197
81877 0.020127783225283004
82203 0.02479509527752254
82230 0.015506298255127388
82254 0.02479509527752254
82405 0.005954274620008313
82411 0.04139181227779972
82425 0.009487217601565925
82493 0.0005453814390019302
82517 0.03746412206165814
82552 0.03773959354740563
82580 0.032249417278915636
83002 0.03778357109476725
83196 0.023652464158742698
83350 0.011936243540574805
83794 0.008159912118357975
84056 0.08849284004219252
84102 0.0212090277787073
84222 0.004594972893864965
84264 0.009783171047139291
84365 0.03399062730097461
84471 0.0070502537396252285
84479 0.004067024344252905
85177 0.0065134323888923415
85414 0.004897504506151875
85419 0.01071520818882498
85601 0.003637551185292109
85998 0.018396361012355433
86621 0.0005047945154727632
87185 0.03773959354740563
88170 0.005507065152840307
88295 0.01239754763876127
88574 0.0170731264278909
89006 0.015648124153802335
89027 0.0032038606257472945
89091 0.08146959876900263
89225 0.002409664188942331
89353 0.08699296139740959
89603 0.03248471343320991
90098 0.022710551869235245
90426 0.008803747379840764
90493 0.01645059205912553
90553 0.003211880301906862
91256 0.04106067777957732
91349 0.007637774884593996
91467 0.04752393261525153
92011 0.0036792722024710867
92284 0.014539900063589704
92814 0.0008782656951483856
92823 0.030734040254174647
92883 0.047982532221837654
93086 0.0703093797595502
93643 0.0022218981482455265
94279 0.0036582927458639813
94597 0.002242282534926678
95143 0.01813634177543168
95370 0.0013103356452507445
95470 0.004888175926140157
95677 0.024915459817704686
95931 0.007788444191877338
96022 0.008070101764854034
96396 0.059932561046872196
96655 0.014748806673698751
97036 0.08554307870745276
97183 0.011227676165111717
97427 0.13312889109941056
97929 0.007847988872243373
98266 0.019816929430297937
98320 0.020207026466327424
98474 0.06110219907675197
98627 0.0027243018696641004
98774 0.003356824540514824
98969 0.011771983308365059
99116 0.06483684163125394
99184 0.02311975100201426
99277 0.011231038779971916
99903 0.0199775203489574
100289 0.05132584722447166
100672 0.04542110373847049
100844 0.02951291079794162
101188 0.002055500489566346
101279 0.03362871193722356
101292 0.05111894912821452
101510 0.006992622237666438
101958 0.020949325397743534
101963 0.018009069201569004
102169 0.003724662353009554
102296 0.005036883927818612
102405 0.0344850053642717
102525 0.025116246681492684
102662 0.04366945402912798
102663 0.014178410835489407
102718 0.011745045131458045
102774 0.014622748497000473
102784 0.00581266672983824
102880 0.028356821670978815
103255 0.001909443721148499
103295 0.0195900180246075
103395 0.005346442419215797
103676 0.003910990707379149
103731 0.04665986111315605
104225 0.06732065856973639
104238 0.010083663501860836
104340 0.006236433441612594
104898 0.0067891332307502186
105014 0.004787858882879819
105868 0.050319458063207506
106196 0.00809555949912802
106456 0.08849284004219252
106541 0.0003817467253586587
106847 0.014061875951910044
107781 0.011431146375160725
108157 0.012735942239322992
108178 0.00895739044057097
108780 0.01267304869740041
108873 0.00964771564369768
108919 0.007108843105882501
108952 0.020612790049988616
109253 0.018200655044138887
109726 0.022610505385229806
109819 0.02555947456410726
111023 0.03444687733186017
111155 0.03640131008827777
111686 0.004447647073177787
111720 0.000780028073320238
111948 0.06580236823650212
112015 0.014207814735816863
112016 0.006055903381042836
112018 0.0200611565035067
112365 0.017883570461488384
112496 0.03269162243596921
112706 0.00830515327256823
112726 0.004615633743207883
112911 0.014706546482656634
113252 0.012308356648554354
113255 0.009575717765759637
113446 0.011405743827660368
113648 0.016345811217984604
113903 0.03719264291628381
113947 0.02883474563172565
114390 0.007706583667338086
114393 0.003719264291628381
114403 0.00031899221394948203
114409 0.04752393261525153
114537 0.0007409534751619988
114590 0.0009538347374925043
114594 0.00043353194716168304
114596 0.007861269564278416
114676 0.024325046077948654
115253 0.0195900180246075
115303 0.018462534972831533
115307 0.02004915907205924
115324 0.00162166973852991
115515 0.06860704058062307
115752 0.015380922746542423
115768 0.0006938738302618853
115837 0.025159729031603753
115971 0.05402720760470701
116349 0.012457729908852343
116443 0.019183711593369686
116706 0.01144956699841432
116784 0.001626809737701162
117774 0.0029750843381706497
117896 0.022315585749770286
118618 0.0010085644964525774
118848 0.005702871913830184
119056 0.0044747905165188895
119071 0.001023242568270966
119074 0.005792985014048719
119088 0.008007152453115703
119167 0.003564294946143865
119444 0.016773152687735837
119481 0.0012171175533429372
119765 0.005773436133236407
120039 0.0027909650475514765
120350 0.000879620346606198
120409 0.011953536935070798
120510 0.0017589392468975896
120656 0.004447647073177787
121085 0.005584967053805403
121168 0.04623950200402852
121315 0.010967061372750355
121430 0.029966280523436098
121579 0.021297032043349234
121584 0.0020872650355620846
121598 0.010643582382567018
121675 0.001793355947745341
121753 0.027743701202417113
121774 0.007788444191877338
121784 0.00884928400421925
121929 0.04106067777957732
122662 0.002509821380169763
123778 0.03399062730097461
124128 0.0004914385984725359
124141 0.001038354182166127
124873 0.005408413827657709
125124 0.02387248708114961
125151 0.006391761796322747
125191 0.05237331349435883
125227 0.010123441267154174
125842 0.019665075564931668
125969 0.0020170983841119516
126136 0.0031468943730516034
126332 0.056991033709829754
126625 0.008172905608992302
126940 0.0576694912634513
127208 0.005661381988141021
128029 0.02759454151853315
128211 0.0003491985493959871
128743 0.023761966307625764
128890 0.003215905214565893
129536 0.007741455086647309
129830 0.004320357510477412
129908 0.03859086257479072
130015 0.019268783485136293
130129 0.03614496283413497
130130 0.042070366577435785
130471 0.005280436957250171
130952 0.0018967423216730101
130980 0.0019009573046100613
131017 0.04041405293265485
131019 0.05298915458412481
131357 0.027764285468998305
