22 0.0023787085873536585
101 0.005191010695212718
219 0.03785500223966899
344 0.07440465957452182
350 0.0024566614470838024
426 0.0038790743868065305
447 0.015979851105639153
524 0.00311017236284252
535 0.03082478753801618
635 0.02755444596053454
685 0.005469237370419501
694 0.015588906736082233
715 0.06982976031094369
734 0.0026004641490342062
783 0.014958302444791214
810 0.0047527205455091025
816 0.0029313240383547386
886 0.023453642691968833
976 0.007251169989614353
987 0.09803024043651712
1057 0.022655877789772846
1068 0.002432430262969655
1082 0.016080670355517003
1159 0.009563925896245572
1206 0.005847520671168381
1281 0.005759968929603266
1478 0.0018727305300142872
1615 0.005315508344837216
1769 0.001552886022066306
1848 0.0037100236555304878
2010 0.0036992543560949854
2073 0.005915654907912632
2123 0.004247977085582408
2166 0.02711474735478133
2174 0.004571813903765821
2312 0.019308986752647313
2336 0.004175577008798026
2447 0.022555630542915442
2498 0.06371965628373613
2609 0.011378510050667165
2726 0.006603597713913916
2730 0.03832761280224729
2782 0.0029897785939582934
2859 0.010519005208004467
2897 0.023932265270886807
2901 0.031098338071338785
2939 0.005267271440935767
3005 0.034443057450668176
3038 0.0031044899529225883
3066 0.001637756934559177
3093 0.02187799357381498
3303 0.008648236984613757
3311 0.0037537352744469
3432 0.002392103473814589
3503 0.0011963324343344027
3573 0.04764086451120458
3577 0.0039887108784811345
3632 0.0063799405540661954
3660 0.004117586835782626
3666 0.022357774134644254
3852 0.013172021970798167
3933 0.011353168157458552
3962 0.0021459324989170883
4007 0.005215069794951378
4084 0.01968174711466753
4099 0.02697128308306291
4160 0.003501080015589897
4253 0.015801814322807303
4314 0.03016315090354373
4318 0.002396602022895576
4415 0.014861727413116298
4416 0.010499927628521326
4446 0.002735638830632181
4447 0.0015723542574641858
4503 0.008610764362667044
4509 0.049490995171833876
4512 0.007824968731318705
4566 0.009936788504286335
4639 0.06904752408515624
4650 0.01452299858318772
4805 0.006748194300738491
4838 0.0030010224306830776
4851 0.054812607555902046
4883 0.009104367627262163
4969 0.0030931871982396173
4999 0.007332999584234945
5005 0.006308876859775854
5035 0.010686734806496626
5171 0.0006115863830472574
5369 0.03071509078521185
5585 0.003273970778868908
5704 0.007551959263257615
5780 0.021972295270253836
5906 0.0041209155236046
5992 0.0012298124252590808
6048 0.00931061543758849
6206 0.018950083653155723
6228 0.006178196500103458
6559 0.020891690584831518
6563 0.03082478753801618
6618 0.01464819684683589
6741 0.00723465256550254
6953 0.011009875815764342
7008 0.020977664620160045
7103 0.021418371860079367
7104 0.018205616081067463
7123 0.015979851105639153
7243 0.0029985720604111116
7279 0.009859908129011392
7355 0.020891690584831518
7366 0.007220357652548004
7569 0.0037317514661046047
7651 0.009821912336606724
7671 0.0017415690135629963
7693 0.0038764809906455433
7733 0.0069543963201894815
7789 0.006560582371555843
7890 0.002413623344080914
8080 0.007086158054716363
8193 0.006493722933374382
8201 0.0070284531845639505
8233 0.016080670355517003
8241 0.08219943343470981
8243 0.034443057450668176
8259 0.03082478753801618
8395 0.0033165728709817115
8453 0.017699904523260035
8537 0.024873027408197492
8597 0.011827314391412738
8712 0.018672426749812784
8945 0.008684109885347343
8956 0.006594531051356909
9175 0.009268313641270709
9187 0.03515567243240614
9231 0.03398381668465927
9668 0.0041902543984120464
10006 0.017279906788809796
10026 0.006164957507603236
10077 0.017048737467220368
10080 0.015929914070934033
10179 0.020721839441865408
10188 0.0038588739611649433
10387 0.015830970505276053
10585 0.004859459011152421
10599 0.006963896861610506
10619 0.005720763794941466
10697 0.005343367403248313
10704 0.009162357229983577
10913 0.03052438624370593
11083 0.005175200510354203
11131 0.011994288241644446
11154 0.008196524701466791
11208 0.046341568206353545
11287 0.010731731584629242
11334 0.0012938001275885507
11585 0.0022124880654075044
11870 0.012137077387378311
11901 0.001839614760988412
12344 0.010532174592353078
12586 0.02998572060411112
12762 0.007370572596622144
12931 0.0025941844797449823
13089 0.0033252266814735093
13228 0.028391251679751747
13279 0.025717354161924253
13330 0.02296203830044545
13340 0.017823680079366747
13345 0.0007893422890521663
13433 0.012382984950709513
13704 0.014906633006294526
13999 0.020721839441865408
14055 0.0028509913326056433
14252 0.011429534759414552
14315 0.01264906328213124
14317 0.04764086451120458
14349 0.0061863743964792346
14417 0.01268052861367883
14473 0.006510309709704841
14637 0.03052438624370593
14860 0.0262761469211283
14862 0.0014892119493715716
14975 0.00033534454987822445
15048 0.029810365512859004
15348 0.004646829993344476
15686 0.014505782370831144
15763 0.004892104129269568
16023 0.002349111752395802
16158 0.014628712729905985
16606 0.0007571027035049591
16841 0.0039980960805481485
17114 0.001179090233694608
17148 0.0467667202082467
17402 0.007040845998202886
17620 0.0015772192149439636
17691 0.011165511656719963
17792 0.009803024043651713
17795 0.011647692996821227
17829 0.005939937976979758
17988 0.020069183081491693
18074 0.007551959263257615
18266 0.0008470010314665878
18333 0.032060204419489875
18338 0.019606048087303426
18377 0.011378510050667165
18499 0.001355148455117684
18585 0.006932482337867092
18742 0.025487862513494452
18834 0.022456266531713173
18845 0.029558015447412777
18929 0.03977391940389184
18964 0.0015880288170401528
18979 0.009728191799043683
19139 0.01757783621620307
19180 0.012433103665119244
19211 0.004773007961328549
19304 0.011638293385157282
19311 0.013414664480786553
19312 0.009086582001245793
19433 0.0029792942739327232
19484 0.008053037129066177
19516 0.008208651373106102
19649 0.00976546456455726
19669 0.03467736396393803
19670 0.021599883486012245
19907 0.0014984046157257172
20139 0.001474992043605003
20385 0.010445845292415759
20560 0.006224142249937594
20573 0.0031373829555232753
20671 0.0010480206625614495
20897 0.02946573700982017
21068 0.00995619629433377
21107 0.0010034591540745846
21290 0.012166044159185896
21544 0.009234732794744367
22371 0.0010110039253419854
22512 0.011481019150222725
22589 0.004831822277439706
22594 0.005244416155040011
23025 0.004646829993344476
23051 0.00384142615124257
23141 0.0003786919621646899
23267 0.002824139890691906
23353 0.007529649191578863
23549 0.018604279206930256
23691 0.013473335386071213
23694 0.011327938894886423
23700 0.014417558351132807
23701 0.03438414365059535
23704 0.05997144120822224
23876 0.050471014878206835
23891 0.003979369635206003
23908 0.0022595622795651108
24136 0.03589839790633021
24171 0.004413482686319386
24237 0.06371965628373613
24366 0.0031681619034797325
24367 0.007011791613065874
24375 0.004417307194713076
24440 0.003912181506292318
24540 0.013740087608352804
24685 0.008439689574004785
24889 0.0016182769849837745
24919 0.003151128335394133
25008 0.0012142859701521891
25337 0.011130070966591462
25341 0.019236122651693926
25342 0.035647360158733495
25503 0.003734485349962557
25656 0.0031505392476507354
25838 0.0033714103853828637
26033 0.019834912461863384
26134 0.010980840344331465
26147 0.05997144120822224
26199 0.005397711388770813
26258 0.00456771729632517
26412 0.006254690187360601
26628 0.02296203830044545
26667 0.008384165300491596
26699 0.002330851624462227
26888 0.0079032131824789
27150 0.030342693468445772
27359 0.00039418284122323617
27408 0.009387794664270517
27535 0.002193447720610538
27919 0.009809926224669493
28193 0.009917456230931692
28319 0.004827246688161828
28342 0.01710594799563386
28521 0.004436529593297554
28527 0.004068294096327925
28633 0.03375875829601914
28756 0.0011857490907271717
28819 0.020806418378362817
28873 0.004394459054050767
29000 0.03581303116450013
29073 0.00607577175530261
29084 0.0032551548548524203
29123 0.000778968903224158
29323 0.0062089799058451765
29926 0.0020148507915805887
30263 0.009006311842224187
30283 0.005583321470645005
30285 0.006769684598537702
30298 0.014690410670601988
30322 0.0031979752212665555
30326 0.007313590391246614
30328 0.023065938926239322
30527 0.00279047543182817
30534 0.004258623644694143
30801 0.008091384924918872
31056 0.03267674681217237
31061 0.002180313303121852
31067 0.0036750176793323777
31378 0.01814082741173982
31469 0.011772684763738776
31488 0.02187799357381498
31535 0.017221528725334088
31571 0.002304508364692084
31672 0.004471554826928851
31856 0.00868263639028986
32055 0.004467635848114715
32078 0.005082325526120528
32089 0.07496430151027779
32463 0.005092480022676214
32492 0.0017828838071977959
33143 0.013557373677390665
33258 0.01385383709573761
33550 0.012079555693599267
33778 0.01033990365659004
34027 0.0004568536030380794
34308 0.013070698724868948
34416 0.021239885427912043
34419 0.04784819766159736
34995 0.0014477627102240528
35071 0.0018076498236520887
35088 0.12743931256747226
35510 0.007485422177237724
35569 0.0038327612802247298
35640 0.0018160215542211934
35904 0.012494050251712966
35911 0.004087830039927494
36136 0.006938055072865379
36875 0.004212869836941232
36946 0.017221528725334088
37101 0.0056304359455476545
37141 0.0016784894641748073
37159 0.008275280036848848
39276 0.008015051104872469
40031 0.009709661909902648
46296 0.009330746497994086
46712 0.01019514500539778
46713 0.010731731584629242
46746 0.01660447069283026
47132 0.0029585446910614568
47319 0.026549856784890052
47402 0.01280797111230877
47836 0.02275702010133433
47931 0.016496998390611296
48389 0.005469498393453745
48548 0.02275702010133433
48964 0.019376762027414136
49521 0.0012286267781872475
49801 0.059274098868591744
49986 0.019382404953227718
50097 0.00516995182829502
50253 0.005266087296176539
50255 0.00450713749133412
50626 0.029128985729707943
50645 0.0023567140558016135
50758 0.03539980904652007
50960 0.017699904523260035
50989 0.003821268742652841
51086 0.017699904523260035
51144 0.0459240766008909
51279 0.015494141345589331
51295 0.008156116004318224
51746 0.04110945566692653
52144 0.009618061325846963
52648 0.0038443231543732206
52884 0.01452299858318772
53166 0.004978098147166885
53352 0.013703151888975511
53709 0.005017295770372923
53742 0.0015470629750224249
53846 0.0017155516817023515
54005 0.001452299858318772
54438 0.03384682553193933
54486 0.04045692462459436
54620 0.014042899456470772
54690 0.004107632959467276
54768 0.024958781149130468
54913 0.021508744737126117
54924 0.003912181506292318
55005 0.02863804776797129
55110 0.017338681981969015
55187 0.023599872697680047
55699 0.018672426749812784
55701 0.02275702010133433
55823 0.054812607555902046
55878 0.007324098423417945
55962 0.016080670355517003
56018 0.007551959263257615
56042 0.018076498236520886
56223 0.00934084470848975
56278 0.003056098622721157
56565 0.0006348950682150816
56626 0.0010882836517335244
56721 0.017566220519771004
56884 0.005805891233142244
56944 0.004479413447011327
57178 0.004795458610252954
57188 0.001995491195027149
57189 0.002777968666320921
57438 0.0020333356612281172
57447 0.010892248937390792
57537 0.010277363916731633
57635 0.021183818408991178
57715 0.009119092133629499
57811 0.003539982890979664
57859 0.009006311842224187
57871 0.012195149527987776
57894 0.0118824533862445
57901 0.005196302245360745
57987 0.011966132635443404
57989 0.017761576664456064
58075 0.013414664480786553
58094 0.031731398936193124
58179 0.0024519348257329918
58182 0.0004900098531864741
58183 0.002806809922160823
58353 0.0031534309501806833
58796 0.004499968983651997
58947 0.010154526897806554
58960 0.0046048532093034234
59016 0.00698297603109437
59116 0.0016266378648029647
59200 0.008182299362277512
59207 0.009143442988496191
59958 0.08639953394404898
60117 0.031158630002326822
60248 0.004010660088589466
60413 0.0007409262358573968
60453 0.012050998824347257
61768 0.013104299492799202
62109 0.005062137539919454
62228 0.007031134486481227
62252 0.008221891133385307
62510 0.0101540476595818
62820 0.009022252217166177
62846 0.009510396460259123
62875 0.0025012622682526447
62988 0.002624908600771828
63164 0.008053037129066177
63602 0.0010553980336850705
63634 0.0007285368733312691
63776 0.001532643566656311
63820 0.001363864616951471
63831 0.010398723506800638
64102 0.0041817657938465055
64144 0.018336591736326943
64630 0.020554727833463265
64663 0.00525522938422566
65161 0.0030234712352899705
65242 0.003393856526430686
65417 0.013927793723221012
65474 0.0021319834808443705
65496 0.006046942470579941
65688 0.05727609553594258
65807 0.0037673245354188263
65815 0.020554727833463265
65817 0.020069183081491693
65818 0.021418371860079367
65819 0.020721839441865408
66106 0.003981061121146001
66207 0.016713352467865213
66214 0.006348160028267609
66235 0.08566414449711388
66246 0.006371965628373613
66708 0.007758862256771522
67101 0.0037676071712482557
67509 0.009492686224765158
67523 0.007345205335300994
67641 0.051682278506853474
67956 0.0038356452240021744
67966 0.005222922646207879
67978 0.0032551548548524203
68077 0.004452028386636585
68275 0.013699905572451635
68313 0.002901293399373301
68341 0.0035738884102047746
68537 0.0028541839320822453
68661 0.002934699195566431
68922 0.006412040883897975
69456 0.008283052313478437
69625 0.004746343112382579
69646 0.0065437387711153915
69678 0.004010678601651369
69757 0.017401089739202683
70190 0.005326617035213052
70565 0.009528172902240917
70932 0.01503648172586155
70998 0.008275280036848848
71221 0.0003093938154102264
71386 0.019990480402740745
71540 0.0034771981600947408
71614 0.0016963635616302462
71686 0.034914880155471846
71726 0.01968174711466753
71825 0.0032161340711034008
72062 0.0011574869443003837
72299 0.010869024526010426
72326 0.010236089362849176
72356 0.023709639547436698
72741 0.007540787725885932
72761 0.0008166279222863592
72765 0.01268052861367883
73046 0.05859278738734356
73224 0.02929639369367178
73259 0.040143909351835025
73290 0.004531175557954569
73341 0.009975680044420529
73581 0.005360223451839001
73658 0.0035277318357777787
73825 0.014199366302782424
74137 0.007642537485305682
74415 0.016496998390611296
74459 0.0067219162855487
74636 0.0018747968012868298
74799 0.0017820803425854645
74837 0.0018886893303812116
74936 0.015131298863565124
74990 0.0017315123990145685
75014 0.00203577176625355
75248 0.019990480402740745
75322 0.0010862076502661175
75344 0.002256829038699475
75560 0.012372748792958469
75650 0.03398381668465927
75712 0.025487862513494452
75806 0.007017024805402058
75836 0.05997144120822224
75977 0.021784497874781584
76059 0.015636725468401502
76071 0.004226709358787723
76354 0.025876002551771013
76466 0.0036204350161213707
76948 0.014440715305096007
77110 0.028451671001437615
77122 0.03332409463569317
77127 0.0026303263687816767
77200 0.008322989884903115
77433 0.0026450936287601996
77484 0.013172021970798167
77602 0.01160072649280179
78008 0.004853824090989357
78058 0.0005668624574258448
79043 0.01544718940211785
79145 0.005899968174420012
79688 0.028163383992811545
79766 0.03921209617460685
79886 0.028478058674295478
79918 0.00023398386590924863
79937 0.01234279056343557
79956 0.000988284703896644
79990 0.0159536793172727
80378 0.014120699453459529
80633 0.003597440016018977
81332 0.0006542059166708021
81376 0.01011423115614859
81522 0.025634291937131053
81526 0.03699032239484484
81537 0.005682912489073456
81860 0.0009700423411415585
81909 0.0008998089239246819
82101 0.006395950442533111
82111 0.004360626606243704
82198 0.045111261085830884
82385 0.030342693468445772
82538 0.01410284397164139
82579 0.009336213374906392
82738 0.014753744462640224
82788 0.0023943506353681964
82790 0.0066897276938305645
82919 0.011380668400575047
82976 0.037482150755138895
82989 0.05137464589669363
83115 0.02296203830044545
83188 0.015588906736082233
83276 0.008275280036848848
83308 0.004212869836941232
83517 0.008156116004318224
83519 0.0175174312807522
83773 0.007754663531576397
83817 0.0025706484612405267
83901 0.027704198384233096
83980 0.0087587156403761
84119 0.009803024043651713
84138 0.011057641003685227
84190 0.0118824533862445
84335 0.00289726099719521
84339 0.3953110084579495
84856 0.002787081740130612
85093 0.0031235125629282415
85415 0.0012175117097819905
85837 0.048762375766353276
85934 0.002097766462016004
85951 0.00509757250269889
86098 0.06620224029479078
86320 0.04394459054050767
86746 0.004978098147166885
87028 0.003633337493014177
87178 0.017699904523260035
87260 0.017163543780130942
88531 0.012872657835098208
88909 0.0707227239452917
89896 0.007577647507150597
90826 0.035665043432415416
91170 0.003718630120915351
91564 0.004827246688161828
92012 0.02755444596053454
92168 0.005201604594590704
92604 0.05422949470956266
92702 0.013070698724868948
92844 0.04319976697202449
92861 0.0022289341944463884
93115 0.0010289811269073254
93213 0.025487862513494452
93346 0.004850211705707793
93439 0.007952531205458488
93643 0.004631094500666902
93956 0.002552022622899033
94018 0.005969054452809004
95406 0.003510724864117693
95415 0.014818524717147936
95477 0.010676475345848846
95752 0.04719974539536009
95784 0.02879984464801633
96133 0.10403209189181407
96183 0.00043006601726979584
96244 0.0097635073649825
96698 0.013104299492799202
96912 0.00509757250269889
96947 0.06371965628373613
97229 0.054812607555902046
97309 0.024381187883176638
97916 0.010236089362849176
98363 0.016443782266770613
98469 0.022357774134644254
98471 0.0262761469211283
98741 0.012586598772096025
98766 0.013379455387661129
98793 0.041443678883730815
99191 0.036673183472653886
99672 0.010445845292415759
99870 0.028008640124719177
99901 0.017761576664456064
99929 0.023326866244985218
100119 0.02014850791580589
100142 0.13414664480786553
100476 0.042102148832412346
100605 0.016443782266770613
100635 0.022655877789772846
101091 0.026141397449737896
101522 0.006163932893227194
101567 0.041443678883730815
101833 0.006068538693689156
102600 0.0015959838768625203
102624 0.007619689839609701
103109 0.09803024043651712
103116 0.13414664480786553
103312 0.024519717359785597
103526 0.03438621717388259
103584 0.020554727833463265
103591 0.007441711682772102
103676 0.003884311660956134
103829 0.024159111387198534
104094 0.00787878284806629
104172 0.06796763336931853
104368 0.013485641541531455
104514 0.005072211445471532
104919 0.016234307333435956
104961 0.007334636694530777
105130 0.0008537033146038111
105226 0.06238106932610344
105382 0.016572627409523394
105419 0.008117153666717978
106074 0.007806389743796157
106247 0.06483532300933663
106283 0.02996854343973795
106522 0.009492686224765158
106541 0.0012521507592316626
106783 0.01313807346056415
107586 0.04571721494248095
107620 0.023599872697680047
107809 0.004258623644694143
107980 0.005077263448903277
108586 0.013240448058958156
108588 0.010449080521361417
108620 0.04045692462459436
108723 0.024159111387198534
109996 0.00728964570155788
110207 0.021599883486012245
111009 0.009300582446815227
111177 0.015929914070934033
111596 0.01544718940211785
111644 0.024745497585916938
112018 0.006231751225793264
112072 0.0012551235091455054
112109 0.006209309719888151
112229 0.027855587446442023
112351 0.006564656513000631
112455 0.0038190002259489075
112594 0.00699255487338668
112698 0.013593526673863706
112908 0.004151117673207565
112915 0.012617753719551709
112956 0.010709185930039684
112974 0.06010015896932889
112995 0.01338207757820701
113016 0.012418619439776303
113213 0.008567348744031748
113222 0.008524368733610184
113634 0.019236122651693926
114045 0.003990914868303862
114055 0.03353666120196638
114140 0.024159111387198534
114403 0.0005364164394434139
114430 0.004969080277201867
114552 0.0007426984376937339
114566 0.0014199366302782425
114573 0.010034591540745846
114580 0.003000336964507881
114783 0.004503155921112094
114884 0.011225423186296478
114980 0.005481260755590204
115064 0.01084289008874941
115114 0.008713799149912632
115149 0.06538591295942826
115220 0.007189806068686728
115494 0.007723594701058925
115648 0.021418371860079367
115768 0.0006891405303094349
115776 0.01814082741173982
115825 0.0052934293901338424
115857 0.01939537193403265
116367 0.011664925635466568
116431 0.03941068726321703
116432 0.004195532924032008
116522 0.004360626606243704
116684 0.002934699195566431
116750 0.0022879589329887298
116784 0.0016157123621866531
116850 0.017869442051023872
117548 0.022067413431596926
118183 0.012494050251712966
118211 0.010035977337958756
118280 0.029457134848616142
118303 0.03977391940389184
118459 0.03353666120196638
118584 0.04212869836941231
118652 0.011772684763738776
118796 0.0031603053333533106
118985 0.020806418378362817
119056 0.009326790145196637
119218 0.003641123216213493
119494 0.0013013971158281569
120031 0.003353666120196638
120128 0.015830970505276053
120251 0.02536105722735766
120305 0.003939391424033145
121098 0.023491117523958018
121164 0.019606048087303426
121194 0.05604506825093851
121334 0.026141397449737896
121450 0.018012623684448375
121532 0.014905182756429502
121661 0.021691797883825064
122413 0.017638659178888894
122621 0.0015280428933781662
122633 0.040143909351835025
122635 0.01710594799563386
122950 0.022859069518829104
123260 0.010445845292415759
123370 0.008425739673882464
123376 0.015037087028610296
124135 0.032060204419489875
124141 0.0017460935688133786
125285 0.017949198953165105
126122 0.021599883486012245
126651 0.03146649693024006
126878 0.0013492780578874776
127223 0.004706899817819843
127252 0.004896803556867329
127542 0.0019463812534169112
127548 0.011179974754720894
128182 0.038359735602864584
128418 0.012122107458770407
128638 0.016658733668950623
129002 0.005504937907882171
129019 0.0016713672561279108
129021 0.002240852177742049
129333 0.029810365512859004
130364 0.0010019198186796946
130624 0.019308986752647313
130635 0.05831716561246304
131014 0.007070142167404841
131033 0.009709661909902648
131157 0.009457462899255826
