129 0.010733421609826509
181 0.005712118704941292
243 0.0021560245003059775
245 0.0024138066279518517
247 0.0036864944648753164
338 0.008968801767487006
808 0.006681253451509984
1272 0.0017116625134841353
1319 0.01014729619768581
1351 0.007780515799990088
1437 0.002693077704639441
2287 0.001776079919905581
2421 0.011940392714545953
2526 0.0016849859937217019
2735 0.004486625421206406
2747 0.00789683342874354
2882 0.002600050534256181
3003 0.14479244202582103
3019 0.003116636096745783
3064 0.002922492727195116
3337 0.002056125716405216
3881 0.007460872737570746
3894 0.009379046643286886
4107 0.004109409517514779
4710 0.025089939121704156
4871 0.012311212364066015
4902 0.020225563169537025
4925 0.0075749242953425285
4972 0.018351486663779584
5008 0.0011962010806364687
5050 0.010234622326753675
5129 0.012336754298431297
5195 0.021389624359150667
6040 0.008398750807689103
7369 0.012518559098618705
8063 0.03477377527394085
8103 0.1418026400730588
8171 0.006187633269348476
8212 0.006696301319644015
8306 0.004061690964374239
8432 0.021389624359150667
8439 0.01002751361187839
8454 0.007584586188576384
8479 0.009690074538197473
8485 0.010190270693509286
8530 0.003831388899383947
8531 0.003231693245567329
8548 0.013607129455020333
8629 0.012110622345914226
8664 0.07294208509796274
8672 0.03162933814810577
8691 0.019496116628996345
8743 0.005342601591953176
8745 0.00569570457073169
8772 0.01035943479415311
8825 0.015286158282375025
8843 0.014791829780706181
8883 0.005526315587215507
8910 0.0028141578664665806
8945 0.010130009492067948
8992 0.013362506903019968
8994 0.017697367773344897
9872 0.01026997508090481
9922 0.010377514086987583
9964 0.0010716012924569987
10815 0.027152125898830527
10961 0.020157001938453847
11032 0.0028823633406902015
11162 0.006123908930838193
11207 0.032852572220131965
11373 0.014828717136767793
11598 0.06463386491134658
11803 0.009498906664287356
11897 0.001952812995679437
12518 0.0035394735546689796
12534 0.047616306438021685
12687 0.019857963402736045
13552 0.010694812179575333
13599 0.00755567417006847
13649 0.005773121914411539
13716 0.059142231902228046
13755 0.005773121914411539
13900 0.005225233367173889
13923 0.004424341943336224
14303 0.01616452193182658
14414 0.006890284556018407
14461 0.0006452165334031993
14477 0.005812625192418265
14564 0.024370145786245433
14664 0.009828620779907248
14665 0.006788031474707632
14731 0.007828917142447258
14777 0.014663937639682862
14939 0.014646097467595777
14954 0.0016577406110521008
15373 0.03249352771499391
15686 0.009993807683771236
15757 0.013422834247954594
15848 0.017489163446599662
15849 0.00832753303985705
16841 0.004663776919093243
16942 0.011984509559569647
17004 0.0014975438710675552
17114 0.0008123381928748477
17265 0.0067802914160135525
18266 0.0009880262458476128
18373 0.004023217572289503
18541 0.02194212388134275
18565 0.01544497551128282
18844 0.02585354596453863
19288 0.010182047212061446
19616 0.0011238547669332611
19627 0.0075749242953425285
19802 0.006788031474707632
19972 0.005717611126772967
20029 0.006962898796070123
20043 0.004164086534904681
20162 0.014328471257455146
20163 0.01139140914146338
20593 0.004616704636524756
21348 0.008744581723299831
21644 0.015286158282375025
21715 0.02086426516436451
21797 0.003541581638977895
22319 0.01056183938160548
22797 0.008123381928748478
22939 0.0056848141222216875
23284 0.010991341167918457
23304 0.002442018715336298
23369 0.005881617776304535
23795 0.026428069208195046
24608 0.004746811619607343
24852 0.03917504842485282
24935 0.0017566663432330531
25093 0.02563067056829261
26011 0.023503223604126027
26163 0.012336754298431297
27010 0.025553267627378615
27715 0.02131295903886697
27722 0.014090795193942858
27927 0.0145386688798139
28559 0.008973250842412812
28874 0.016609820033083478
30207 0.04045112633907405
30661 0.009504125464521408
31048 0.014940491386542425
31222 0.01899781332857471
31567 0.01087077801068352
31658 0.02498451920942809
32034 0.003217637406579474
32267 0.004652829085949832
32651 0.018937310738356323
32873 0.013332546125210506
33925 0.018019138096496624
34211 0.0007630329233727556
35891 0.0075079742068735935
35958 0.02346850220323351
36418 0.042883199076873255
36438 0.006073866774099985
36798 0.02498451920942809
36890 0.01026997508090481
36903 0.014940491386542425
36975 0.011501577508402099
39253 0.027069438029002427
49018 0.019821051906146286
49504 0.005620336079247529
49823 0.015169172377152767
50111 0.017336197002460307
50301 0.0026229887833453397
51058 0.0033127106249826663
51107 0.0026749057903031424
51484 0.005355312470844241
51771 0.014363081091410351
53180 0.02086426516436451
53300 0.0041816565202840265
53747 0.0034814493980350617
55548 0.020646929068902378
55888 0.004834402903938119
56344 0.002725167539800131
56563 0.0018889185425171174
56626 0.0012694822921027586
57157 0.007517465956819072
57650 0.01159125842464695
57751 0.018699105571836117
58323 0.025303470518484618
58390 0.0021929835428419024
60675 0.03249352771499391
61187 0.026607699214008778
61623 0.0043089243274231056
61642 0.0009244893612941363
61935 0.1459128615244518
62105 0.03389894762689284
62106 0.010831175904997969
62109 0.005904980706895616
62110 0.008680752659626109
62129 0.030416880499054905
62131 0.024662076939466638
62136 0.008680752659626109
62137 0.004971835762411276
62139 0.011659442297733108
62140 0.009148177802836747
62142 0.009095489017033614
62143 0.006346121207944382
62144 0.009903976929658824
62145 0.01056183938160548
62146 0.01115631439370335
62148 0.00543538900534176
62149 0.02542421072016963
62177 0.007172877649992623
62222 0.014718602900603677
62249 0.0080682707894761
62252 0.009590831567490138
62396 0.039321356125344764
62472 0.009262173787918824
62518 0.006359695798763514
62572 0.03505340149261269
62883 0.004753249857589037
63329 0.015485196801676784
63755 0.0028336581607619404
63991 0.0014496137425265444
64292 0.033978946124822204
64380 0.0069062898627687405
64439 0.011501577508402099
64753 0.013109358652587465
65064 0.004779996440388975
65156 0.01016464200315194
65686 0.04504784524124156
66101 0.04504784524124156
66117 0.008890763984041644
66941 0.004882032489198592
67269 0.07078947109337959
67611 0.005367316529621556
67695 0.041093826306886426
68590 0.003940566979353138
68857 0.004896138627580826
69527 0.010580632690113674
69682 0.013302719400098178
71618 0.010890687860519936
71787 0.0004996064167235662
72059 0.003215962991803075
72232 0.0077124715588117836
72886 0.0210117158015685
73018 0.0068664152099813915
73336 0.008630356417770517
74298 0.012926772982269316
74359 0.005034983549402104
74674 0.011457255437078777
74696 0.09148177802836747
74946 0.011751611802063014
75139 0.006673754850554305
75227 0.002185341996267507
75415 0.012544969560852078
75861 0.019887343049645102
75939 0.0022523268759572163
75945 0.001957609847401745
76113 0.0012479151252557997
76284 0.03231693245567329
76300 0.024673508596862594
77482 0.023745253408460315
77486 0.017122427627869342
77972 0.0017468612138201779
79685 0.04045112633907405
80214 0.0075749242953425285
80445 0.009364276491092732
80466 0.01654215489601993
81399 0.007792559942095337
81518 0.0667326787773803
81535 0.010010632275831457
81549 0.00659716891686509
81551 0.008494901927413286
82808 0.08389989537655979
83191 0.003965335740522716
83717 0.015607127485154554
83817 0.0012566178300599925
84055 0.018937310738356323
86410 0.0024310366197235838
86584 0.0011189139192250694
87655 0.027152125898830527
88358 0.044709139637923945
89399 0.020974973844139946
89631 0.030809925242714434
89953 0.010413862647712584
93380 0.008901670017730368
93455 0.010395656594132666
93498 0.00425648931413306
93734 0.0021867913651579442
94112 0.018409645733262803
94430 0.01763220218071309
94524 0.0069874448552807115
95342 0.02619522278345324
96183 0.0005016717769209386
97930 0.0013120731623662589
98673 0.014646097467595777
99957 0.0498415220058771
103702 0.011964417649585283
103760 0.003251129344911911
103881 0.01962480386747157
104084 0.010752831052158924
105682 0.013011631448236072
105962 0.027529238758536505
106541 0.0004422696594900622
107472 0.012518559098618705
107802 0.02631113084886675
108034 0.03258248364138244
112650 0.0021019143060600513
112768 0.03136444686974198
114296 0.0062224891503010965
114350 0.005360657090491296
114351 0.005855298600930827
114405 0.0009404060755825868
114540 0.002601547143459218
114568 0.00025519586954241035
114594 0.0005022650200053961
114841 0.002406440943684292
114933 0.05609731671550835
114992 0.016158466227836645
115026 0.031672616577081515
116024 0.0023503223604126027
116153 0.02988098277308485
116917 0.047616306438021685
117622 0.008201814581853635
118015 0.012851710536941417
120828 0.001242958940602819
121085 0.006470419555869298
121375 0.0009464134285920556
122237 0.011093872335529636
122873 0.03560668007092147
124088 0.013764619379268253
124128 0.0005693523144239645
124577 0.013576062949415263
124648 0.0071902243915887365
126117 0.017941432621694106
126654 0.030970393603353567
126932 0.034978326893199324
127063 0.008009536551461555
127208 0.009244077731941669
127238 0.006030454449014222
128211 0.00026250162812710995
130028 0.015325555597535788
130173 0.03290191975551364
130949 0.017235697309692422
131023 0.028683724915063172
131282 0.023977078918725345
131341 0.029782842318305768
131480 0.014432804786028847
