175 0.006720256081569027
426 0.0027062244714992577
435 0.021895816178493992
634 0.005817728936314829
649 0.00904106523886764
748 0.00422847573671759
851 0.003765696966282582
1567 0.003048784531182708
1758 0.0044287710003848325
1911 0.03810980663978385
1912 0.004127038690257607
1913 0.003525380239511621
2281 0.00683467587864455
2284 0.02406819470131645
2333 0.038834357396448436
2615 0.005648545449423873
2618 0.007125857336196271
2718 0.0013970648373749068
2785 0.003213100026193089
2855 0.003375195879532426
2911 0.010499516830984433
2939 0.005019709917718309
3117 0.001632244361367809
3378 0.0021068402551035156
3818 0.005601255301475208
3914 0.04997564138669551
4011 0.0019054903319891926
4217 0.002184022288388048
4575 0.030252317041204405
4606 0.007729588509737931
5067 0.027876617819841888
5516 0.020411354064697792
5633 0.007067311559959916
6014 0.006265712225895784
6571 0.0017819915504841222
6599 0.021975727916371708
6627 0.023789258670009802
6628 0.15160986712026173
6631 0.1887968674608497
6633 0.01820541221943908
6637 0.004660626739113175
6881 0.05961732127807771
7039 0.006338262577985103
7203 0.021127541926617012
7259 0.015061356314918374
7308 0.10373306697702117
7579 0.008933752891818766
8177 0.01238960791992973
8235 0.008305309584945996
8697 0.007749484490457977
8772 0.017761377775062516
8805 0.003569264640833342
8879 0.005077023144254509
9053 0.04152654792472999
9181 0.006265712225895784
9185 0.01745724459398268
9688 0.007922828222481379
9871 0.02119549031785007
9873 0.06371894276803679
9964 0.002589423722596129
10604 0.05740567784165249
10833 0.030615708236894548
11138 0.031691312889925514
11396 0.007518459323662156
12080 0.003558717168490454
12105 0.01680382705879856
12117 0.07343109084251034
12934 0.005047233402418984
13497 0.03694876593045765
13558 0.11182723847979217
13731 0.00886796678804985
13746 0.0043514042521406735
14245 0.01590488431027439
14644 0.012466562006388921
14940 0.032153887908947874
14941 0.08027583340855027
14975 0.0010336384143450298
15329 0.005332129101927764
15408 0.08028465932114465
15818 0.0316615864685897
16026 0.001892910861076972
17734 0.01671316531620637
18312 0.0026989464137543023
18397 0.019872440426025904
19180 0.024865928885087523
19336 0.0027295932644942128
20315 0.03584136576836814
20345 0.1187496879064952
21563 0.03396902674251751
22371 0.0007053238197359551
22464 0.04195111681105419
22600 0.002011647759054042
22749 0.012411240716523395
23141 0.0007573754433463997
23465 0.054811993778956375
23568 0.0075931266697173375
23585 0.04212729440677257
23590 0.0031273100745048727
23916 0.021581897666974367
24301 0.005064213161552438
25050 0.01893506116064732
25476 0.009850271345783463
25851 0.00683467587864455
25952 0.03720814176235725
27006 0.006169415419145337
27010 0.04266537904065114
27421 0.0593748439532476
27559 0.004568550416605348
30389 0.020621059757143314
30812 0.004831768171983832
31304 0.00329761950631955
31904 0.005627429391669017
32280 0.008721155554222313
32492 0.0012438234763655956
33428 0.02921212275898534
33453 0.015518941879087238
33734 0.012866131301465489
33735 0.013479092154489605
33780 0.002045551934768436
34249 0.00485201406050431
35071 0.0044810205490129484
35537 0.016594431729532625
35640 0.004501773405135916
35813 0.13414514266955113
35837 0.00791241714728758
35945 0.062075767516348954
36360 0.008920517702349404
36612 0.024881609293743175
36638 0.05047044971725685
36862 0.009743283898197166
36943 0.004335024801357702
39068 0.04300963892204177
40224 0.04817079559268679
46296 0.011021654965282037
47737 0.052216851025688085
49657 0.05201546348411166
50358 0.10893515472600444
50992 0.01645177445105423
51058 0.0033545122279029795
51414 0.00270138602090246
51455 0.01735259207229351
51586 0.018994793214781855
54146 0.003048784531182708
54215 0.007975297283557415
54407 0.07174583349981187
54604 0.008093211625115388
54625 0.0038573707313226957
55749 0.016633562014049304
56013 0.09439843373042485
56057 0.09573089354709481
56880 0.015337267487942938
56884 0.02330286426983585
56944 0.02028217667615239
57789 0.012372610246220734
58309 0.028319530119127453
58465 0.005585667392472958
58666 0.011737523292565007
60753 0.04895406056167357
61698 0.01645177445105423
62438 0.0017539613891890031
62471 0.012466562006388921
62725 0.0038869510760432225
62883 0.004813228976087808
63074 0.027772479007069265
63350 0.008601927784408355
63595 0.002769636197469678
65046 0.019605828544011317
65130 0.02529978760120104
65687 0.007583563537891497
66993 0.02931897435781094
67085 0.01893506116064732
67446 0.034645223541153555
67827 0.0037283897517559434
68245 0.03382780589374072
68290 0.006182083623291426
68301 0.00995264371749727
68542 0.0034329244293533913
68661 0.0034665224231927743
68689 0.007840298761830532
70559 0.0063480889432664285
70640 0.0077097944290471804
71194 0.01853641971433797
71195 0.006768333127057587
72117 0.02387595045172338
72281 0.030106747245429243
72375 0.03720814176235725
72501 0.00307055045848335
72787 0.029723121990920944
74936 0.008516760182582529
75169 0.015205427901731941
75358 0.02007116483028616
76114 0.0014355154664722452
76116 0.0021053058222250433
76182 0.0009856522260739643
76462 0.0152164639446058
77122 0.02324845347137393
77593 0.0018607383958856142
78405 0.009235198541542712
79425 0.03637648667515423
79722 0.007989836083766367
80490 0.005289442422861664
80494 0.0024466116733587433
80495 0.002955081403735039
80527 0.00429626247066409
80530 0.004577921348399589
80663 0.022467721824947193
81557 0.016866525067467362
81558 0.014978481216631463
81580 0.014978481216631463
81581 0.00910945453719493
81860 0.0024046580301078048
82281 0.015845656444962757
82331 0.015059129753154925
82493 0.0006398203643699764
83147 0.0016520873185684466
83157 0.0010496273903928637
83183 0.0018292440785087107
83309 0.007142763284799346
83514 0.029387158019108173
83724 0.018140624275597657
83784 0.06861289527353694
84699 0.002763629938434775
84702 0.0011558991885358145
86753 0.0700156912684401
88738 0.028810284445386834
90075 0.03290354890210846
90690 0.023490854476695584
91085 0.008663812156958056
91669 0.003541970264168146
92009 0.010619663931368338
92679 0.026294102397754794
92871 0.028137146958345082
93283 0.03810980663978385
93740 0.005107166623482483
94050 0.01465048527758114
94460 0.030258037432592203
94553 0.022636652064232512
96005 0.01631802018722452
96031 0.021276853176981796
96095 0.08987088729978877
97896 0.03195934433506547
97897 0.020621059757143314
97898 0.02106556020566239
98192 0.031858991794105014
98542 0.03787012232129464
98612 0.012866131301465489
98910 0.026618879485341734
99522 0.03219972967425587
99551 0.0700156912684401
100129 0.11806567547227154
100406 0.06178806571445991
100552 0.17078627757020431
100630 0.011028112544113275
100633 0.08091294319750703
101188 0.004082911831351976
101664 0.007124410092862253
102984 0.011899900097007605
103483 0.005868761646282503
103874 0.019054903319891923
104685 0.03530396126949858
105307 0.04596449961134235
105516 0.029465407060363828
105684 0.022982249805671175
106255 0.07665436723974349
106307 0.07782466292279301
108127 0.014167881056672584
108334 0.013175819363426364
109106 0.0074521651597597134
110800 0.08425645324699078
111573 0.009527451659945962
111741 0.04270460602188545
111859 0.06144234131720253
113586 0.01631802018722452
113868 0.007280954593816019
114423 0.0007338634307234428
114553 0.004671526043702964
114577 0.004141230707761932
114596 0.0038647942548689653
114599 0.12764119139612642
115469 0.009765355213492227
115695 0.020331571963252144
115731 0.03398343614295295
115786 0.016810873645046197
116363 0.04281290881868882
116719 0.12180106617409919
117596 0.002576529503245977
117817 0.028006276507376037
118257 0.0010320946388829605
118453 0.025875712799202755
118486 0.015479047426955907
118499 0.038183636115677475
118618 0.0011832087736462662
118848 0.011327812047650983
119014 0.002763629938434775
119040 0.09995128277339102
119493 0.007006894050093392
119494 0.0015372349882782357
121354 0.00599002987243589
122821 0.024881609293743175
122938 0.03432670317469995
123142 0.03589799592565452
123667 0.03738602943259324
124870 0.009292205939947297
124904 0.0037070981002801655
125303 0.006259199011523752
125450 0.0679668722859059
127331 0.013292162139262358
127334 0.009497396607390927
127546 0.04578368797650853
128583 0.039614141112406895
128630 0.027325804411232692
128921 0.01329208714848225
128922 0.0075740244642589286
128925 0.002235926271476364
129026 0.0037703516430790994
129045 0.0016542168816169912
129133 0.009618769087996562
129241 0.0578975908565947
130794 0.025732262602930978
130993 0.03063691308461817
