8 0.01695631750102301
13 0.0026748258142006466
277 0.003935391628419787
356 0.012494128684964323
774 0.007740123891649421
2802 0.0009730364982239543
3544 0.02329134187447209
4673 0.10720768484517774
4760 0.00421221575437327
5162 0.002879929142288137
5305 0.03046052030214547
5677 0.026272238973917075
5693 0.004820069949529384
7512 0.027995373478751882
8121 0.005426021600327364
8154 0.01003540764104775
8292 0.003087262638365546
8329 0.024709577919706394
8926 0.002881177486086268
9249 0.0048235678232228015
9653 0.013608391944931386
9776 0.011911964982797528
10310 0.051529212695295326
11451 0.03329627259898893
11764 0.02413359276999372
12415 0.005700580154717856
13306 0.00822633225297156
14544 0.002483885074888274
14975 0.0007403552488953527
15042 0.010071024940001545
15109 0.191085159192553
15211 0.010225963785232339
15252 0.007866125988640262
15479 0.0013984591753421038
16033 0.07242650144527624
16034 0.08388798153513413
16035 0.06556936825577456
16036 0.021864725198687564
17575 0.018829678358076547
18077 0.0038713932364837483
18744 0.011764383115754017
19144 0.0033401389248246334
19486 0.023240826784618952
19830 0.05069432494801016
20816 0.019155263574642707
23070 0.05726138561918951
23540 0.029541673157337866
25033 0.007998678136786253
26134 0.008456585827482214
26295 0.012337955090158366
26546 0.01553008518785285
26782 0.08155174013375549
27757 0.08804371286820407
27893 0.017537932613195303
28428 0.027811198579083766
28432 0.06165261293546002
28436 0.05759229480138677
28477 0.004923612192889644
30362 0.01597806841442553
31856 0.004338692206528081
32442 0.00822633225297156
32542 0.01970228336307397
33178 0.014640697049341456
35189 0.013741318850376381
35440 0.0076842502432381745
35778 0.007724186779998804
35791 0.013818869980043702
36830 0.024618060964448223
36965 0.00802762857536355
37412 0.009457260620553158
46307 0.014730549919447982
46403 0.003811282374083154
46506 0.019045491290547334
46970 0.008933973737098146
47342 0.0010813203937532164
47388 0.035169187932682054
47459 0.0006439032005068233
47523 0.03592906194811363
48677 0.006989354847950599
48823 0.0026004993976529813
48831 0.018671001293261293
48835 0.029354746190449844
48994 0.02057406581276751
49540 0.03380773900989431
49603 0.02396772615301782
50097 0.006741254016633894
50228 0.012660717067430514
50389 0.00929633071384758
51226 0.05275298778096048
51736 0.021304091219234038
52211 0.013622281856500362
54309 0.09774818324119147
55157 0.035096581783592186
55301 0.005356064835133779
56311 0.06516545549412765
57305 0.03642116549662866
57511 0.01877648717627407
57670 0.04584052731311048
59116 0.0012527094723710933
59252 0.031205992771835778
62158 0.010790383864287371
63634 0.0016084236299068538
64727 0.010369542059907989
64903 0.034071450525756615
65419 0.0016534518558211492
65766 0.045526551098637125
66178 0.027183913377918492
67272 0.0068383502679022845
67783 0.019549636648238295
67789 0.059854354024586776
67978 0.004244493269732453
68665 0.042336792741407774
69012 0.07108447309441067
69480 0.04491132743514203
69833 0.061442291716633526
70716 0.004291075829826353
70730 0.13254628785081146
71365 0.0344397744062229
72801 0.007159122225482353
73305 0.022380055422225657
74125 0.032423787611712294
76743 0.02915296693158342
76908 0.019378648572597724
78421 0.009586150032758312
78585 0.011304211667348673
79027 0.02607330209543247
79086 0.03022228061744887
81488 0.011323469268144839
81629 0.022009524703314635
81772 0.019960589971174236
81977 0.0021615858407808197
82207 0.018013215339840162
82300 0.004198911219457372
82482 0.002466373454694256
82788 0.0031220650354161677
82855 0.0050894919298629555
84481 0.014621820357501439
84914 0.06904380453041876
85382 0.005764853825152663
85761 0.006300356834503337
85843 0.008764906649889609
88348 0.0023721900286941544
88751 0.0032110514301454205
90072 0.01208027708797829
90238 0.028276734016226778
92700 0.0216425771893428
93643 0.0048719221378607175
95590 0.03066523198489988
95621 0.013428033253335395
95636 0.015750892086258343
95671 0.02284149986392103
97074 0.03300334351454034
98376 0.0428830739380711
99150 0.07662513921021978
100515 0.01305869638585662
101964 0.007826244880708107
104387 0.003480040031623571
107519 0.017445869974805826
107994 0.018978313892846977
108500 0.027241296968856642
110685 0.05147312406293864
111231 0.019155263574642707
111580 0.01661719115100255
113832 0.016913171654964428
114045 0.002180733746850728
114864 0.06904380453041876
115524 0.03195613682885106
115866 0.00552984730482614
116784 0.002106775423264983
118618 0.0013061262449206171
130022 0.06771464379153579
