129 0.009753054241737825
161 0.00783071311583008
535 0.019297114464009838
667 0.0036781429883749176
755 0.011885959364781687
1283 0.00643237148800328
1325 0.003428421351473829
1521 0.03752216701335246
1529 0.02279827869165719
1531 0.003566463399288947
1590 0.0013101823593411142
1671 0.04062550413475755
2157 0.0032906163519627004
2208 0.0196479710906282
2226 0.0029590317907572587
2233 0.028950630966299445
3187 0.0018709113746269927
3265 0.0019414991196272924
3309 0.11970369824608891
3361 0.0017229566485723069
3371 0.003173222124644684
3591 0.0037600501391250904
3811 0.02597688485539786
3863 0.008495584984155275
4220 0.014843934203084492
4261 0.0034836828174872694
4412 0.007291757152392381
4446 0.0017125806814335196
4512 0.004898632864843839
4543 0.006926820546122009
4678 0.003096385128895561
4974 0.004143552185523585
5042 0.0033622850341771962
5673 0.009299814199522813
5884 0.011496153297707989
6146 0.012957295083747612
6282 0.021833888747853518
6728 0.03178348264660444
6937 0.008028517161846589
7135 0.01552641393655964
7164 0.006674046635669058
7191 0.010156376033689388
7267 0.00696287635299324
7398 0.007365861018800824
7513 0.0043503961754611555
7903 0.004544316274115016
7912 0.016676518672601094
7913 0.06003546722136394
8155 0.017036125484824253
8353 0.001278559406039459
8531 0.0029365174184362796
8543 0.005059955412251451
8577 0.0168323739872983
8582 0.014218926447165143
8713 0.02785150541197296
8717 0.018892279894834805
8745 0.005175471312186547
9362 0.0015130753430195338
9788 0.0015812677933634048
10215 0.0011457150233084722
10296 0.0049799005068412484
11141 0.007109463223582572
11230 0.010865082405404541
11272 0.0035973315911602896
11584 0.014161608955651122
11687 0.00696287635299324
11688 0.015134991736478304
11952 0.016274674849164925
12462 0.005468817864294286
12541 0.00389840696242623
12644 0.001486844262499382
13026 0.00432959344559058
13600 0.014843934203084492
13977 0.0018447224479080761
14009 0.01943594262562142
14039 0.061399909658213125
14228 0.015220259295557056
14310 0.04481899301976968
14354 0.031765275643578554
14400 0.004360929822375104
14451 0.002647872470434334
14544 0.0020191300634987874
14975 0.0003554497763254229
15133 0.07301610878273992
15196 0.03351062045915979
15198 0.018187672734295474
15201 0.07718845785603935
15811 0.08216815386957774
15843 0.006410931594499385
15960 0.04062550413475755
16329 0.005082965239814444
16340 0.03001773361068197
16695 0.004929919753579155
16950 0.008799987051991457
17004 0.0013607614733527626
17039 0.009683139874413538
17150 0.0006049252183075184
17750 0.015845137976313064
17869 0.014682587092181398
17947 0.01414448180608051
18038 0.02318966545031225
18165 0.008495584984155275
18222 0.04502660041602295
18233 0.022144229712798176
18287 0.04911992772657049
18373 0.003655745635942324
18424 0.009753091029158448
18663 0.007631627189156433
18664 0.006557271905246061
18896 0.00350408072744182
19018 0.003663933099205634
19118 0.08312603153727315
19381 0.006470888682542221
19706 0.05145897190402624
19853 0.01292629677015013
19952 0.005044997245492768
20223 0.027015960249613773
20365 0.009683139874413538
21751 0.02889407513327676
21788 0.0012052625585373088
21819 0.003609346726735307
21824 0.03087538314241574
22177 0.0794587066165111
22641 0.04781585884887393
22644 0.03274661848438033
22647 0.027127285248807965
22804 0.005392407235451851
23099 0.03335303734520219
23631 0.012007093444272789
23783 0.0068830471973538275
23935 0.06282781453398552
24112 0.03052650875662573
24223 0.006927169294772762
24359 0.04002364481424263
24742 0.009546275706577305
24819 0.0024537656902464825
24921 0.001310471191140327
25008 0.0021792280574918113
25121 0.005723720391867325
25181 0.0045101770032744196
25199 0.03532200534884411
25202 0.046914868642823716
25277 0.002690832694184639
25355 0.032672854947680796
25366 0.0030001066351597752
25452 0.023337753534057714
25457 0.12007093444272789
25544 0.0024808044306348733
26904 0.012037372859874447
26969 0.00821958615035995
27120 0.01863217797423752
27154 0.013453528507868564
27269 0.00255108217654521
27457 0.017885181757100518
27532 0.005078106770457785
27573 0.00269485887776696
27610 0.03505133864119013
27616 0.0016869160318210288
27625 0.004087134682241115
27661 0.0024751223316183024
27685 0.002886320539488651
27690 0.0051361141158961544
27783 0.013210738508368593
28001 0.01902532411944632
28111 0.01593861961629131
28739 0.002517796854577239
28807 0.010272228231792309
29045 0.0014083127132621036
29103 0.02690705701573713
29144 0.024338702927579975
29180 0.0013370928111662347
30294 0.00471071669566064
30295 0.004889577437386758
30618 0.0017338234302754938
31369 0.007887871605726649
31539 0.03622749276038891
31597 0.052986940345802466
31742 0.02715171884383294
31796 0.00884319484439076
31916 0.004502660041602296
32399 0.024338702927579975
33046 0.007483645498507971
33084 0.0009509313709825333
33176 0.0044951680947776665
33279 0.012683549412964214
33759 0.004926440164432215
33780 0.0022751214353936055
33934 0.006629683496837736
34028 0.050973509904931644
34118 0.008186654621095083
34177 0.009665817620613157
34326 0.01876108350667623
34403 0.006494221213849465
34540 0.013854338589545524
35034 0.0055991627460339425
35778 0.003708436547647738
35876 0.0024207849686033846
36032 0.004298482139954459
39259 0.0018272546668659975
45386 0.018070876421146336
46581 0.01720761799338457
46940 0.0168323739872983
47544 0.03035501151641997
47552 0.02380260814943945
48281 0.034197418037485786
48354 0.1151214885783794
48401 0.011392776320486455
48416 0.011186733022614399
48919 0.0038158135945782165
49129 0.022144229712798176
49347 0.015349977414553281
49430 0.00292222393181328
49829 0.0028664148805956254
50051 0.004315648602174724
50129 0.008945682201858865
50346 0.018008660207383117
50843 0.07623666154458854
51253 0.0196479710906282
52666 0.004779727996525927
53246 0.0019324721208593542
53729 0.05790126193259889
53776 0.023492139347490237
53897 0.0047354882120269545
53908 0.013507980124806886
53953 0.03001773361068197
54029 0.01169872044162484
54397 0.0023886790671630216
54486 0.04288247658668853
54544 0.002624182637165009
54715 0.007707834593327753
54734 0.001331491387363912
54863 0.028859304054733827
54981 0.01876108350667623
55087 0.014563859972837614
55116 0.03254934969832985
55302 0.0027899967628394703
55413 0.017262594408698897
55582 0.004867740585515995
55836 0.003955484663193817
55985 0.010252736337614336
57297 0.018070876421146336
57441 0.01292629677015013
57684 0.003402513885341785
57775 0.028141625260014347
58157 0.017425522638763093
58366 0.02501477800890164
58389 0.010532538109011218
59171 0.011444452597889674
59506 0.03441523598676914
59649 0.018892279894834805
60879 0.013051188526383465
60907 0.037960163424691384
60983 0.030699954829106563
61067 0.011026922550862765
61999 0.010020152667415799
62543 0.002917490307733669
62712 0.03485930354788874
63110 0.013783653188578455
63426 0.036525798075859754
63781 0.01916025549617998
63782 0.013783653188578455
63931 0.0033243052576961973
64147 0.0031377421892698925
64225 0.02613828395814464
64296 0.0032568969559510275
64333 0.03376995031201722
64576 0.0015840492670544575
64578 0.0019058878482972681
64579 0.00125335004637503
64788 0.00463793309006245
64908 0.02789146154070312
64947 0.009950629926192918
65021 0.012594853263223205
65055 0.01837820425143794
65195 0.0033473836023968618
65389 0.011280150417375269
65395 0.0032277132914711793
65430 0.026616709605530812
65580 0.01597720783243927
65740 0.004461760569713257
65773 0.017683953774243373
65926 0.012743377476232911
65973 0.017486058413989498
65993 0.0037960163424691383
66289 0.0022992306595415977
66375 0.009541057918677796
66468 0.017261130915755894
66521 0.010615308546017199
66590 0.015078730364364001
66647 0.02756730637715691
66919 0.00680502777068357
67092 0.005021553949742337
67259 0.020239821649005806
67473 0.0038390261793330356
67494 0.022419884024575745
67626 0.004618071370696933
67881 0.013182131679179572
68250 0.0014571715344991246
68276 0.04001170442819521
68284 0.0017721193997778794
68313 0.0030752373647824445
68446 0.00885769188511927
68467 0.011619767849296246
68726 0.0032009431575371772
68748 0.06282781453398552
68867 0.006217712370451962
68876 0.006304774854052222
68907 0.001381184061841195
69111 0.006084675731894994
69427 0.047396421490550476
69859 0.02874038324426997
70025 0.011720590129984283
70345 0.016373309242190166
70838 0.014485769570838485
71076 0.009283835137324321
71440 0.01593861961629131
71787 0.0009527142693666383
72062 0.0012268828451232412
72611 0.054031920499227545
72614 0.03717772207869419
72638 0.003559415052650036
72642 0.0042245442141694714
72649 0.01147854377082889
72794 0.015745954191653398
72815 0.006043838982016504
73493 0.01916025549617998
73534 0.017373607877565127
73661 0.017542831330918034
73837 0.017599974103982913
73916 0.010615308546017199
74079 0.006525594263191732
74098 0.007175553851159036
74170 0.01603321083063132
74358 0.033757931311256914
74401 0.00811747949010703
74856 0.01825402719568498
75015 0.0031487133158058012
75101 0.03611654543635432
75183 0.005392407235451851
75384 0.03105282787311928
75409 0.02196419532488925
75533 0.013341214938080876
75534 0.07017132532367214
75592 0.03255658144252891
75593 0.003173222124644684
75594 0.010187527155178868
75686 0.11746069673745119
75695 0.0030605142331988472
75706 0.011901304074719725
75726 0.0020086215798969347
75916 0.11256650104005739
76182 0.0018561475256182237
76311 0.0035108460363370724
76467 0.0062609409616717895
76652 0.0010778360362901965
77939 0.02770867717909105
78137 0.06071002303283994
78742 0.013493214432670535
79268 0.004629984618614186
79385 0.01797021431695995
80243 0.0010602810145060352
80455 0.0010054320896767314
80538 0.0022779055859708072
81332 0.001455236811345191
81620 0.005205387331332133
81737 0.007442413291904621
82047 0.00885769188511927
82089 0.0059506520373598625
82099 0.004017243159793869
82357 0.01414448180608051
82451 0.0074016329450996635
82482 0.005906240555533368
82555 0.00261782560558273
82603 0.0062609409616717895
82630 0.009529582693073567
82632 0.00412863665687583
82634 0.003038325933361217
83157 0.0005562845722148415
83183 0.0006878665881505735
83293 0.0190574877882382
83343 0.020781507884318286
83503 0.002624816026389289
83773 0.0048546199909458715
83900 0.007401204295659297
83932 0.0016186914469510949
83977 0.09860178464349328
84068 0.008743029206994749
84322 0.025486754952465822
84414 0.01361005554136714
84436 0.011471745328923045
84756 0.008901469604485592
84910 0.004743803380090215
84993 0.03780330324525051
85047 0.05687570578866057
85093 0.007900494314202509
85249 0.02874038324426997
85445 0.0015367440415024899
85458 0.024121393080012297
85554 0.012957295083747612
85624 0.010451048452461809
85761 0.008671468611706753
85940 0.029525639617064232
86114 0.029206443513095974
86176 0.006386751832059993
86719 0.005165575573539918
86776 0.010233318276368853
86784 0.0054910488312223124
86805 0.005441281017042049
87004 0.0023792127036207636
87021 0.014786246239424877
87125 0.00973548117103199
88305 0.02467210981699888
88881 0.009479284298110097
88887 0.002466084915528414
89476 0.02232723987571386
89652 0.02279827869165719
89872 0.03452226183151179
90107 0.0206228704195525
90450 0.012895446419863376
90496 0.0515133562111652
90635 0.016755310229579896
90684 0.025625768586416315
90974 0.004068668712291231
92195 0.01429437403961035
92485 0.05613467937624619
92672 0.07401632945099663
92677 0.010099424392378981
92871 0.025248560980947448
93069 0.04618112863181842
93231 0.06753990062403444
93805 0.01069939019786684
93876 0.002227201999143757
93905 0.0015982528625699901
93982 0.0025154525372079865
94554 0.05413254074171967
94667 0.007779251178019238
95786 0.006084675731894994
96114 0.020544456463584618
96735 0.0032667424727465264
96976 0.024891132665595544
97227 0.006282781453398552
97448 0.010615308546017199
97707 0.18296798770701247
98104 0.016163249797439265
98143 0.013114543810492122
99009 0.018892279894834805
99042 0.015096368622690797
99084 0.018696166262708494
99239 0.005699569672914298
99267 0.01615740190573746
100084 0.01361005554136714
100172 0.004910574012533883
100262 0.02572948595201312
100545 0.011140602164789185
101428 0.019366279748827077
101583 0.011619767849296246
101936 0.004491431462944933
102296 0.005302445583829985
102739 0.010491635048393698
102774 0.015393709543939472
102867 0.0019394084888452099
102896 0.15505761670085802
102986 0.007839245403042523
103212 0.06282781453398552
103331 0.01055310947250538
103373 0.0048242786160024595
104023 0.02585259354030026
104111 0.018370279890262298
104424 0.01575274650123252
104445 0.01157000438955622
105163 0.032441132572165333
105367 0.007685906187656835
105421 0.025486754952465822
105598 0.02152666155347711
106577 0.03920521748069563
106639 0.020161164365383413
106773 0.023972949754760525
106893 0.005558839557533698
106990 0.01011833717213999
107103 0.013316447431369175
107213 0.013243117769418515
107556 0.0037186455952668645
108644 0.10637673703896074
108728 0.040841068684601
108769 0.023762076325586037
109111 0.03805064823889264
109734 0.006813609142399439
110188 0.0038374943536383203
110239 0.026616709605530812
111229 0.044409705754129246
111280 0.05687570578866057
111580 0.013507980124806886
111683 0.0015517495835504751
111700 0.01603321083063132
112079 0.0050973509904931645
112109 0.003887188525124284
112111 0.029525639617064232
112351 0.002915915839138022
112455 0.0023907929424436965
112507 0.028525678585793125
112907 0.014485769570838485
112993 0.002972052832740789
112998 0.02690705701573713
113010 0.13264431914302022
113023 0.006667929581159347
113163 0.020544456463584618
113548 0.05873034836872559
114244 0.02841906073684644
114566 0.001505067423376812
114655 0.0039641907923131
114798 0.05457769747396722
114937 0.00463793309006245
115007 0.0037548242181534085
115033 0.04764791346536783
115275 0.0032906163519627004
115460 0.02610237705276693
115716 0.036017320414766234
115768 0.000730457219132453
115866 0.009433615003329225
115956 0.025607545260297418
116096 0.04002364481424263
116549 0.004614169128883651
116684 0.005266781453857584
116740 0.002875567881810939
117125 0.007842078446912561
117376 0.0017588515787508967
117391 0.0026229087620984245
117577 0.0021250637364345236
117703 0.02742737081179063
117805 0.02889407513327676
117947 0.0006416330661349905
118060 0.03087538314241574
118236 0.0027497160559403332
118362 0.03505133864119013
118648 0.02756730637715691
118723 0.019937978043995403
118770 0.04278945371321407
119014 0.0014646766196591905
119027 0.023578348931316037
119177 0.0020615002098140997
119224 0.005457769747396722
119228 0.025712483523813445
119231 0.013051188526383465
119331 0.013477720180255915
119337 0.00587565792251164
119350 0.007321398441629749
119355 0.01422768178126069
119432 0.0049661691635319435
119496 0.0022035856647319553
119579 0.022313169232562498
119592 0.038594228928019676
119731 0.02152666155347711
119772 0.027589307138690337
119797 0.004629984618614186
119815 0.023698210745275238
120396 0.09148399385350624
120405 0.08312603153727315
121239 0.0025462733505762273
121278 0.03578272880743546
121675 0.0018879077742567276
121711 0.004185276568491677
122282 0.012449751267103121
122623 0.06282781453398552
122740 0.06058542639305049
122945 0.010308368394547025
123369 0.03531498071844938
123404 0.04465447975142772
123509 0.04062550413475755
123815 0.04062550413475755
124685 0.04517611647012641
125051 0.028141625260014347
125561 0.015985775295629452
126508 0.02874038324426997
126804 0.06516784617242373
126871 0.027015960249613773
126997 0.05318836851948037
127080 0.021272409645365174
127168 0.02110621894501076
127986 0.018631696723871567
128168 0.002547473856634962
128205 0.013474294388834799
128398 0.03626303389209903
128514 0.03675640850287588
128534 0.016513356291246613
128913 0.015008866805340986
129465 0.007623666154458853
129522 0.0012913938933849795
130180 0.03778455978966961
130203 0.04102421249036154
130422 0.011471745328923045
131099 0.028235800572069824
131120 0.02232723987571386
131270 0.00885769188511927
131375 0.0032490631689252886
131559 0.019228441458799837
