60 0.0053298777202415186
1249 0.033608413956895594
2954 0.002352895305012251
3196 0.0028637431541202857
3383 0.00286070845632362
3392 0.003148781352975182
3685 0.008711710860491363
5125 0.009836608962993834
8543 0.004479350464520004
10203 0.022372004529978364
13077 0.003398516844251854
14400 0.0065364533009299175
23513 0.007471093763701262
31487 0.017265494412383675
35585 0.2313904468529191
56966 0.03567694114472321
59010 0.059179392889523175
64327 0.04897226033719073
66401 0.0032472596791708773
66793 0.006728279143480571
77364 0.0012259560459963923
79841 0.004479350464520004
80710 0.18530044451910005
83309 0.009606958054391658
83724 0.014410437081587487
84659 0.11620536351197801
87711 0.11611519319097595
91285 0.014525670438997251
98867 0.12270705514927528
102035 0.026816773641894595
110516 0.03394117053072625
111602 0.01308346630024583
113067 0.014638534098926561
113077 0.11769660376074415
114238 0.008948801811991347
115768 0.0010948581370626158
124146 0.014698122758352392
125759 0.09641268618871628
127683 0.02841637066614796
129522 0.0019356275429856997
