13 0.0016052478706647102
180 0.0070053285736539446
244 0.0017330054633915622
279 0.0021534253427944803
421 0.005380048516927233
936 0.0005505862569104819
1042 0.00046225360761556906
1056 0.0026439917577840252
1067 0.003005631967815275
1075 0.025930704843905056
1104 0.002393871216904908
1167 0.004920129567963638
1231 0.0007817132921389919
1330 0.015320722129368573
1332 0.01782834092924836
1333 0.004800256880637016
1551 0.0006890961096942337
1642 0.013330203257191822
1684 0.007141152388728525
1685 0.0184063505522259
1688 0.007948978435781554
1991 0.0016497379336189947
2258 0.0029791343934222293
2396 0.003149498737967067
2418 0.0017746821920517327
2420 0.0028659252466677384
2647 0.004726830389154997
2773 0.0010999476278211629
2797 0.0016765902295883782
3083 0.0015470164540225678
3122 0.0016743191964294368
3146 0.0016221340508714326
3158 0.0015766149831173872
3160 0.0017563994980661194
3178 0.0014302182780029293
3179 0.0018150751053803696
3182 0.001491482530032014
3205 0.002904707718777399
3232 0.0016652962570077893
3245 0.0018799485121886413
3247 0.0032713433550279267
3268 0.0017179515590882999
3274 0.0017221402253765681
3277 0.001629619178330958
3280 0.0015051033750551376
3296 0.0016591491902872909
3369 0.0015852082677320061
3374 0.002803539064138132
3379 0.0018005333528973515
3380 0.0015766149831173872
3401 0.0017483255258331424
3490 0.017527186521659705
3659 0.012722443230268181
3841 0.033686035150312245
4214 0.0018849655307114476
4312 0.010279136355626044
4518 0.016982151261575363
4760 0.008176014868548536
4793 0.00889256220693548
5019 0.002992980924389154
5162 0.00928057423897058
5526 0.03893659370007658
5534 0.037372176988912785
5581 0.008132014123447577
5582 0.01703792187327183
5600 0.000835179828894616
5639 0.013723553517240104
6125 0.017849397964853866
6212 0.001170517184435636
6433 0.04503233093120916
7099 0.00391469880210303
7163 0.014112272423367057
7164 0.013085299059204717
7245 0.027933698231955517
7263 0.0038961895879086896
7364 0.005310703101026989
7375 0.009105459644670584
7402 0.0033841646728652477
7579 0.007335704135098112
7893 0.1373406829737813
7986 0.005368365458258553
8240 0.04776708787035142
8245 0.044145219527286846
8565 0.00708347362042425
9135 0.009732804305228595
9653 0.014266590935884886
9844 0.004000214067197513
9957 0.016000856268790054
10004 0.019370958985288976
10197 0.028272736841478328
10243 0.009633334459742767
10353 0.010152494018595743
10439 0.0019023719072936234
10534 0.0029965239921552283
10538 0.008351798288946161
10539 0.010866515575947531
10541 0.03640734884499139
10621 0.015450826834550397
10622 0.008422937967727643
10680 0.04495383784867452
10824 0.02238333595057878
10825 0.04044138959186697
10826 0.01236538795497262
10894 0.009810048783841521
10937 0.010741298572280067
10939 0.02173731886501241
11137 0.017470899600905043
11249 0.06694254465046805
11280 0.03300192955029011
11379 0.047784264676183665
11451 0.014628001736852445
11649 0.008394337159687822
11694 0.04944264587056127
11701 0.03987310150851715
11702 0.014331753630633694
11756 0.022754593028119618
11771 0.01149828973733983
11772 0.0313477172834518
11787 0.0254277385861569
11854 0.06751102939932632
11870 0.011772058540609826
12302 0.005512000654466139
12415 0.007179560587921496
12422 0.019016402257908183
12505 0.004179429067672128
12644 0.002303623457764575
12661 0.017470899600905043
12748 0.014331201701611961
12840 0.06505611298758061
13406 0.008957001063507476
13733 0.015499262028389112
13879 0.00932880110765307
13919 0.005776010031607624
14004 0.0023344025434637048
14194 0.0704550966232273
14205 0.013121265902063424
14206 0.04625064997522908
14319 0.004809595901805571
14417 0.03787456159810233
14544 0.003128313768877602
14576 0.05886029270304913
14841 0.007023103106613817
14855 0.04754100564477045
15005 0.0041583385929824445
15252 0.005851200694740978
15274 0.02051562069317895
15343 0.014045918868316215
15364 0.1267760150527212
15372 0.020263379455148063
15816 0.006767475865413471
15957 0.012517125536850955
16623 0.038225423038887964
16731 0.0037456549901940354
17409 0.0023039443555713545
17830 0.00989398118295214
18310 0.022587880365458578
18526 0.05813136354764487
18527 0.11083287129618798
18528 0.10844579547033414
18529 0.05637876269817238
18532 0.03372583542107623
18533 0.044679016032587185
18534 0.10700153084715412
18535 0.03866861625106447
18544 0.05838720158068792
18545 0.1661756437179831
18547 0.057753964348463936
18549 0.04368100468127494
18731 0.04101472325802239
18732 0.009669602546759257
18802 0.011971584956552365
18906 0.03722634171745021
18930 0.0031253252762680956
18974 0.005715912817405928
18994 0.00633880075263606
19016 0.004072705590655788
19065 0.08108523206561044
19131 0.011807288639656507
19294 0.002131148528903503
19382 0.00610403035439028
19560 0.08618555755398476
19570 0.0021066316945275356
19827 0.06772965187748119
20330 0.012654613358691733
20537 0.009694636445208092
20629 0.013888383671505973
20778 0.017348296796688166
20801 0.054936273189512524
20845 0.026831306556142513
21116 0.0054213427489650514
21570 0.0014931780717833568
21571 0.0012052069745920623
21572 0.0009938220275489702
21576 0.0016495305705451159
21577 0.0029612195420999163
21578 0.0019827966948167846
21793 0.03662418212634168
21900 0.006258562768425477
22194 0.028745724343349575
22199 0.0665134257745035
22779 0.00708347362042425
23076 0.011011725138209636
23545 0.05979548318226045
23567 0.015166455788515727
24277 0.038225423038887964
24629 0.003623968677712755
24883 0.017088412533204755
24908 0.0372882990247676
24911 0.07304388377314087
24923 0.33485470582065857
24990 0.006782255949322533
25038 0.013696023786859078
25295 0.07848039027073217
25538 0.022680112784661133
25542 0.26022445195032246
25568 0.0040578611951121975
25757 0.018318091128044778
25932 0.28010306205045044
25964 0.12824424678235655
25965 0.06919986442825926
26015 0.01259175101811825
26113 0.08240183039847018
26143 0.09519446537436468
26153 0.18431073517956556
26278 0.05639181750447036
26295 0.005046032336055735
26443 0.016000856268790054
26730 0.026745583532001484
26862 0.009666706288125246
27340 0.0045348687137142275
27424 0.05556778745415013
27457 0.007798524585262029
27540 0.003619520195502289
27542 0.039118540399609644
27555 0.1347544729976954
27586 0.014359121175842992
27637 0.0010694926642994002
27796 0.10239485287753643
27797 0.019016402257908183
27916 0.007357536587881141
28089 0.01292274994959124
28114 0.006745245002805085
28264 0.02825294049746358
28280 0.011579073974370321
28387 0.0068009141500084275
28477 0.0062010130707529365
28606 0.0013938869453012557
28676 0.018004469538256223
28691 0.02225177916267868
28693 0.008649263198707496
28847 0.018110859293245886
28923 0.004196174258404243
29045 0.003297346881703217
29046 0.0014191164003248796
29097 0.04871405831372087
29413 0.008781997490330599
30215 0.07279450126536055
30414 0.0203467678479676
30493 0.008598721020967178
30712 0.003316072828340796
30768 0.16183732474026025
31071 0.04756458889497991
31321 0.11772058540609825
31490 0.005658647718190918
31570 0.0036408428476112863
31573 0.0034382924805675427
31776 0.015531294333054665
31821 0.018380165751138017
31854 0.008583792685861331
32006 0.030973416181559837
32078 0.00834632865953785
32083 0.0270607126238
32169 0.00437933090084688
32338 0.032315454817360305
32483 0.04585779893449462
32485 0.006242758316990059
32505 0.008216205225610585
32507 0.022805662738868613
32508 0.02042277217376136
32509 0.013983954745043863
32514 0.018444324503031632
32515 0.06421122840332633
32542 0.011823965601011954
32669 0.002348819281261818
32676 0.005204489039006449
33079 0.006627700518841993
33124 0.004767653718246602
33136 0.026022445195032246
33147 0.022998262762407868
33149 0.011436294597700087
33162 0.025367780743989286
33176 0.012117603349936293
33279 0.011606254899192786
33315 0.005192988866186972
33530 0.015307320702960146
33859 0.05160700585027836
33932 0.026022445195032246
34043 0.06694254465046805
34058 0.021904501634243786
34100 0.04249425200769779
34374 0.021877276933876668
34552 0.02050611545617104
34685 0.019936550754258577
34943 0.024476557361663993
35080 0.011840689739061477
35176 0.0056514675494676175
35337 0.0017772338558792692
35432 0.016990599955519336
35440 0.011995484879563636
35797 0.0038566806451295842
35801 0.0014187272846645988
35804 0.014372862171674787
35929 0.05548713594022752
35931 0.007725413417275198
36137 0.02068729952743149
36145 0.08323710621012638
36170 0.398636554548403
36196 0.010934634572731047
36239 0.028579564087029632
36430 0.04924333909127332
36436 0.021031142074824958
36500 0.008924665319595897
36545 0.007606560903163272
36647 0.0014980972880308634
36661 0.018728274950970177
36679 0.10977725176797891
36696 0.008583792685861331
36828 0.02364793120202391
36951 0.016990599955519336
36955 0.007124300557717762
36965 0.010110347397966743
37199 0.1268389037199464
37340 0.005004316383660047
37412 0.004154844190803468
38840 0.22473929941164214
39338 0.03762408875813347
40110 0.2616052389223895
40208 0.29083909335624275
40245 0.02331857282873667
40359 0.015945462181936123
42619 0.35316175621829476
44747 0.35316175621829476
45319 0.027091630341573227
46307 0.010957287494131497
46403 0.00480009612701632
46506 0.0141669472408485
46556 0.06110487332493769
46749 0.007210480314828995
46763 0.00633880075263606
46764 0.0036570004342131113
46800 0.019333412576250493
46880 0.010113152456942052
47266 0.049243326193013706
47342 0.002927031443807346
47424 0.01628670748154954
47468 0.003040753128570804
47876 0.03662418212634168
48009 0.05656329490213827
48063 0.00691181646395829
48144 0.004113364881078309
48252 0.03641503303696544
48677 0.010910719685407515
48786 0.005248688521291005
48823 0.0032751829599047197
48831 0.013888383671505973
49540 0.009534587295576838
50098 0.013330203257191822
50623 0.008351798288946161
50736 0.0013000958682766572
50773 0.019437348770966725
50993 0.003868751633064262
51012 0.004726830389154997
51102 0.04021742023574631
51277 0.008855011298949616
51581 0.0037627584376378437
51797 0.0009786747005257575
51858 0.038032804515816365
52256 0.014140823725534567
52298 0.06103584953425027
52466 0.0166045707368978
52467 0.02068729952743149
52618 0.08667711093553977
52866 0.044145219527286846
52953 0.009437844019747987
53218 0.03505437304331941
53398 0.014458910176442158
53462 0.045730506604561245
53789 0.09965913863710076
54419 0.01588988425853376
55157 0.02091393557467103
55272 0.06832156703359801
55301 0.015715028171230015
55360 0.11626899507661755
55425 0.014822199376855277
55799 0.0034393457869829353
55988 0.012299165639443102
56513 0.009507414638788136
56515 0.007142805158290498
56886 0.018397330533373307
57255 0.0797462030170343
57304 0.015260075885975699
57395 0.010064107100700822
57481 0.03557024882774192
57624 0.0225643332763247
57625 0.024989157150795416
57786 0.04378098911739471
57791 0.005803127449596393
57942 0.0051289051732947375
58003 0.0053278713222587575
58059 0.023656768359120225
58240 0.006557380088933855
58241 0.01435010761243687
58786 0.012645177972010556
59024 0.06444779143368042
59078 0.0009884575343974665
59116 0.0015777172343604342
59486 0.03893659370007658
59514 0.001689191864385421
60257 0.001286714977792263
60732 0.05513304067278879
60867 0.022998262762407868
61476 0.03159006658685458
61557 0.029965239921552284
61627 0.005725404811020311
61674 0.03419227023711361
61723 0.020950273673966638
61730 0.0020361252788113314
61746 0.005055485262838576
61768 0.012710191740504181
61836 0.005729159428802001
61859 0.018266882538508358
61964 0.03252805649379031
61967 0.011647058937785589
62082 0.003931513063637721
62578 0.0011503430621754487
62616 0.026672291854091666
62766 0.055439520831234865
63382 0.0025217034672131967
63484 0.006290412960631205
63488 0.007314000868426223
63692 0.0012277786409377023
63695 0.0015872438481721112
63701 0.006509469523728072
63760 0.0020213673700147697
63821 0.0179258407826905
63928 0.026160130090244055
63929 0.06143691172652185
63930 0.07501018292191622
63932 0.1594924060340686
64078 0.0007686978524651939
64903 0.005803127449596393
65014 0.007281685695222573
65129 0.011262561701722384
65201 0.0350657062911782
65242 0.0032917873415819754
65410 0.029897741591130227
66037 0.0014591890614461327
66038 0.0014715073175762283
66040 0.0017185486920598286
66050 0.016426128196199756
66174 0.0007323751425057216
66332 0.009364137475485089
66395 0.040861690802116754
66793 0.0024260375795172357
66885 0.011659286414368334
67060 0.0348037483893121
67074 0.037742477763787224
67118 0.010886043752297092
67119 0.05086320794520856
67144 0.0006797148136989658
67223 0.0025529791308677185
67253 0.004542870233299151
67335 0.05115833092099988
67750 0.034351154366293685
67908 0.0022034602719945948
67951 0.007630037942987849
68174 0.01081895970909437
68225 0.0023370652276707045
68273 0.005372709792339162
68562 0.03002155395413944
68857 0.00127331047825293
69000 0.015739107730083104
69471 0.04402414441782389
69791 0.009311232743985173
69929 0.004481460195672625
70094 0.0019023719072936234
70140 0.0025998036166200197
70162 0.0523210477844779
70171 0.035316175621829475
70187 0.08367818081308505
70532 0.015450826834550397
70555 0.010755214862330722
70590 0.006645516918086193
70592 0.012177991593734302
70595 0.006497062532268235
70603 0.03146258854393814
70616 0.004194071966691615
70873 0.004215059324003518
70934 0.005243122573760474
71083 0.12970118026028182
71111 0.03277352973326889
71118 0.03505437304331941
71119 0.03359846609265417
71182 0.004229482110398739
71185 0.008309688381606936
71187 0.005188105547802861
71211 0.014584851289251112
71242 0.00839655731746887
71244 0.006733869267971994
71392 0.013435501595261214
71540 0.0033726225014025423
71546 0.0016938213727496153
71551 0.08234995572081386
71577 0.004348762413255306
71646 0.0056377019236671915
71659 0.0060076118919272494
71672 0.012775877485933144
71735 0.0012899203201294355
71737 0.01955127121711456
71808 0.05658662922179644
71812 0.03662418212634168
71909 0.10519711887353461
72068 0.012177991593734302
72327 0.007948978435781554
72602 0.0037202893807796286
72603 0.0015477467811489476
72616 0.004458308915289564
72665 0.011339993902538302
72666 0.03893121722091438
72667 0.0670210010907641
72814 0.007073757693324792
72878 0.008693008977691031
72880 0.05963272655645142
73260 0.0120298408444188
73302 0.019697335636509328
73513 0.009224374229582326
73700 0.003930258018327605
73978 0.007034640285303421
74175 0.004561129692856205
74176 0.003630150210760739
74181 0.00386159077812525
74321 0.003202243903533761
74379 0.004646865213398615
74406 0.005226495335154469
74413 0.003218922257197999
74419 0.0020809194389966863
74422 0.0034335170743445328
74428 0.014764316835126039
74434 0.004321909604070041
74435 0.005293645168154311
74464 0.006643942575806717
74471 0.004022998036660803
74473 0.005663533318506445
74474 0.003945941410260277
74494 0.013184705565483004
74498 0.012936454994641876
74502 0.003379538337017175
74508 0.014541954667812138
74511 0.015416883325076361
74513 0.00605304963522521
74514 0.0036168724118918268
74516 0.00432569080232382
74518 0.0075600375948870445
74533 0.06201013070752936
74559 0.004329478622641092
74563 0.0059123045132891995
74568 0.008254197975051964
74574 0.005921274954558235
74577 0.004333273082433065
74595 0.006307656182870849
74764 0.12171463643933575
75010 0.0033429780845545144
75160 0.07491309980388071
75181 0.01293691963155351
75188 0.024996759966052544
75189 0.0035958287905862737
75206 0.00340955376917801
75218 0.0768599586727596
75381 0.0031492131127746027
75695 0.0022594784468330537
75697 0.004387102561717948
76090 0.12879027146948405
76732 0.00584661580970109
76738 0.013011222597516123
76742 0.01205918191964909
76808 0.01524839279693345
76867 0.05461102326748709
77175 0.0024488680470807957
77219 0.016536001963398418
77221 0.0286705588057102
77274 0.03359846609265417
77290 0.0387167702269498
77352 0.04812933111101458
77370 0.032958140336678994
77433 0.0015152511759289385
78403 0.01777360434292243
78437 0.021387367979026566
78443 0.003261148284190286
79015 0.019238383607222284
79033 0.005914192089780056
79048 0.021132575195157936
79089 0.022072609763643423
79101 0.02682276811345029
79286 0.0015180033661452777
79288 0.012274732618059331
79668 0.026022445195032246
79720 0.023212509798385572
79911 0.013051405645992036
80117 0.00605304963522521
80118 0.03163859372471262
80442 0.007281685695222573
80645 0.027522796872208342
80651 0.01461421749411626
81069 0.01594777683877576
81077 0.011085795038242436
81131 0.021496802552417944
81284 0.0010987488706544774
81362 0.0068670341486890656
81449 0.03363445297317093
81602 0.035828004254029905
81714 0.021355529707950162
81846 0.015028159839076374
81852 0.031072599515177827
81977 0.002722395982281777
81979 0.006149582819721551
82043 0.006557380088933855
82430 0.013545930375496238
82727 0.019533891894001326
83041 0.026299279718383653
83379 0.03070971793202563
83530 0.06103584953425027
83904 0.07610334223196785
84035 0.014982619960776142
84247 0.0037974382389063953
84445 0.03325671288725175
84584 0.010962892654226446
84769 0.006609979394460062
84772 0.011366125487485348
84819 0.005505862569104818
85020 0.011716266793971865
85023 0.016879071107262947
85062 0.006081506257141608
85126 0.013362877262313857
85152 0.004847318222604046
85353 0.004233103242342574
85421 0.005173898421209187
85443 0.014458320631289231
85465 0.011954025830440721
85482 0.009988413307184094
85592 0.00590007707285934
85601 0.005932932420635339
85676 0.006983424557988879
85761 0.004686506717588746
85933 0.04663242391649622
85945 0.01207989559237585
86026 0.03577507540819002
86346 0.01055778219224462
86378 0.004607501963065074
86418 0.0033623455981695075
86428 0.009771273887462701
86473 0.004494785988232842
86512 0.016187354790674797
86524 0.0012693506664922614
86850 0.014207656859356686
87004 0.0036862032785189187
87017 0.009416611524765426
87028 0.003524065992199663
87069 0.00610403035439028
87090 0.07606560903163273
87193 0.006540032522561014
87255 0.004271105941590032
87276 0.01205918191964909
88569 0.011011725138209636
88571 0.028349984756345755
88572 0.02818642304887698
88573 0.027268298519597604
88592 0.032939982288325544
88597 0.011772058540609826
88599 0.01223596040191338
88751 0.002388533616935327
89088 0.0037965386147466953
89229 0.056184824852910535
89349 0.004809595901805571
89532 0.009734148425019145
89870 0.03307104973980788
90007 0.008351798288946161
90038 0.009207196623940647
90072 0.0037656242094867686
90076 0.007936219240860557
90110 0.016703596577892322
90202 0.007479976682384458
90236 0.015213121806326543
90281 0.016817226486585464
90314 0.020861875894751587
90328 0.021590675052646842
90370 0.019089824660448368
90447 0.12494578575397706
90453 0.030339457370826158
90476 0.06201013070752936
90507 0.014499309639460783
90545 0.011807288639656507
90573 0.005316413534468953
90598 0.01200064220159254
90671 0.007003207630391115
90857 0.002204308777109285
90974 0.008884390590343976
91301 0.008380109469586656
91457 0.06608977338103533
91804 0.026878648880353313
91815 0.006150894669740238
92119 0.07270977333906069
92277 0.02238333595057878
92666 0.013966849115977759
92915 0.012148070238467142
93582 0.016350327432649345
93734 0.002253712949787695
93905 0.0008637778803382471
94563 0.009381906237298154
94564 0.02018067178390256
94575 0.01484764140257095
94576 0.02014775615693698
94596 0.05618292901268315
95202 0.012645177972010556
95203 0.014331201701611961
95204 0.01174409640630909
95205 0.012943101013235935
95207 0.0078108445293145765
95208 0.009022380633314099
95210 0.01311476017786771
95211 0.016990599955519336
95214 0.01480318738639559
95216 0.019931827727420155
95275 0.016317704907775996
95313 0.010792179420862299
95382 0.01621070356411845
95383 0.01384948063601156
95479 0.012548894891005398
95485 0.05026961216155283
95486 0.018854431634046088
95575 0.010279136355626044
95590 0.02281026606407756
95593 0.017706645769321752
95594 0.010725085872139105
95606 0.04267472639058304
95619 0.0057093124561849035
95621 0.009988413307184094
95624 0.008537243635294357
95676 0.013696023786859078
95970 0.07501018292191622
96130 0.029430146351524564
96446 0.002252512340344477
96839 0.007835601564272784
97086 0.014248601115435524
97472 0.0003735185153022684
98253 0.07725413417275198
98603 0.018943542479142247
99053 0.03033025887911774
99903 0.042146163899623
100125 0.016812664408383533
100786 0.044145219527286846
100801 0.019837364088901573
101176 0.008105351782059225
101723 0.028745724343349575
101815 0.052983339528585215
101817 0.07972731090968062
101896 0.06180330733820159
102315 0.07474435397782557
102344 0.10300551223033597
102565 0.036354886669530344
102577 0.031292813842127384
102705 0.009790622944665598
102740 0.00495417293292197
102792 0.08630275923212849
102804 0.027166288939868832
102912 0.008621387894455677
103181 0.044947859882328425
103426 0.04154844190803468
103428 0.06258562768425477
103576 0.01235249335812208
103964 0.02001726553464019
103991 0.0248408535475266
103992 0.03762408875813347
104029 0.017914002127014952
104030 0.025485899933279002
104235 0.07491309980388071
104480 0.04549656329085035
104923 0.09881994686497664
104959 0.04006214062093647
104999 0.03232428168480544
105019 0.044861105338314826
105028 0.06697094116413171
105045 0.007074934638279283
105049 0.0045795227820111944
105051 0.0033782758860034156
105054 0.019620097567683042
105062 0.04299360510483589
105402 0.015029385359993652
105470 0.0032917873415819754
105517 0.021496802552417944
105537 0.0013323267547982018
105554 0.045780227657927094
105585 0.022473929941164213
105652 0.023322002769132672
105692 0.03252805649379031
105873 0.06560972624605145
105943 0.03296176391370752
106154 0.0026550906911009583
106183 0.08380109469586655
106188 0.20345283178083423
106206 0.019688983720725896
106242 0.0022669713833361423
106354 0.059371401741251516
106376 0.011645448283751456
106426 0.03481876469757836
106715 0.017376245513956997
106716 0.020075222171502313
106717 0.011606254899192786
106718 0.033141771640384274
106720 0.012292757188717274
107073 0.0026127864062161247
107141 0.1162319951582846
107148 0.00905386067548743
107836 0.009677881671117298
107939 0.020390888210347003
107986 0.009407157226493696
108272 0.0034240059467147694
108652 0.05420903975869575
108767 0.021877276933876668
108792 0.01131410660653576
109334 0.000966809657226462
109429 0.05519199160011993
109822 0.10273360812695591
109890 0.08043484047149262
109996 0.0041758991444730805
110081 0.004318135010529369
110720 0.03630298678146708
111241 0.0673772364988477
111364 0.017049188231228023
111486 0.0350657062911782
111703 0.03608095016506667
111999 0.012875689028791996
112006 0.029270516243064558
112157 0.03967472817780315
112160 0.032743474086464414
112237 0.011579073974370321
112346 0.05979548318226045
112395 0.002317012910466777
112485 0.0043370741991720415
112607 0.05150275611516798
112615 0.027933698231955517
112875 0.01258082592126241
112946 0.08720174630746316
112961 0.06103584953425027
113006 0.06201013070752936
113028 0.024355983187468604
113266 0.04924333909127332
113587 0.051358083714824934
113930 0.0018987191194531977
114273 0.013566510475888107
114293 0.0034421741963472302
114481 0.058953293278284954
114502 0.03457527683256033
114509 0.0015908187217040304
114661 0.0030184765488743145
114806 0.051996072332400396
114865 0.02316292901718059
115380 0.006782255949322533
115399 0.008829043905457369
115400 0.03212413133381593
115433 0.029168528381590463
115443 0.02059069930886004
115736 0.0068670341486890656
115960 0.0021848274799187483
116026 0.006604400707790853
116120 0.03557024882774192
116289 0.032743474086464414
116632 0.09914681263846051
116637 0.049646384788624626
117045 0.008973256963804223
117341 0.004786316153974953
117453 0.006548694817292883
117481 0.008657050305601306
118329 0.04555394094199537
118358 0.044355153022469174
118369 0.023322002769132672
118375 0.026299279718383653
118378 0.009544912330224184
118443 0.013435501595261214
118499 0.0185178448953413
118731 0.007987503371657717
118945 0.0605049779691118
118976 0.002252512340344477
119071 0.0009856986816300093
119282 0.06258562768425477
120023 0.006387938742966572
121940 0.0006623261335641161
121942 0.0007405517639955311
122188 0.046767417014058454
122206 0.0012120121102528543
122287 0.06697094116413171
122367 0.04800256880637016
122386 0.05963272655645142
122481 0.03481876469757836
122765 0.09199305104963147
122803 0.036354886669530344
122846 0.041900547347933276
123064 0.03363445297317093
123165 0.04454292420771285
123457 0.03557024882774192
123891 0.01788753770409501
123949 0.0025270566051686667
123971 0.041900547347933276
124101 0.04037390825222781
124228 0.06540130973059738
124279 0.04037390825222781
124292 0.03333785907640721
124644 0.03661325591321719
124746 0.02257655062582706
125156 0.0010753076526872829
125183 0.02981636327822571
125370 0.05107563075314633
125927 0.034098376462456045
126934 0.004552729822335292
127490 0.051358083714824934
127862 0.040246959834213766
127889 0.05391874015344875
127947 0.03662418212634168
128020 0.020098636532748484
128042 0.00941764683248786
128608 0.021914574988262995
128609 0.01366710960017965
128610 0.01887218021658622
129049 0.07411496014873246
129170 0.054936273189512524
129194 0.02312532498761454
129258 0.04924333909127332
129423 0.03363445297317093
129588 0.019542547774925402
129991 0.06066208438780046
130065 0.015416883325076361
130951 0.07860677591532232
131127 0.05316413534468954
131212 0.08119527928989931
131459 0.02925600347370489
