203 0.08006636356794285
306 0.04231074895328436
13944 0.03158195189727297
23587 0.02647588781807315
26916 0.01119360320409675
34211 0.001134729440682206
35872 0.010890328240438956
40257 0.005343170109508418
55927 0.002354979102859236
63970 0.005311078997739599
70308 0.0020488754706293865
72284 0.05263658649545495
82956 0.010354738326974745
110133 0.007500378737265846
114590 0.0016433649008058785
115866 0.0073568606749055175
116974 0.013562801428276736
119075 0.09722344147535919
125767 0.007656230762975266
