20 0.0026754907897611362
68 0.03565247029146817
116 0.007652526901163716
189 0.003468452992156405
206 0.001861258060542045
207 0.014713219334575341
243 0.003979322065747539
244 0.001612046501086363
249 0.01957093050042295
262 0.0049599168550736004
268 0.006234643284600123
269 0.0018813890945797423
293 0.0018954972277064857
331 0.013425981831837162
342 0.012297242426736344
393 0.0025829536967125707
411 0.0034974411272567603
428 0.004073665781753227
462 0.006542202941108668
463 0.048412301764204135
546 0.027539932141313735
565 0.004841230176420414
604 0.04645624916767064
605 0.011355972018763934
606 0.03261821750070491
607 0.04741410997525147
608 0.13936874750301192
610 0.19163202781664138
755 0.0148457767842745
757 0.09750451525927806
943 0.11798590094644777
1017 0.05021441458959366
1102 0.00936694229653644
1155 0.011600661448681729
1199 0.03555739480577878
1206 0.0052757923187436
1283 0.005475200794761183
1313 0.0967842345718781
1331 0.0867767673131961
1394 0.018849051916390958
1415 0.07186201043124052
1537 0.029481850433329442
1538 0.04020396930296218
1539 0.07317832370068832
1540 0.03361197036216645
1541 0.15567535295937782
1542 0.014609886421136122
1611 0.020532002980354434
1740 0.027855254460232775
1747 0.01761780421372297
1779 0.0013191023484326126
1786 0.0015616871536840045
1879 0.01502996296601109
1937 0.01161406229191766
1938 0.031938671302773565
2161 0.013894769388517804
2282 0.05027016605979909
2508 0.007053939674232198
2524 0.05602208246378096
2551 0.013599715312678702
2858 0.017738199231128824
2865 0.009649404538371193
2935 0.051676052444937004
3020 0.005601910679171002
3100 0.004143395196035489
3214 0.0013265557160655878
3310 0.10220374816887541
3380 0.0014665716414538881
3457 0.006189998206728659
3528 0.007300267726348243
3530 0.030077516597582267
3563 0.005829111112293273
3654 0.03107546397026617
3681 0.006008541251902433
3682 0.0012077648811973196
3716 0.0037915652659516845
3751 0.027539932141313735
3754 0.0666546183710057
3776 0.012039708553925114
3828 0.158227407925925
3939 0.0045267408145663315
4059 0.04508988889803327
4098 0.04826982209905107
4300 0.0017601104736316086
4503 0.007768865992566543
4520 0.02027882672517071
4526 0.010192050563338358
4543 0.006704319033189807
4559 0.00303575489610521
4560 0.005379144640467127
4588 0.0032139543449331886
4591 0.017071472385366833
4615 0.17548857969966225
4709 0.03237454353195196
4943 0.006308873343757741
4976 0.008532780459368077
5090 0.008125739695405289
5137 0.02149144237195978
5480 0.0050374246085425995
5493 0.00540442851656803
5673 0.007915952956281228
5683 0.00585135962798905
5745 0.003957307045297837
5839 0.0016408022360326054
5920 0.005208571537485157
6019 0.016603496994943658
6074 0.004227177084190618
6106 0.011301987608803417
6488 0.03297045353547496
6489 0.02963270391830342
6694 0.023111400339695443
6754 0.04999096377825427
6793 0.06968437375150596
6833 0.02874480417249621
6867 0.04338838365659805
6868 0.09386058505304884
7267 0.017459713473064763
7318 0.00443935199575231
7334 0.031645481585185
7352 0.047908006954160344
7398 0.006269782175898191
7474 0.04938783986383903
7476 0.013310969034020556
7500 0.10759774762089916
7509 0.01761780421372297
7513 0.003703034353944761
7560 0.048927326251057376
7821 0.02125962969929829
7825 0.01352696666940998
7826 0.0027555093639297784
7827 0.06343913443544344
7828 0.06845299208142855
7829 0.04106400596070887
8024 0.03565247029146817
8025 0.04991711193888175
8026 0.08392932072592542
8045 0.08844555129998834
8048 0.03741035613752491
8049 0.01122310684125747
8050 0.044497539785517445
8051 0.028316616227147463
8053 0.10759774762089916
8055 0.027155968635023748
8056 0.11798590094644777
8057 0.05972946321557654
8059 0.049964295663746855
8060 0.08922740046611148
8061 0.07317832370068832
8062 0.09386058505304884
8063 0.02689572320233563
8064 0.170339580281459
8065 0.08950654554558107
8066 0.09785465250211475
8067 0.13140481907426838
8068 0.07079154056786867
8069 0.11314402327146096
8070 0.012726664991424056
8071 0.07660215780540813
8078 0.05372289823576395
8081 0.10724302092757139
8082 0.015389465340841013
8085 0.01772709761730116
8086 0.01590486479767439
8087 0.01735535346263922
8088 0.12060406876188695
8089 0.10910222806284439
8090 0.08464205937462559
8091 0.07186374303540649
8092 0.05310890168454211
8093 0.04977538345718554
8098 0.024622122151738327
8099 0.1589197849482766
8100 0.11429757225631318
8101 0.13065440782537754
8102 0.20982330181481357
8103 0.10967703468261343
8113 0.07540524908969863
8117 0.042147912154940716
8153 0.01329239499306183
8155 0.008564559902419727
8293 0.07487566790832262
8400 0.040139533311678105
8402 0.07080625972472074
8531 0.004232102968731279
8533 0.09020441012599462
8534 0.011190191405351322
8554 0.026307667102924166
8566 0.0607035967514555
8567 0.05957945607087299
8569 0.08373192970393069
8570 0.16086453139135706
8571 0.12699831425633454
8572 0.03598350904043185
8573 0.11124384946379362
8575 0.09386058505304884
8599 0.020260654923345348
8612 0.002961473707404632
8616 0.1342598183183716
8620 0.11451572738919931
8621 0.13198422817738226
8622 0.0763438182594662
8624 0.04924424430347665
8633 0.05370392732734865
8639 0.039395395442781325
8661 0.009866488866966188
8677 0.011285607916616746
8698 0.07367841132428568
8700 0.08950654554558107
8701 0.008982751303905065
8702 0.01483251326183915
8703 0.07560261614044227
8704 0.09653964419810214
8705 0.07415520444143049
8712 0.028524063965075286
8715 0.0633095078249232
8717 0.016081009327270607
8719 0.12430185588106468
8730 0.025270157514282382
8737 0.01945916712292857
8764 0.03327807462592117
8771 0.042472531834163815
8773 0.40984576118239757
8774 0.11915891214174598
8775 0.38935347312327767
8776 0.04182336377311916
8785 0.009386058505304886
8790 0.047925634311492195
8792 0.1693310856751127
8794 0.1440577893056929
8795 0.02773169044999478
8796 0.24388822794070475
8797 0.14635664740137663
8798 0.1969769772139066
8799 0.20492288059119879
8801 0.04167130765679184
8802 0.11285607916616744
8803 0.1342598183183716
8804 0.08749516249961296
8806 0.1969769772139066
8809 0.178738368212619
8810 0.1892523898721848
8814 0.0647770234873154
8817 0.03400467014177097
8818 0.11285607916616744
8819 0.1198010686533162
8820 0.05023915782235841
8822 0.057681996018263355
8823 0.12869162511308566
8824 0.08749516249961296
8827 0.03216201865454121
8829 0.21046133682339332
8831 0.012167112877247071
8834 0.08220030881447181
8841 0.04991711193888175
8844 0.03999277102260342
8845 0.03593100521562026
8846 0.008392643554013491
8848 0.09198337335198786
8876 0.006181678316665852
8924 0.04645624916767064
8927 0.046627400403291906
8960 0.0717318317472661
8974 0.01877211701060977
8977 0.04741410997525147
8978 0.07346291945722219
8979 0.0403475101682153
8980 0.04374758124980648
8981 0.05445503120605282
8983 0.11451572738919931
8997 0.04959916855073601
8998 0.04602069060339635
9041 0.0741801397999902
9089 0.0396208312539051
9179 0.006824776040723535
9270 0.05245582545370339
9272 0.0505333606464996
9281 0.021097103979813733
9300 0.018035955559213307
9324 0.031399473638974
9441 0.005150178215916371
9505 0.04422277564999417
9563 0.018035955559213307
9601 0.00647770234873154
9751 0.052973261649425535
9782 0.016290940298045092
9784 0.03601444732642323
9785 0.04106400596070887
9786 0.09382011400560908
9788 0.0013459668327771125
9810 0.013065552789371734
9889 0.036388175058250254
9916 0.008183574141635931
10039 0.09105539512718325
10042 0.016603496994943658
10215 0.0009752266046648417
10235 0.007652526901163716
10330 0.055227442996209596
10570 0.052262211157486936
10579 0.019819038775115864
10633 0.031542064978697465
10639 0.018849051916390958
10747 0.010438430914833182
10968 0.02757677680994693
10969 0.07847050311773515
11004 0.05089587883964414
11005 0.03971963738058199
11006 0.05487485128665857
11125 0.0012740079411632669
11141 0.0228299629566632
11154 0.012193516313720402
11223 0.012071308838843551
11241 0.004913641738888241
11443 0.038549848824086894
11445 0.034226496040714274
11559 0.021689599738160505
11574 0.07312024154152595
11583 0.1821107902543665
11657 0.0007565403150165699
11683 0.05133974406107141
11684 0.039933689551105406
11685 0.015307710570041945
11686 0.022551102531498654
11688 0.03596574979929295
11703 0.07540524908969863
11708 0.05814380652699653
11757 0.006513335464291818
11763 0.0018872255509230172
11813 0.026851963663674323
11816 0.09733836828081942
11861 0.037850477974436955
11872 0.005595095702675661
11873 0.04607733409742931
11874 0.03351344403986606
11885 0.023707054987625736
11917 0.18561292083618125
11918 0.01908595456486655
11930 0.008844555129998833
11932 0.0348443028284528
11942 0.048019263101897636
11945 0.058992950473223886
11946 0.09857049952488042
11947 0.1526876365189324
11948 0.04255229214462051
11949 0.0701537789411311
11952 0.013852917673492149
11962 0.06092002582189282
11976 0.034609197610958015
11998 0.062798947277948
12029 0.006165105452546104
12033 0.01973892132016907
12112 0.43899881029326854
12123 0.06894194202486732
12124 0.09556308795526164
12126 0.048927326251057376
12128 0.01957093050042295
12166 0.06994110060493786
12188 0.2032401899505873
12488 0.05433153592738472
12666 0.04468459205315475
12788 0.015221872756354666
12835 0.008548640646095526
12883 0.010976536199521226
12990 0.01573145345952637
13065 0.029108662453160718
13109 0.005785117820879739
13462 0.03593100521562026
13467 0.005475200794761183
13495 0.009405252898976266
13524 0.017161077117908183
13581 0.22248769892758724
13603 0.025132069221854608
13604 0.032957868640635775
13605 0.03484218687575298
13606 0.0414205822471572
13607 0.14692583891444438
13608 0.008947798964201155
13613 0.023111400339695443
13652 0.01948800282881099
13666 0.03565247029146817
13668 0.04233277141877818
13682 0.026577028882134993
13691 0.059949514804232454
13799 0.026396845635476455
13922 0.10452656062725894
13923 0.003422000496725739
13925 0.004922294224061664
13927 0.01188865566788634
13928 0.045538417909155283
13961 0.010041852986024875
13983 0.044497539785517445
13996 0.2874480417249621
14056 0.04407247435379646
14354 0.015969335651386782
14369 0.003826263450581858
14396 0.0020083705972049753
14423 0.07795201131524396
14480 0.1081537425342438
14533 0.1622306138013657
14534 0.062798947277948
14858 0.005965199309467436
15012 0.0031237033639607125
15213 0.008538453357966616
15214 0.00889587750019225
15226 0.017390760150416983
15227 0.018396674670397573
15247 0.005214409445424865
15308 0.03999277102260342
15341 0.004143395196035489
15342 0.013239879126860664
15349 0.03217797298539485
15350 0.030458070646353596
15352 0.012682523554504159
15355 0.01444075033859436
15365 0.2814094937777363
15377 0.05882963277898473
15378 0.013892367414343942
15379 0.0049254076296429816
15380 0.013264227973499569
15381 0.006806878900756603
15392 0.02200559171100188
15466 0.01146924854762941
15502 0.024726713266663407
15581 0.02486037117621294
15602 0.01364738477032461
15624 0.0033892178832714763
15638 0.04645624916767064
15783 0.016367148283271862
15821 0.06543755850811389
15822 0.026131640156814736
15823 0.022995843337996966
15824 0.27810962365948405
15825 0.23597180189289554
15837 0.007163814123986594
16072 0.0073704626083323605
16077 0.04380160635808946
16079 0.019966844775552703
16082 0.015229035323176798
16088 0.02791064323464356
16097 0.012704885822097771
16107 0.021819026356524284
16125 0.05608742277560236
16145 0.006027743994232494
16157 0.006455753139813278
16160 0.31148277849862216
16199 0.08557219189522586
16208 0.14692583891444438
16209 0.061322248901325246
16320 0.016908708336762474
16456 0.022970706378954434
16561 0.008727075270587085
16579 0.011300168716460425
16676 0.12765687643386153
16781 0.048412301764204135
16950 0.012682523554504159
17004 0.0006840946999255382
17118 0.09382011400560908
17121 0.026944877032752782
17123 0.10844799869080252
17191 0.004599168667599393
17204 0.010646223767591188
17206 0.14692583891444438
17207 0.12765687643386153
17209 0.14692583891444438
17228 0.015859202302066874
17231 0.008982751303905065
17234 0.016425602384283547
17236 0.08652299402739504
17237 0.10606452619210358
17240 0.0984884886069533
17250 0.18463453979865976
17617 0.011272472224508317
17638 0.08212801192141773
17641 0.011328001644333481
17656 0.01267317581678027
17881 0.0033593914851016192
17884 0.018236696633408787
17998 0.022912255234512974
17999 0.018570169640155183
18020 0.022171657085518614
18077 0.0015821013648432724
18104 0.024101764621374047
18105 0.0351081577679343
18106 0.07186201043124052
18107 0.03537822051999533
18110 0.14372402086248104
18111 0.016122297023738207
18112 0.019824002877583593
18115 0.1483602795999804
18116 0.11497921668998484
18117 0.11217484555120472
18148 0.004934730330042268
18159 0.12775468521109426
18165 0.015175899187863875
18182 0.020785928517673698
18208 0.021097103979813733
18215 0.04038440118611474
18217 0.0794598924741383
18218 0.036501338631741216
18221 0.03244612276027314
18222 0.06489224552054627
18228 0.010041852986024875
18229 0.015485416389223546
18231 0.07144100424280324
18239 0.041526799608695104
18240 0.07568945005056354
18242 0.017689110259997667
18287 0.07079154056786867
18558 0.015969335651386782
18564 0.007478323036746981
18565 0.011945892643115307
18889 0.01589197849482766
18981 0.00819816161782423
18988 0.004121118877777234
18990 0.012775468521109426
19019 0.0036100225020403403
19020 0.029165054166537654
19025 0.061315507578468924
19048 0.045538417909155283
19061 0.03282949620231777
19091 0.005087575959733842
19112 0.058217324906321435
19120 0.0061322248901325245
19197 0.008162546606358023
19502 0.04508988889803327
19558 0.06308412995739493
19784 0.011906834040467208
19788 0.0671299091591858
19853 0.01100279585550094
19854 0.08541479542903917
19855 0.022768161720789076
19858 0.06187097361206041
19860 0.05745161835405609
19877 0.013499121515358637
20048 0.0025508423003879057
20117 0.06215092794053234
20254 0.008628834273169593
20283 0.049453426533326815
20322 0.003001880256930452
20343 0.012459311139944886
20466 0.005468690448988576
20483 0.12430185588106468
20540 0.009827283477776482
20621 0.011792740173331777
20626 0.012363356633331704
20633 0.014238912283589453
20652 0.022312519949758032
20670 0.021812519502704634
20675 0.010085896200875862
20676 0.012846839853629591
20775 0.018900654035110567
20792 0.025409771644195542
20831 0.018178532283001553
20833 0.02874480417249621
20837 0.027214015784611793
20839 0.040343584803503446
20853 0.024594484853472688
20855 0.02689572320233563
20856 0.07660215780540813
20857 0.04106400596070887
20858 0.0452736596654974
20869 0.02986473160778827
20870 0.024079417107850228
20871 0.02705393333881996
20872 0.03593100521562026
20881 0.025838026222468502
20884 0.035395770283934334
20885 0.021097103979813733
20886 0.022881436157210912
20887 0.02658478998612366
20889 0.03432215423581637
20890 0.022111387824997084
20891 0.024079417107850228
20895 0.02486037117621294
20901 0.04055765345034142
20902 0.03150115525753009
20903 0.0289255891043987
20904 0.01100279585550094
20905 0.027539932141313735
20906 0.025550937042218853
20920 0.012723969709911034
20926 0.010344985941566371
20937 0.02643200383677812
20938 0.025693679707259182
20941 0.02737600397380591
20946 0.02737600397380591
20951 0.004760509752841286
20961 0.013894769388517804
20962 0.02382988946942691
20964 0.045011962210783546
20968 0.025984003771747984
21005 0.03798570469495392
21022 0.04399474272579409
21023 0.02190080317904473
21026 0.02658478998612366
21029 0.025984003771747984
21031 0.025838026222468502
21079 0.022656003288666963
21081 0.013254088379248971
21107 0.0021604272160101797
21207 0.024334225754494142
21211 0.012499308928516138
21213 0.011925068089533773
21216 0.02017375508410765
21217 0.011884156763822722
21218 0.013728861694326548
21272 0.00875935822549556
21274 0.007394161845015102
21275 0.0071974470541461555
21278 0.006223502933152089
21385 0.014209980770922543
21389 0.012891282259846103
21409 0.0599005343266581
21447 0.011190191405351322
21451 0.005442803156922359
21459 0.01134950388555503
21465 0.006011985186404435
21481 0.012217559346179019
21486 0.004549128256774869
21533 0.008709372638634773
21537 0.04380160635808946
21567 0.011526738515286699
21647 0.007729695239662846
21648 0.004608385438476346
21656 0.013728861694326548
21658 0.007346914804471874
21699 0.00976468931549765
21700 0.019227332006087786
21742 0.010898503951657331
21745 0.008011512074040644
21751 0.041642082686981566
21774 0.013265876426687485
21858 0.01903928963928008
21881 0.009531296771683665
21930 0.010800373734348894
21987 0.00997063951660122
21988 0.0794598924741383
21999 0.006414461182146992
22494 0.0018711019803089475
22496 0.007527280961701135
22653 0.0666546183710057
22768 0.00438433619408903
22771 0.0474821308686924
22913 0.01973892132016907
22930 0.01161406229191766
22952 0.004756120649016953
23052 0.0032139543449331886
23064 0.006223502933152089
23073 0.029672055919996086
23082 0.027539932141313735
23099 0.028389930046909834
23258 0.015433451904695951
23261 0.015537731985133085
23293 0.008339643052683672
23402 0.031938671302773565
23413 0.0237410654343462
23478 0.03523560842744594
23570 0.008316760700903062
23605 0.041865964851965344
23783 0.00585881358929859
23908 0.004278312005089284
23935 0.05347870543720225
24109 0.011497921668998483
24255 0.01333092367420114
24543 0.0819691522364795
24584 0.011497921668998483
24585 0.02200559171100188
24720 0.011643464981264288
24743 0.00526220671350045
24819 0.0020886324557672087
24847 0.006223502933152089
24906 0.10667218441733635
24944 0.009827283477776482
25233 0.006248870472281784
25260 0.01652717788267367
25299 0.020876861829666363
25338 0.005481726659832411
25355 0.027810962365948405
25629 0.007342079342767171
25777 0.014238912283589453
25778 0.025693679707259182
25779 0.02960696896773443
25845 0.04691005700280454
26141 0.019083687417424867
26156 0.03864847619831423
26163 0.016155745772750113
26210 0.019824002877583593
26237 0.07795201131524396
26238 0.04719436037857911
26445 0.07075644103999067
26640 0.22397898484350434
26648 0.0105244134270009
26747 0.13661525372746586
26768 0.019083687417424867
26988 0.010796170581219233
27061 0.011300168716460425
27209 0.018035955559213307
27210 0.006414461182146992
27215 0.09785465250211475
27330 0.0012624673806202011
27573 0.0022938497095258818
27730 0.036793349340795145
28223 0.015229035323176798
28227 0.02874480417249621
28334 0.2705393333881996
28347 0.01059716282857003
28355 0.09581601390832069
28460 0.04070060767787074
28534 0.20492288059119879
28538 0.043281936697226124
28636 0.06387734260554713
28756 0.0005097726299711143
28779 0.06180213859099646
28843 0.012669886136637448
28867 0.01709728129219105
28923 0.006015661697700694
28980 0.03385682374985023
29370 0.3016209963587945
29371 0.0452736596654974
30307 0.006895305348724727
30429 0.00960160473402796
30674 0.006874691580866059
30689 0.07277635011650051
30740 0.015433451904695951
30808 0.004965838409417972
30859 0.0028250421791151063
30881 0.00585881358929859
30894 0.0045045726421149785
30966 0.004594574093505888
31044 0.029294067946492953
31062 0.0027572953642682214
31169 0.0012005138782561716
31223 0.011076912464389124
31333 0.009899355777929665
31462 0.01832251638227189
31501 0.011853527493812868
31508 0.1419392924041386
31697 0.026739352718601124
31698 0.017074165795674976
31703 0.013206943751301702
31711 0.041642082686981566
31728 0.02322812458383532
31740 0.018629352781018068
31742 0.039131002323947506
31743 0.04924424430347665
32208 0.2685196366367432
32209 0.09386058505304884
32664 0.012135009677043253
33254 0.05475200794761182
33392 0.008036191395733285
33402 0.10054033211959817
33543 0.12430185588106468
33668 0.00866133459058266
33759 0.005910053988870067
33775 0.036559011560871144
33787 0.022122356427458956
33809 0.024726713266663407
33870 0.062798947277948
34245 0.007576884131135738
34681 0.003268776593887273
34699 0.037391615183734905
34744 0.010452442231497387
34852 0.10220374816887541
35517 0.023585480346663554
35575 0.0038935347312327767
36032 0.010214616291445969
36071 0.07424516833447249
36072 0.019324238099157114
36219 0.004392711239349946
36483 0.008125739695405289
36530 0.002986346498601926
36921 0.014283132508072649
37323 0.08848942570983583
37325 0.06300231051506018
37328 0.08557219189522586
37332 0.031148277849862214
37371 0.0289255891043987
37372 0.032996057044345564
44015 0.0012290669876000514
44017 0.03683920566214284
45339 0.045428760100111515
45438 0.018178532283001553
46492 0.002513206922185461
46527 0.10113077223981239
46581 0.014647033973246477
47084 0.030229836490964446
47164 0.15567535295937782
47264 0.003270953770043621
47419 0.007152672888957066
47463 0.0123966810447423
47568 0.013947791739135008
47891 0.03152659701403058
47927 0.01789559792840231
47928 0.013811317320118298
47929 0.01619425587182885
47978 0.01157068270797259
48463 0.025838026222468502
48817 0.01957093050042295
48935 0.01310304463703531
49095 0.06300231051506018
49234 0.01188865566788634
49422 0.03217797298539485
49541 0.03893534731232777
49785 0.032996057044345564
49787 0.1483602795999804
50019 0.0741801397999902
50429 0.01900482920495617
50499 0.055411670693968594
50655 0.006206705354385146
50719 0.0416028960494889
50721 0.06830762686373293
50807 0.005202679488234608
50864 0.04424471285491791
51203 0.036793349340795145
51554 0.015537731985133085
51702 0.008596576948783912
51811 0.07539620766556383
51852 0.01903928963928008
52178 0.03216201865454121
52209 0.015574138924931107
52571 0.02382988946942691
52893 0.06051537720525517
53404 0.00507074825534663
53678 0.030543898365447547
53762 0.04719436037857911
53950 0.125597894555896
53953 0.025550937042218853
54126 0.05422399934540126
54397 0.004851887823754073
54544 0.0022336904650798414
54858 0.022881436157210912
54859 0.032045553343479645
55137 0.38935347312327767
55762 0.17304598805479007
56253 0.03555739480577878
56349 0.017709856666938393
56502 0.0010431319273303229
56742 0.005406389289325968
57298 0.06489224552054627
57334 0.05021441458959366
57335 0.33856823749850234
57511 0.012992001885873992
57568 0.011884156763822722
58162 0.0022629137607239305
58172 0.005205260335872696
58174 0.005081954328839109
58175 0.0049720742352425875
58176 0.004326593290309872
58177 0.003336284785164682
58178 0.004916079206101991
58179 0.007709318649934461
58180 0.00849191314705528
58181 0.01324412283000807
58182 0.001915268599906813
58183 0.002532380312996928
58184 0.0068608541519520295
58218 0.0032162018654541213
58353 0.00495021470774507
58367 0.011300168716460425
58411 0.09386058505304884
58442 0.023585480346663554
58490 0.004473899482100577
58547 0.015079241533112764
58970 0.023111400339695443
59006 0.024995481889127136
59506 0.0614768909775887
59610 0.003306611236715734
59776 0.006895305348724727
60338 0.15586032580406345
60413 0.0011318414916374352
60500 0.002162279580441652
61381 0.0016484836692538727
61650 0.013369676359300562
61829 0.034594522879861735
61831 0.01402185569390059
61951 0.024487639819074068
62132 0.006979011635203936
62203 0.012463871727911635
62420 0.0017743706279318646
62443 0.024334225754494142
62552 0.030661124450662623
62682 0.030458070646353596
62821 0.04645624916767064
62847 0.07168644261956748
63067 0.02643200383677812
63744 0.0013084405882217336
63760 0.0018802815484870782
64136 0.005087575959733842
64389 0.12699831425633454
64430 0.02486037117621294
64488 0.00802647236928341
64678 0.11628761305399306
64788 0.010301497928680587
64991 0.008145470149022546
65055 0.037329830807250726
65185 0.011171148013288687
65444 0.021292447535182377
65498 0.1440577893056929
65694 0.010720672884847071
65739 0.08373192970393069
65740 0.00991019412626993
65841 0.013979236071730678
65892 0.031399473638974
65908 0.05133974406107141
65958 0.04508988889803327
65998 0.010494702779603172
66017 0.0019316122081475824
66070 0.004894449693567287
66106 0.0070060635986065704
66120 0.07787069462465554
66121 0.045351116765833525
66131 0.0676348333470499
66132 0.058217324906321435
66134 0.10811932510732329
66364 0.1442049900456584
66388 0.038741639116744046
66436 0.045011962210783546
66485 0.02801104123189048
66557 0.02804371138780118
66558 0.027214015784611793
66610 0.004495766048484256
66704 0.07075644103999067
66829 0.003442491517664217
67107 0.011188318193197634
67285 0.05562192473189681
67286 0.03185436265175388
67390 0.19467673656163884
68218 0.003769810383278191
68325 0.02149144237195978
68420 0.008284868569511952
68423 0.004549128256774869
68547 0.04693029252652442
68595 0.04399474272579409
68758 0.17697885141967165
68936 0.024607556630788594
69044 0.048995402934516576
69501 0.03864847619831423
70056 0.0033967272286553867
70620 0.16928411874925117
70621 0.2884099800913168
70622 0.12167296035102428
70623 0.07186201043124052
70624 0.10606452619210358
70625 0.08950654554558107
70626 0.09386058505304884
70627 0.22903145477839862
70652 0.2995026716332905
71025 0.011384080860394538
71221 0.0013478839656352287
71343 0.22995843337996968
71437 0.02200559171100188
71493 0.07346291945722219
71676 0.028566265016145297
71761 0.0020440749633775083
72308 0.10257474433258876
72727 0.06968437375150596
72819 0.061087796730895094
72909 0.13065440782537754
74061 0.38935347312327767
74099 0.06845299208142855
74100 0.0666546183710057
74149 0.008040504663635303
74165 0.1081537425342438
74340 0.08652299402739504
74363 0.0036128583406122494
74457 0.009641863034799567
74556 0.032581880596090185
74628 0.033087544371218656
74671 0.040343584803503446
74743 0.042194207959627465
74799 0.0016078413932169623
74886 0.0006650041451126942
74906 0.012071308838843551
74957 0.009848326911347738
75270 0.4326149701369752
75335 0.01949873107774025
75536 0.0357476736425238
75687 0.033087544371218656
75695 0.004325957752554317
76103 0.008054586107879848
76166 0.0017501127621906481
76321 0.004934730330042268
76333 0.05410786667763992
76429 0.0316547539124616
76751 0.09998192755650855
76864 0.27810962365948405
76873 0.0741801397999902
76942 0.054838517341306715
76943 0.021694191828299025
76950 0.04338838365659805
76951 0.051676052444937004
76952 0.009879090975927762
76958 0.056314792448892904
77166 0.09192258936648977
77184 0.014132612454565431
77235 0.04468459205315475
77318 0.001989259804324997
77437 0.06229655569972443
77566 0.03636740935428147
77746 0.02604371057680787
77747 0.010695741087440449
77749 0.027419258670653358
77932 0.042515803570687356
77934 0.09105539512718325
77935 0.04988622844241688
77980 0.05475200794761182
78082 0.013265876426687485
78594 0.01957093050042295
78650 0.05115447282210193
78658 0.09613666003043893
78691 0.061322248901325246
78777 0.08027906662335621
78940 0.017621335891185416
78984 0.0289255891043987
79000 0.037081283154597876
79085 0.006743649072726383
79249 0.019163202781664137
79457 0.09386058505304884
79459 0.125597894555896
79487 0.003601541634768515
79556 0.013852917673492149
79557 0.008844555129998833
79593 0.048927326251057376
79635 0.01775740798300924
79751 0.11451572738919931
79881 0.08111530690068285
79939 0.04877764558814095
79991 0.005514590728536443
79996 0.021046133682339336
80096 0.01087273916690164
80214 0.00585881358929859
80300 0.051676052444937004
80434 0.026280963814853675
80436 0.02986473160778827
80535 0.04098457611823975
80593 0.05562192473189681
80613 0.011244911167724678
80625 0.01200827328354933
80627 0.014788323690030204
80692 0.023111400339695443
80810 0.006627044189624486
80834 0.002770370518677951
80910 0.0851697901407295
80923 0.026131105578743468
81065 0.012882825399438077
81069 0.015871165238995778
81079 0.006140412106274223
81166 0.04719436037857911
81681 0.03313646579772576
81765 0.0351081577679343
81770 0.013028806423794316
81917 0.06599211408869113
81956 0.005770600586699363
81957 0.01439384373838365
81978 0.005547851227502283
81979 0.009685409779186012
81982 0.006854200696869438
81983 0.009502414602478085
82043 0.006099693193102643
82047 0.007539620766556382
82049 0.05191379641643702
82051 0.007382293206419571
82060 0.010976536199521226
82196 0.01735535346263922
82482 0.00545624307954117
82643 0.021292447535182377
82934 0.2163074850684876
83036 0.012140453824481983
83279 0.008913117572867042
83285 0.02797336095500563
83924 0.01329239499306183
84137 0.005208571537485157
84322 0.021694191828299025
84330 0.029165054166537654
84480 0.011029181457072885
84500 0.0323885117436577
84541 0.001696484200516191
84634 0.019243383546440975
84675 0.05748960834499242
84784 0.014238912283589453
84851 0.05370392732734865
84988 0.013894769388517804
85124 0.0035054639234751474
85300 0.16425602384283547
85318 0.03432215423581637
85421 0.0028425022667486976
85493 0.006189998206728659
85545 0.12360427718199292
85624 0.00889587750019225
85761 0.004359401580662932
85793 0.007416256630919575
85843 0.003581907061993297
85915 0.005903939239537089
85965 0.03171840460413375
86092 0.020550077203617952
86147 0.029294067946492953
86162 0.0357476736425238
86527 0.006223502933152089
86560 0.12167296035102428
86652 0.020716975980177448
86719 0.004396910772083549
86776 0.008710546718938245
87004 0.0020251733454863027
87225 0.02486037117621294
87271 0.05677986009381967
87296 0.002629599009490791
87581 0.005957472367356728
87606 0.01333092367420114
87676 0.0026958784686983545
88174 0.0034399167296928893
88196 0.01310304463703531
88217 0.014647033973246477
88257 0.010197713231927702
88297 0.01999638551130171
88488 0.01789559792840231
88549 0.11124384946379362
88586 0.07079154056786867
88629 0.023954003477080172
88822 0.08850782465590092
88960 0.08362124850180715
89244 0.09198337335198786
89302 0.025282693059953096
89412 0.0400850226482197
89541 0.09017977779606653
89543 0.02804371138780118
89544 0.05191379641643702
89546 0.041433951960354896
89547 0.07929601151033437
89567 0.08212801192141773
89756 0.1352696666940998
89768 0.013369676359300562
89809 0.11217484555120472
89819 0.01243018558810647
89940 0.006753551641115114
90037 0.05475200794761182
90072 0.003502794110890627
90238 0.011555700169847721
90314 0.01940577496877381
90353 0.023954003477080172
90551 0.0851697901407295
90567 0.03371025741327079
90573 0.004945342653332681
90628 0.008301748497471829
90653 0.021097103979813733
90862 0.04380160635808946
90864 0.12331427255428891
90955 0.04106400596070887
91304 0.016603496994943658
91546 0.09785465250211475
91589 0.1462404830830519
91691 0.12430185588106468
91692 0.0666546183710057
91745 0.0741801397999902
91746 0.1533056222533131
91747 0.04508988889803327
91749 0.09198337335198786
91750 0.08068716960700689
91751 0.08844555129998834
91752 0.02035030383893537
91753 0.09998192755650855
91755 0.1483602795999804
91756 0.11451572738919931
91853 0.07865726729763185
91854 0.05608742277560236
91886 0.0666546183710057
91887 0.10667218441733635
91890 0.12360427718199292
92032 0.022544944449016634
92112 0.005292484082392857
92195 0.007186201043124053
92255 0.11792740173331777
92265 0.33856823749850234
92552 0.11355143392331088
92556 0.052262211157486936
92561 0.018035955559213307
92853 0.0067772580178116215
92908 0.026280963814853675
92978 0.0039229569080431
93204 0.014032538446281512
93218 0.022218206123668566
93260 0.016908708336762474
93306 0.0316547539124616
93317 0.05475200794761182
93545 0.011834452070616341
93956 0.0013598961169720264
94060 0.10452656062725894
94450 0.11490323670811219
95326 0.17148391027080803
95584 0.08212801192141773
95585 0.037698103832781917
95586 0.08652299402739504
95712 0.17304598805479007
95938 0.00489794320298125
96114 0.029608629134850014
96121 0.07539620766556383
96183 0.002352391556588318
96375 0.040769997185683526
96377 0.02200559171100188
96717 0.21448604185514278
96866 0.10113077223981239
96876 0.15859202302066874
96960 0.032718779254056946
97015 0.021391482174880898
97162 0.12534898549975876
97181 0.04991711193888175
97205 0.11451572738919931
97231 0.03171840460413375
97901 0.01862011606315544
98259 0.0017730121726925211
98658 0.025550937042218853
98659 0.01559040226304879
98875 0.03999277102260342
99530 0.03005992593202218
99553 0.04181062425090357
99594 0.022218206123668566
99763 0.012039708553925114
100193 0.05849619323322076
100232 0.0673311058732007
100387 0.021000770171686726
101177 0.17304598805479007
101506 0.024995481889127136
101528 0.007589387240263025
101892 0.014262031982537643
102158 0.17304598805479007
102296 0.007641873859141859
102992 0.22995843337996968
103344 0.18540641577298936
103538 0.10267948812214282
103579 0.40984576118239757
103873 0.0535769869951468
104181 0.06968437375150596
105047 0.017689110259997667
106577 0.011328001644333481
106581 0.11217484555120472
106746 0.009857049952488041
106748 0.009347903795933726
107298 0.025409771644195542
107428 0.09017977779606653
107464 0.003468452992156405
107753 0.03484218687575298
108253 0.030866903809391902
108264 0.10606452619210358
108483 0.09801353189578307
108718 0.12360427718199292
108902 0.005748960834499241
108914 0.028389930046909834
109097 0.023585480346663554
109491 0.003694055722232236
109695 0.02317580197162367
110188 0.003266455019601842
111240 0.0003868098122455335
111774 0.05347870543720225
112286 0.01446279455219935
112692 0.004181062425090357
112760 0.001644322012012654
112993 0.004283316536009655
113228 0.021073956077470358
113543 0.0794598924741383
113849 0.010197713231927702
113851 0.009272517474998776
113852 0.025838026222468502
114244 0.027506191121132118
114268 0.1352696666940998
114318 0.04070060767787074
114356 0.0345802155458601
114600 0.005967103036372071
115040 0.01364738477032461
115044 0.00585881358929859
115075 0.014107879348464396
115096 0.002896201931737653
115194 0.044795796968700875
115275 0.002800955339585501
115549 0.012103075441051034
115768 0.0006217613448153837
116036 0.05128490774454072
116322 0.01602497793588639
116677 0.004452244595933585
117081 0.018323381145814315
117334 0.024622122151738327
117610 0.09386058505304884
117640 0.0011578974490431503
117871 0.13594185751382287
117904 0.005093210041638309
119210 0.09161258191135944
119318 0.010378356863958521
119428 0.05226328031362947
119549 0.0414205822471572
119674 0.0370900698999951
119799 0.030458070646353596
120036 0.05475200794761182
120391 0.024206150882102068
120405 0.1198010686533162
120431 0.032851204768567094
120944 0.012499308928516138
121165 0.006743649072726383
121342 0.07362727047185819
121488 0.07075644103999067
121489 0.055411670693968594
121491 0.15574138924931108
121492 0.12217559346179019
121495 0.12167296035102428
121607 0.10667218441733635
121608 0.10667218441733635
121701 0.007835040319590108
121734 0.0041396657674161955
121768 0.03332730918550285
121772 0.012896557294161826
121981 0.01940577496877381
122083 0.023384592980377036
122237 0.008580538558954092
122448 0.05410786667763992
123565 0.06300231051506018
123791 0.21046133682339332
123915 0.048412301764204135
123916 0.12167296035102428
123917 0.18540641577298936
123919 0.036793349340795145
124532 0.11124384946379362
124901 0.2555093704221885
126098 0.0345802155458601
126388 0.013369676359300562
126756 0.02938516778288888
127339 0.022434969110240944
127867 0.002806082164490173
128054 0.2838785848082772
128110 0.029481850433329442
128464 0.4387214492491557
128861 0.2874480417249621
128890 0.006047538774111169
129385 0.010508865671343527
129767 0.012297242426736344
129775 0.01796550260781013
130021 0.01948800282881099
130481 0.0105244134270009
130548 0.14158308113573734
130651 0.0998342238777635
130990 0.016971102094462707
131029 0.0066175088742437315
