0 0.0015195073258586847
119 0.0022428380184770598
139 0.0020247450925507736
168 0.025630078645326654
169 0.0036637518504514374
205 0.005919054084427626
211 0.0029943458367014514
252 0.011584434422379783
262 0.0030990206735028716
268 0.008175115534949519
269 0.0024669532020178664
278 0.0021283737783899864
293 0.0020052473101241064
351 0.03892369965919607
357 0.0019215886482620492
389 0.03222160567814244
392 0.008965809166745003
393 0.0011450841274181004
420 0.002228796361612235
428 0.009044038355316164
467 0.0030015190977171553
526 0.002069963563261361
594 0.006184642674073754
603 0.005209274579656861
613 0.004660404652681522
620 0.006808218216418381
640 0.0010418549159313722
690 0.0029434134648514874
859 0.01851223380194661
900 0.0008750831757912785
936 0.0005418109640756691
965 0.002360728994371426
1032 0.0016334307296472952
1035 0.0034069247484972047
1037 0.0025880119454252705
1038 0.002081036123780799
1039 0.003069969724339131
1041 0.003535946553342666
1042 0.0010854922986474357
1056 0.0044053176694471875
1084 0.02748848845988423
1121 0.00329781586944205
1144 0.05431233671889335
1145 0.02773718532614896
1146 0.042138055843368855
1152 0.0033945210449308344
1178 0.016542056308968357
1181 0.014143786213370663
1184 0.000721771615101544
1231 0.0004543339674478951
1308 0.020272125670335157
1324 0.018931760534628438
1326 0.008846295377090016
1397 0.001514305153252259
1402 0.003065823854694082
1466 0.007405574516589814
1467 0.010336190767711721
1489 0.001786802224531586
1492 0.0030021661960153937
1493 0.002801069038376825
1498 0.0016549192031971116
1511 0.007851652565159593
1574 0.0013507669232091918
1644 0.001522359967897218
1877 0.008642029231615469
1922 0.016410247095351077
1991 0.0016234442633965662
1999 0.002374047274313038
2070 0.05905739516355948
2101 0.00774971217485065
2117 0.02913450573293119
2152 0.0024955904398261865
2189 0.005683951468924659
2249 0.011752324776327315
2265 0.036040462647403765
2267 0.018291212245862814
2296 0.0012919443593732097
2299 0.0016025897422264521
2364 0.006278016074063882
2416 0.0034765813085297754
2424 0.002170143825780334
2440 0.0018291212245862814
2537 0.0017186373922287207
2545 0.007797215476601776
2599 0.008461673838955667
2605 0.0063936877289617715
2623 0.0016823867418393876
2631 0.002875373138522248
2638 0.0016164327100995045
2691 0.037426634287688526
2761 0.003096971444310617
2781 0.0013598274056454748
2786 0.0017364248598856205
2787 0.0014567252866465594
2791 0.002942122872095086
2793 0.001812765446125003
2794 0.0015280975054646699
2795 0.0015261801936635848
2798 0.0014860911598654578
2807 0.0017156073545132257
2811 0.003278613515767863
2824 0.0014961446670970198
2826 0.0016566096211779054
2841 0.002680749769562721
2875 0.009949207780031692
2933 0.002481112930851356
2942 0.002425778575343416
2950 0.0030735707248259686
2951 0.0015401907114275114
3045 0.0042052398076054525
3081 0.0016777456749653475
3116 0.0016031177783853404
3118 0.0014029591861013577
3121 0.0016929236107861895
3123 0.0016148232517090967
3142 0.0017012106494403876
3154 0.0013861716402847602
3155 0.0017495370217186293
3158 0.001551486752997292
3165 0.0016988346569132362
3182 0.001467711148536805
3183 0.0016218208191331694
3193 0.0018865693902285802
3201 0.0027450663251803536
3205 0.0016882243086049646
3209 0.00363112350752203
3214 0.0014033638469568815
3215 0.0015068016281819475
3221 0.001633253594293222
3222 0.0016041748952850341
3223 0.0014690405970409143
3228 0.001488364165616246
3231 0.0016571738615120942
3232 0.0027746527591331225
3237 0.001852803677608343
3241 0.0017953736005164238
3243 0.0015858743342240902
3244 0.001819544673672217
3245 0.0018499857252469612
3246 0.002251486560573581
3247 0.0019013139731924615
3248 0.001989964195255423
3253 0.0013196263784647432
3255 0.001665683826566076
3259 0.0015161927258957645
3260 0.0013377680663732496
3266 0.0015242676871552343
3267 0.001253016342364025
3268 0.0016905706940234567
3269 0.0016515486956549586
3280 0.0014811149033179631
3283 0.0016777456749653475
3285 0.0028396911554175253
3289 0.0015695040185159704
3321 0.0012864787037016152
3323 0.002842630794294769
3326 0.0017382859797783166
3330 0.0017089787345976495
3344 0.0026210448749176716
3354 0.002874369868062192
3356 0.0015853575944605762
3361 0.001551486752997292
3365 0.0043501032695140406
3366 0.0018570467394654613
3370 0.0016662542662327084
3371 0.001687638729587065
3376 0.0031992015696567927
3379 0.003718397415568809
3381 0.003030884489281178
3382 0.001786802224531586
3409 0.003364322669901796
3427 0.0007990577200524731
3632 0.014531196027951157
3685 0.003091145144472369
3712 0.02948765125696672
3742 0.01938431257928091
3836 0.03801142544843366
3962 0.00120971219726492
4016 0.001555454749808027
4239 0.00797712445558746
4590 0.003189677369871696
4591 0.011718270329823957
4671 0.0015730560806335302
4691 0.012905735961271906
4694 0.0013065151604187723
4754 0.004051176067776443
4971 0.09540122465489233
5046 0.0035028527411083573
5209 0.01253985169432863
5216 0.02226471362666552
5403 0.0025866360751725195
5473 0.002677744885745464
5493 0.005717347188483559
5523 0.012317626474429135
5551 0.02469777897157111
5600 0.003589343564384564
5891 0.007888426038998168
6080 0.003500332703165114
6129 0.0031089146206539973
6151 0.030794066186072836
6193 0.018291212245862814
6223 0.009132975656171
6463 0.005716605429016728
6514 0.019698228572467644
6578 0.008506053247201937
6775 0.02948765125696672
6777 0.03658242449172563
6883 0.005382356452535043
6956 0.030286558977449415
7268 0.02191649755585364
7458 0.005045617476096666
7607 0.01922922655960819
7689 0.03767793100794077
7953 0.1445253340678288
7987 0.010836219281513381
8353 0.003681016599362136
8444 0.011819144966809528
8565 0.016633847602196238
8701 0.009502856362108415
8702 0.009267547537903825
9159 0.0074168635021333975
9173 0.051296633423769965
9279 0.0014597847156914217
9320 0.00214195112893038
9566 0.0172534129695018
9708 0.00756681564136782
9754 0.07163429601622819
9755 0.03003371887283647
9772 0.0007663352429358179
9796 0.01757438778511523
9887 0.03970419732160892
9990 0.06994232305019864
10006 0.027925234040224546
10010 0.003698121668287144
10183 0.017012106494403875
10196 0.004298111711483665
10414 0.023850306163723082
10469 0.007083356871768049
10512 0.003040914035874693
10698 0.053493143129001566
10951 0.015252233408775889
11386 0.0065133366230247765
11403 0.009240469957603574
11517 0.02748848845988423
11891 0.002799460562370258
12053 0.00238854317987212
12137 0.04547161175139727
12659 0.00897686800258212
12775 0.026746571564500783
13117 0.01611080283907122
13182 0.01481962163011894
13340 0.017012106494403875
13359 0.008830240394554462
13395 0.014545184192524145
13428 0.026488566051016856
13469 0.03200962143025992
13481 0.023300595648557756
13515 0.0008891561508405534
13574 0.022842772490272816
13592 0.04547161175139727
13731 0.015037878207882105
13733 0.015252233408775889
13914 0.008608091997770366
13949 0.03230566290927937
13950 0.012157513744851281
13973 0.03159391206103577
14080 0.014062030223698
14573 0.01382233652670315
14588 0.010472532618617383
14819 0.005710636687088625
14965 0.018291212245862814
15155 0.16071040756788688
15456 0.006245779791270229
15664 0.0021293052329975967
15712 0.032820494190702154
15845 0.02264017583847439
15846 0.08388728374826739
15907 0.006558872644797963
15977 0.009730924914799018
15982 0.010788165094012214
16003 0.003177963721358268
16004 0.020792574604271405
16020 0.013744244229942115
16407 0.006221818999232108
16455 0.0021117458582463142
16459 0.0029559310190762503
16542 0.001546844311945455
16606 0.0007226292079904216
16618 0.02718135451061178
16899 0.020881813121886302
16920 0.001920072003709356
16926 0.005670702164801292
16942 0.006957723008332974
17054 0.0361313335169572
17273 0.0036692778713420127
17455 0.009737522508116124
17514 0.015594430953203552
17569 0.01814525119353798
17602 0.007638088630140516
17721 0.0010938539697390981
17763 0.01347773533905681
17983 0.04383299511170728
18321 0.002124656094934283
18375 0.0022298178081574284
18428 0.0014268680872966662
18459 0.030990206735028718
18581 0.010157541664717136
18706 0.004817289561781691
18707 0.0025039343592298605
18988 0.004359733384766584
19231 0.00607423527765232
19253 0.03849506561619739
19348 0.004929546562714801
19358 0.0737191281424168
19393 0.06922642051988438
19394 0.063368800322048
19395 0.04158514920854281
19399 0.0063935117705644
19418 0.003917441592109105
19499 0.001805366403487758
19512 0.08763770257304512
19616 0.0009195733240218311
19646 0.017055784765768616
19647 0.0018577558065672045
19680 0.026152203307511876
19759 0.08816751526293794
19814 0.028387348719640524
19847 0.02966745400853359
19848 0.02018864090207265
19862 0.04723749958640299
19881 0.019859030438365344
19955 0.0773539341147875
19978 0.055668856096797864
19979 0.06081828071749386
20107 0.005418109640756691
20319 0.02162427758844226
20549 0.017757162253282877
20621 0.012475544762562843
20626 0.013079200154299754
20633 0.015063351261298789
20652 0.013941153173064493
20670 0.013628746379270331
20675 0.01066987381008664
20676 0.01359067725530589
21032 0.02534095029895577
21083 0.02913450573293119
21087 0.01750166351582557
21292 0.005000475290235877
21398 0.011695823214902664
21401 0.009465880267314219
21404 0.011838108168855253
21405 0.011667775677217046
21417 0.010788165094012214
21427 0.010073421236851985
21436 0.00911135291647848
21450 0.009849114286233822
21451 0.009749046203392
21459 0.008519073466252575
21486 0.004812524685855102
21636 0.007698516546518209
21659 0.0014394859341418664
21708 0.01477319519118656
21741 0.01938339774556763
21850 0.010396287302135702
21860 0.0046828320090466875
21875 0.009010115661850941
21887 0.06435893782708
21890 0.12155618218038033
21893 0.03714093478930922
21937 0.06318782412207154
22134 0.009465880267314219
22495 0.02948765125696672
22600 0.0025051543405412513
22756 0.026881008051930985
22880 0.004559946070664956
22907 0.08878886350566911
23714 0.048172895617816916
23716 0.0016628374768966195
24351 0.01683551023321629
24491 0.0030774588598352364
24554 0.007976167962950014
24859 0.004679523053690169
24861 0.02162190037235234
24875 0.024238884397354853
24900 0.006198603492751122
24904 0.056424274259357816
24972 0.00852313798259762
25306 0.033259671997237616
25419 0.09555476822067212
25797 0.007261884264775386
25920 0.0034024212988807753
26150 0.002251486560573581
26189 0.00196663801835065
26320 0.010324286454147574
26662 0.004348045091509838
26690 0.029596287835223042
26789 0.014154543027261584
26827 0.0004018054717482458
26829 0.004024398652597089
27106 0.0010970603060652781
27303 0.013403477844075782
27330 0.0013355647700794696
27574 0.001303016191055037
27830 0.05592485583217826
27833 0.009692156289640454
27894 0.005764765944786148
27904 0.011895996228360656
28214 0.006476371102096102
28344 0.0046337737689519124
28384 0.006293310956353125
28724 0.004826847675991576
28822 0.023850306163723082
28873 0.0041943641874133695
28915 0.01826604526503032
29072 0.005460676158697541
29109 0.04789502349922233
29110 0.006713161935011144
29118 0.020357583503763634
29119 0.04123273268982634
29128 0.015695040185159704
29129 0.012670475149477885
29133 0.03525697432898194
29134 0.02615840030859951
30168 0.009714556653144153
30339 0.00406811242257484
30342 0.012719609782735307
30377 0.011956377419254342
30399 0.018291212245862814
30748 0.0125076155717211
30786 0.006258989555974649
31497 0.00990137505032
31873 0.016170509228876008
32077 0.011553918712294869
32375 0.007368465153726513
32503 0.0027272771622194555
33085 0.002869363999256789
33587 0.016662542662327084
33675 0.06401924286051984
34118 0.00737191281424168
34372 0.015900204109148722
34389 0.016881032872676723
34517 0.008260547465873529
35076 0.009447499917280599
35435 0.02052937745738189
35512 0.02802021782947701
35689 0.029007725293045312
35937 0.017198213031035994
36456 0.22273898592742214
36970 0.022842772490272816
38316 0.013149898533512186
38322 0.03096971444310617
45413 0.016549192031971117
46686 0.004865462457399509
46897 0.006097070748620937
47478 0.003882160245931311
47542 0.00547912438896341
47631 0.2703034698555282
47665 0.005394082547006107
47795 0.017376651633569672
47803 0.05068190059791154
47827 0.014226498413448854
48045 0.012255572940552918
48223 0.06757586746388206
48310 0.007095559036921827
48375 0.010396287302135702
48721 0.05933490801706718
48731 0.05528821504608216
48802 0.02124656094934283
48913 0.004057933659215603
48979 0.012227685874270748
49202 0.11345243670168832
49204 0.007405574516589814
49527 0.008491208477137014
49538 0.03923760046289926
49768 0.024963466793534065
49829 0.002581147192254381
50466 0.00873512110843718
50562 0.001212156024237451
50820 0.002425454864107432
50909 0.010229449891042268
51098 0.00897686800258212
51213 0.008304735843136749
51281 0.06922642051988438
51286 0.016152831454639686
51379 0.03243641638266339
51414 0.0021828150614377957
51488 0.015426636935435068
51547 0.00348279345554725
51613 0.24963466793534064
51853 0.010271750675643692
51970 0.05385124392174506
52076 0.017716008692185467
52971 0.002962204613621105
53090 0.01534067791781423
53100 0.01785671195198743
54114 0.06158813237214567
54308 0.003033330709101938
54407 0.037616182839571875
54546 0.15689764359909422
54976 0.024327312286997544
55142 0.043587005512519796
55463 0.011667775677217046
55576 0.05176023890850541
55683 0.012604825019169711
56368 0.033098384063942235
56564 0.0013613493165639365
56731 0.001551124915795213
56802 0.012641452338337768
56854 0.005358438829735142
56996 0.010751551691113477
57188 0.0009075662110426242
57396 0.007548279661904613
57597 0.013141208884365443
57916 0.006036553917369117
58155 0.006674987749310015
58163 0.0038830506443731116
58182 0.0007918815766477209
58186 0.0034753303267139346
58221 0.004027700709767805
59234 0.021852189669299592
59317 0.004007794445963352
59349 0.011402716971440586
59386 0.04021043353222734
59420 0.0016645441181660993
59536 0.011954453212283804
59589 0.0270985001377179
59992 0.01595233592590003
60322 0.042030326744215515
60401 0.02748848845988423
60404 0.0020520718926189405
60413 0.0007071893106685332
60690 0.0293100148036115
61354 0.01508780960048762
61778 0.0075316756306493945
61814 0.0034360610574855287
61836 0.005637847575202211
62023 0.007872916597733834
62626 0.003091145144472369
62835 0.06158813237214567
63328 0.006461437526426969
63888 0.004024398652597089
63923 0.05040345086577967
64018 0.10313857881971665
64332 0.0060440527421111905
64399 0.04054552047832924
64463 0.035055081029218046
64645 0.07261884264775385
64885 0.014788639688144402
65017 0.008954634621197525
65025 0.01309066577327173
65030 0.004812524685855102
65076 0.004990217905025137
65327 0.010052608383056836
65427 0.001277200626645929
65728 0.004500890339870036
65822 0.012604825019169711
65858 0.0012826152444388404
66013 0.02100971050031265
66069 0.011809374896600748
66412 0.018067840897145426
66454 0.009225021323478433
66513 0.023967795356647826
66545 0.00415851492085428
66578 0.023011016876721344
66632 0.030600392813833387
66757 0.06952350674450883
66782 0.021406120132394024
66870 0.0028059183722027154
66930 0.0849272581635695
67027 0.02327972467655267
67165 0.0030182769586845587
67223 0.0007607039489367587
67233 0.07051394865796388
67467 0.003278613515767863
67515 0.046073117564813394
67582 0.0043095327346319824
67850 0.03771676323565511
68137 0.0058968819197324565
68165 0.013515173492776414
68474 0.006990606979022282
68493 0.003754214859104559
68866 0.019301926849058505
69282 0.012871593802644202
69304 0.03853101623830924
69432 0.009180117844150015
69449 0.005100894143570427
69511 0.004439290563320719
69543 0.01651292077546177
69845 0.007898478015258942
70044 0.01280384857210397
70167 0.028287572426741327
70281 0.006684991898970515
70289 0.005930845242524292
70306 0.031188861906407104
70452 0.000680865163364051
71030 0.014788639688144402
71172 0.02644273074673646
71329 0.0046176816378174
71331 0.007251061784500012
71359 0.00684801392249007
71364 0.0037340463986181953
71394 0.00527905288892435
71430 0.007550819470088213
71462 0.0029398564697278
71525 0.009197471564082247
71534 0.006466573339551583
71539 0.06237772381281421
71547 0.0028915212502163006
71625 0.02892555043385821
71626 0.053493143129001566
71629 0.14689124716470298
71630 0.01474382562848336
71646 0.005547847727935586
71680 0.048855116283023685
71715 0.026488566051016856
71742 0.01465500740180575
71744 0.0172534129695018
71769 0.023168868844759567
71782 0.14310183698233847
72087 0.005876162388163657
72094 0.0038280585817462693
72099 0.020807214384109273
72131 0.015904692638812293
72157 0.003609393514391327
72217 0.0014021505640920775
72256 0.0035907472010328475
72261 0.008491208477137014
72602 0.0036609950770500437
72603 0.0012288102687747972
72638 0.005426840607290014
72746 0.10759425591409374
72754 0.004865462457399509
72761 0.0004603522052606215
72911 0.005683951468924659
73018 0.009512637461739307
73437 0.006151027126927318
73581 0.005116154003574667
73625 0.052905281363481604
73766 0.03831601879937786
74115 0.022015667228052076
74262 0.00756681564136782
74265 0.0027135875389846676
74336 0.0009843136672869732
74425 0.005510330462786783
74555 0.011751703340750699
74591 0.0034215629095636487
74629 0.001685884427373357
74726 0.0013802730375601442
74730 0.00407013045546751
74784 0.001073449114860667
74945 0.00541970002754358
74946 0.009615538453358712
75074 0.022379671006030354
75136 0.01601792557502203
75141 0.010836219281513381
75188 0.01745327127514034
75206 0.0021770465226919242
75306 0.0014784146026738099
75315 0.061107503296489334
75346 0.013009257907485316
75476 0.005708900929914235
75512 0.017438933539066337
75625 0.006034524753811317
75974 0.0035854550165066385
76116 0.0007128882721464481
76722 0.03801142544843366
76763 0.028789718682837327
76915 0.025473625431411042
77079 0.010157541664717136
77781 0.008493361833454992
78057 0.01676636995591453
78058 0.00043651674660164484
78437 0.0052037031629941265
78444 0.002812544910162595
78701 0.01605763187260564
78774 0.002892664956836806
78888 0.03390100428751539
79143 0.011556917951067716
79145 0.005631322288656838
79227 0.008109104095665847
79900 0.0074395450418952725
79901 0.015831236465756036
79918 0.00022332977404753094
80459 0.012572254411885034
80464 0.009465880267314219
80631 0.0073385557426840255
80805 0.0204431195689055
80834 0.0011231446115880675
81339 0.06045772475172887
81468 0.06223589312677972
81571 0.00541970002754358
81861 0.0023638289933619054
81971 0.010182872734074465
82234 0.002255661779044742
82393 0.006444321135628488
82535 0.005031502024198044
82558 0.016493093075930537
82630 0.005068190059791155
82660 0.02454317676900825
83043 0.02340811618212293
83465 0.013775826156966958
83773 0.004371484687690484
83976 0.02350464955265463
84247 0.0037369143297999296
84311 0.03022026371055595
84590 0.08035520378394344
84593 0.07211444488405575
84770 0.008068760294194873
85100 0.011057869221362518
85415 0.0011620742053697617
85435 0.019461849829598036
85462 0.01322136537336823
85932 0.036029710577237875
86111 0.009392784666794418
86235 0.018713317143844263
86384 0.0015263931891543897
86391 0.000374958574090591
86413 0.0008102352135552888
86527 0.011147420895624142
86548 0.0030076466016306105
86574 0.000930476660432111
86577 0.0013421218706201109
86578 0.0003786352106925688
86584 0.0005407271012891207
86619 0.02748848845988423
86786 0.009502856362108415
86793 0.00460735125384018
86815 0.07563495780112554
87159 0.10184583882748223
87675 0.0099969466124906
87692 0.0184297820356042
88189 0.0037804681098675278
88470 0.010825800007803255
88584 0.15695040185159703
88975 0.03923760046289926
89057 0.0014668261855289443
89193 0.0074395450418952725
89196 0.027839145939571618
89253 0.02796242791608913
89326 0.02080288899461172
89500 0.01671980225910484
89520 0.014021505640920773
89749 0.020099841147936906
89778 0.006970576586532246
89798 0.006736342815937812
89834 0.004247387397317783
89887 0.0144331032348924
89922 0.026299797067024372
89951 0.013971631319293592
89952 0.024183089900691547
89973 0.010497100797825839
89983 0.010376794658559004
90056 0.01167802588526867
90092 0.011981863391468497
90152 0.02538916053760501
90226 0.003680380073675876
90243 0.007557789656322269
90336 0.011556917951067716
90428 0.06862768755601655
90649 0.014427222490133524
90882 0.10184583882748223
90884 0.006610682686684115
91094 0.06486570111705701
91215 0.016218208191331695
91224 0.009749046203392
91285 0.005154091586228293
91458 0.007213611245066762
91669 0.0028620367396467693
91693 0.01142127337417725
92341 0.05724073479293539
92363 0.06574949266756093
92436 0.009134875465121773
92779 0.05068190059791154
92812 0.013044135274529514
92886 0.058620029607223
92958 0.040886239137811
93008 0.05592485583217826
93301 0.17162383420554667
93315 0.008535899048069314
93496 0.009210501732128378
93668 0.008911103401830602
93918 0.27600265647528394
94588 0.0561028533140217
94911 0.04633773768951913
95071 0.05466811749887088
95245 0.03801142544843366
95276 0.0228425467483545
95508 0.014062030223698
95595 0.008550900628118644
95670 0.007448412334417939
95847 0.012313758791323726
95966 0.03824133192127428
96213 0.02032801012349891
96231 0.009612536804978112
96631 0.0368595640712084
96683 0.005947998114180328
96780 0.01280384857210397
97168 0.10136380119582308
97335 0.04633773768951913
97413 0.00041138601990356883
97415 0.13090665773271729
97416 0.04305718988849123
97472 0.001131895989332908
97524 0.012157513744851281
97636 0.0033578070789506615
97938 0.002614434420956211
98199 0.0004446187021291701
98370 0.015157203917132425
98374 0.02534095029895577
98508 0.004137298007992779
98862 0.02470062684409156
99072 0.023967795356647826
99336 0.015630550963032515
99352 0.05015940677731452
99679 0.0330443990393267
99924 0.019131268855800958
99931 0.02733405874943544
99948 0.030286558977449415
100047 0.004809074163377841
100100 0.013175121681486386
100279 0.028124060447396
100318 0.017544177008603185
100995 0.007898478015258942
101034 0.009415955017581017
101048 0.01283763181371902
101078 0.06379354739743393
101080 0.0552893461068126
101081 0.05466811749887088
101085 0.03831072801101975
101086 0.020792574604271405
101125 0.03892369965919607
101135 0.02601851581497063
101161 0.08581191710277333
101178 0.004884350397888888
101408 0.010575024443987472
101679 0.061107503296489334
101723 0.028287572426741327
101774 0.006487283276532678
101996 0.011983897678323913
102299 0.03073859717114269
102336 0.03200962143025992
102471 0.030634368407211014
102474 0.019698228572467644
103064 0.006646806635791678
103532 0.006748214226628999
103594 0.04167640531898755
103856 0.099969466124906
104124 0.004245604238568507
104184 0.01911355926187063
104281 0.007000665406330228
104316 0.016327055226172848
104418 0.005876162388163657
104420 0.02966745400853359
104427 0.012286521357069468
104450 0.0073496411743194994
104614 0.010073421236851985
104963 0.022488743191421655
104993 0.011584434422379783
105043 0.032109180198591034
105051 0.0033244326238362557
105062 0.04230836919477834
105144 0.018595810478253365
105218 0.04179446426959594
105233 0.0036013785769056315
105248 0.07921100040256
105694 0.012224780043717359
105844 0.015900204109148722
106147 0.002075048877044393
106149 0.0013451651803703369
106151 0.001759024749602136
106193 0.033098384063942235
106506 0.007305499185284547
106711 0.012350740692453135
106717 0.01142127337417725
106872 0.02820640691478439
107073 0.0036237283477943117
107506 0.04620234978801787
107548 0.03923760046289926
107816 0.0016234442633965662
108017 0.011809374896600748
108022 0.0053174453086333425
108069 0.05636128944821832
108285 0.006592767557451909
108779 0.0027581986719951864
109014 0.11939049336038031
109349 0.03348757740596033
109735 0.010764297472122807
109979 0.09691698872783813
110063 0.016327055226172848
110110 0.02615840030859951
110111 0.026299797067024372
110694 0.033922655492199166
111032 0.02420628088258462
111077 0.010600136072765814
111251 0.002936878446298125
111353 0.03003371887283647
111364 0.016777456749653478
111374 0.0368595640712084
111375 0.009692156289640454
111380 0.06487283276532678
111404 0.0368595640712084
111567 0.0043364193024951056
111634 0.00911135291647848
111773 0.02034060257250924
111775 0.03726539891661296
111804 0.0258242759933111
111806 0.02805142665701085
111828 0.05237702407038514
112052 0.020881813121886302
112228 0.011752324776327315
112623 0.019940419907375037
112760 0.001739528944368791
112815 0.04305718988849123
112910 0.0125076155717211
112950 0.002561549764261891
113092 0.0650364286824965
113219 0.020971820937066846
113730 0.08671520044069728
113737 0.008491208477137014
113870 0.0020030722344172532
113879 0.02745981347288747
114099 0.013114454063071452
114482 0.13962617020112272
114509 0.001565464111132403
114513 0.003968566441598294
114539 0.0009362363952569885
114547 0.0013455371840153509
114552 0.0003377855080116293
114553 0.0037747575982077447
114568 0.0001233261294078756
114660 0.007000665406330228
114700 0.10322050567368342
115196 0.01900571272421683
115295 0.0345068259390036
115468 0.04992693358706813
115514 0.010623280474671416
115563 0.022525289154627353
115603 0.0228425467483545
116024 0.005018230117732435
116395 0.03022026371055595
116678 0.0034527709424551803
116687 0.01359067725530589
116733 0.022630057941393063
116739 0.019778302672355728
117056 0.0047700891962167
117552 0.04940125368818312
117577 0.0011301887241346128
117653 0.0541970002754358
117854 0.00906045150353726
117889 0.03927199731981519
118111 0.014062030223698
118176 0.0017907480520425133
118221 0.023604424188728483
118259 0.0272779604035306
118465 0.03362426139537242
118522 0.02191649755585364
118618 0.0009560743677342324
119333 0.022735805875698636
120204 0.04181697483180833
120229 0.014021505640920773
120500 0.04914608542827787
120543 0.009730924914799018
120723 0.03073859717114269
120851 0.02644273074673646
121142 0.008092282948788056
121147 0.02658722654316671
121193 0.037401902209347804
121313 0.04267949524034656
121552 0.015015763681105807
121624 0.020099841147936906
121688 0.012990737026910875
121716 0.012443637998464216
121757 0.019311711243833043
121809 0.007316113713913181
121915 0.017314813015656613
121925 0.00978966289215193
121939 0.04362928590330949
121940 0.0015553148863138612
121941 0.0012623175471334462
121942 0.001382302109036849
121964 0.01952119441200531
122124 0.0072402715139873635
122128 0.036040462647403765
122185 0.04267949524034656
122206 0.0014783146522588603
122240 0.06102180771752771
122282 0.011210742989399789
122361 0.07355307180237716
122518 0.09070645020572636
122585 0.07771645322515322
122672 0.027012484928973412
122721 0.048172895617816916
122757 0.047000695112867405
122770 0.02010521676611367
122782 0.03801142544843366
122817 0.048172895617816916
122843 0.0704097781356089
122914 0.02019103931829961
123024 0.02002247924855765
123133 0.0685276402450635
123170 0.03726539891661296
123206 0.020357583503763634
123435 0.08508932752626625
123453 0.16152831454639688
123489 0.002755075004189982
123520 0.027802642613711476
124141 0.0020656927580724152
124165 0.022950294610375038
124654 0.09256116900973305
124885 0.017986777383987424
126525 0.030794066186072836
126947 0.0009192258563006818
126989 0.025663377077464924
127315 0.017757162253282877
127546 0.012013487549134588
127576 0.001970420552518709
127998 0.01822270583295696
127999 0.028287572426741327
129142 0.0016319223537769893
129609 0.022421485978799578
129810 0.008993461104250478
130618 0.004105875491476379
