6 0.009215552531294198
8 0.0096450892766294
32 0.0009172428424159935
34 0.052905601985701
59 0.009396151007506051
60 0.003709712309276413
77 0.03533528034054883
134 0.054012499949124645
157 0.0036850633493554826
164 0.0025477594315624834
202 0.0007027648692265288
211 0.0011087609960230866
220 0.040261495850753594
222 0.0018904374982193627
253 0.006005232495562684
270 0.030246999971509803
271 0.011422583070811858
293 0.0012571833936115123
303 0.0017351422654606357
307 0.012315553734328095
314 0.0010002314805393454
320 0.06937034112062473
407 0.0017809114443894138
436 0.011422583070811858
457 0.003765811749440961
458 0.0020305451108693475
463 0.03979868417303921
474 0.0019867971605037967
480 0.02179832617979205
487 0.010136394092329023
507 0.005302769980979979
519 0.0004975490191391927
543 0.007019273947664277
548 0.002162971965926044
573 0.014597972959222877
587 0.007053871262012547
592 0.03946774077265088
625 0.010802499989824929
632 0.013748636350686273
634 0.0036530193202306523
685 0.00461261793665691
695 0.0006541306222212327
771 0.003959031409883482
773 0.006824684109095172
842 0.000907381692454971
865 0.00193928441086635
867 0.01909532826484205
868 0.007835468592741519
869 0.021854768765541762
886 0.01027411683814871
888 0.0014908813077439767
897 0.002425192428761209
910 0.018300772178703687
911 0.011448257671665293
916 0.006435191183653126
917 0.01725101469235357
925 0.00241127231915735
1010 0.008941804444103982
1024 0.004955275224690334
1025 0.0741348038517397
1032 0.000531918260613214
1038 0.00161714071703966
1043 0.0006416963673521258
1051 0.01428923625060228
1056 0.0020218582868656285
1091 0.0031665619735667715
1110 0.002561568425771494
1214 0.0025843301411064426
1221 0.0018772964232565666
1231 0.000842495161462407
1274 0.0013280207223177818
1275 0.029387373072015947
1349 0.02379768713854952
1354 0.0015444096116453128
1367 0.04154807688394204
1376 0.0014637533861551395
1397 0.001992398954332344
1405 0.014826960770347942
1418 0.009358601476333479
1507 0.0018861455039097883
1510 0.004043716573731257
1515 0.00439636627492875
1551 0.0014711210555087666
1620 0.017107445013412315
1644 0.001183002189123506
1692 0.0011415685375720788
1694 0.00492943285063719
1746 0.029500358710920833
1748 0.008817600330950168
1750 0.0036958699867436218
1755 0.019960797973674595
1756 0.04909438871290883
1763 0.014885334631648523
1795 0.002279008436671926
1819 0.0008756079195087367
1884 0.019278377530130165
1899 0.019785703254607274
1904 0.002910604308266917
1910 0.007349687531882688
1911 0.057103042304436184
1912 0.01022167971988258
1913 0.005282365740105923
1919 0.0010671394288565411
1952 0.00289402253176755
1959 0.07112864266966468
2028 0.0075017361040450896
2030 0.003614603247073351
2054 0.0034435598925604202
2079 0.004199884269886876
2098 0.001732966388811538
2101 0.003556796798154963
2102 0.0035769867515976586
2105 0.00925083502929165
2127 0.054012499949124645
2170 0.002056659079690074
2176 0.0022430195656166154
2214 0.011055190048066448
2223 0.006486183094249401
2247 0.0021075111462869147
2253 0.005991877965829993
2280 0.015432142842607043
2284 0.016525893731794566
2287 0.001129293607060551
2299 0.001245347495533177
2311 0.017750586837740494
2313 0.004696739126010839
2333 0.031467523048464896
2356 0.001578653443189447
2364 0.004878548382501581
2385 0.001158356310183433
2461 0.0012180653983372182
2470 0.01769450384184196
2510 0.009795012944141776
2533 0.005834683636479513
2541 0.07395312036148292
2553 0.033692514948788534
2571 0.0675156249364058
2572 0.005870923907513548
2577 0.0020354778506422324
2581 0.03706740192586985
2582 0.041111869064478265
2611 0.001093686721561679
2619 0.001118271220478771
2643 0.002467223485523727
2671 0.002302603530108846
2695 0.005626302078033817
2742 0.010795240877352143
2746 0.0026365934424258893
2781 0.0010567006697704655
2783 0.0014024017049105064
2793 0.001408671757242446
2840 0.0019558746838587906
2847 0.04962463442069629
2856 0.012904010226753328
2870 0.0010994111650010831
2920 0.00833538781285133
2949 0.0038462614409346136
2958 0.0027103046569453225
3051 0.0017375344652751494
3057 0.0034782658660889834
3063 0.015559156363945373
3082 0.001048495561963041
3083 0.002002996821110707
3105 0.010771723636577565
3116 0.0021092513477001056
3120 0.002112034919257612
3131 0.0019721435120979114
3149 0.0023309608488379274
3161 0.001118271220478771
3165 0.0013201379177509515
3177 0.0012877639633646883
3184 0.0013350547303809057
3185 0.0012860119035505867
3188 0.0012125962143806044
3197 0.0012773226339320017
3208 0.0012267602194804429
3215 0.001170912045970494
3222 0.0012465792932537835
3223 0.0011415685375720788
3240 0.0014203136725915572
3247 0.0014774814366700763
3249 0.0012025683830911976
3260 0.0010395587012479311
3265 0.0013585609042180112
3268 0.0027569807954983686
3275 0.0012331620992950831
3280 0.001948729936155197
3314 0.0029241105927600352
3327 0.0011826321540315062
3333 0.0012816525411656697
3337 0.00130735649946014
3340 0.0011637042155859419
3355 0.0012760293609310582
3356 0.001231956662247874
3368 0.0014586709091198784
3372 0.0012855746332671627
3379 0.0013768663497591863
3383 0.0013355263145315172
3387 0.0011488529311573154
3392 0.0014700136067024592
3395 0.001452506721643767
3400 0.0013992875634488249
3445 0.0018598805780459529
3477 0.006408262705828348
3537 0.0018689446349178076
3659 0.005746010632885601
3876 0.030738821109257932
4001 0.0063014583273978755
4041 0.00797652952835174
4043 0.004934446971047454
4061 0.0019211763193286208
4069 0.009388429431946845
4070 0.010561103342007612
4095 0.00828147197965048
4120 0.016367424227007467
4137 0.007607394359031641
4155 0.07712744385867254
4164 0.0020415091773427242
4171 0.04354814857326409
4219 0.004708437106399409
4225 0.0031169620745578937
4244 0.001097177886372236
4250 0.0034092651004857754
4256 0.0040722505345227875
4269 0.013471291561025984
4279 0.0020089665230811505
4301 0.0009838342431534545
4321 0.007001620363775417
4447 0.0011662168403574107
4462 0.03316879709984363
4463 0.18290222400770917
4567 0.019372684738655596
4572 0.004030783578292884
4599 0.060013888832360716
4620 0.020111037215099603
4628 0.0741348038517397
4642 0.046108231663886896
4678 0.0021666905423717623
4682 0.002464716425318595
4688 0.0030271216945065853
4722 0.002804803409821013
4739 0.0012220022612924126
4745 0.009066846514241547
4789 0.0013359982319571465
4810 0.0010632084106078428
4817 0.003348870678865124
4826 0.00439636627492875
4838 0.0013146296927811977
4849 0.005362943257359894
4922 0.014107742524025094
4963 0.001091791797989814
4964 0.0009490148083430534
4970 0.0016410047727598632
4990 0.011422583070811858
5013 0.020517877693172502
5017 0.001754466355656021
5133 0.0068868397020741805
5151 0.00762273184765872
5226 0.005745539992356485
5233 0.015388408269879377
5234 0.014826960770347942
5307 0.013600269771362321
5308 0.006845417922395441
5318 0.0028686456725635244
5324 0.006883417032548195
5348 0.006606653396706332
5396 0.0005328177841655475
5408 0.0034344425900650617
5414 0.001948729936155197
5419 0.011815234363871017
5527 0.004522577746936274
5584 0.001912430448375683
5685 0.005584748886910968
5703 0.045892580753371305
5704 0.005601296291020333
5715 0.004118600213985539
5782 0.0068868397020741805
5869 0.006311978291216569
5895 0.005265842613424408
5952 0.01583620956321245
6073 0.004827735927805295
6129 0.0015700273052618474
6138 0.013266228057679737
6139 0.003456010051589328
6157 0.006691814152988894
6205 0.0037103778178986507
6211 0.002247844825468921
6381 0.08096521152494189
6409 0.003915338128605395
6438 0.0007662900276527615
6463 0.0031519339440028663
6485 0.0041649823293883025
6505 0.030006944416180358
6555 0.023194122609673264
6571 0.0011189331152526563
6627 0.006259726815295902
6628 0.07711351012052066
6633 0.011431389000481823
6718 0.003379924942064319
6741 0.0031692162585404233
6761 0.014944169946398122
6780 0.08219293470518968
6880 0.01948904637339549
6883 0.001419780321606731
6884 0.009176881059317294
6899 0.12196370956253952
6921 0.006935620628678029
6939 0.007576903800478406
6979 0.0103585616340787
6994 0.03150729163698938
7004 0.0048225446383147
7143 0.0025189040615847605
7209 0.007876822909247344
7218 0.010330259553111272
7220 0.014942732070516584
7246 0.003381820211483654
7259 0.013275468443764378
7263 0.002979412920755497
7270 0.004191657423989717
7342 0.0013336419740524604
7362 0.0015980029570746936
7399 0.014055297384530575
7401 0.051792808170393494
7458 0.0008454550528709135
7559 0.0007899864179771679
7577 0.015063246997763844
7585 0.009803979288280522
7586 0.0065876329495639695
7607 0.007120291895364831
7655 0.01575364581849469
7822 0.008082800303370986
7826 0.0013378892414857486
7875 0.006558993688801046
7881 0.012496233634488806
7890 0.0017901870248289418
7933 0.0032565676110583334
7957 0.020387190574107712
7986 0.0041051845781093655
7999 0.035668632041874766
8031 0.018443292665554757
8037 0.016414302154538003
8049 0.007443695163104443
8051 0.013748636350686273
8257 0.00842065700765863
8268 0.03780874996438725
8273 0.00842065700765863
8276 0.002702555394166351
8353 0.0015148078183317133
8549 0.015819560654555333
8685 0.02780055144440239
8843 0.009405161682683396
8933 0.0027581119518611894
9100 0.04220526983746971
9129 0.015062536094752521
9181 0.014025627356083896
9182 0.019899342086519604
9185 0.013586627961377235
9236 0.0077407229023818865
9338 0.005619398533600783
9339 0.0009971574584550086
9351 0.011087609960230865
9352 0.02625607636415781
9397 0.006462951779441918
9423 0.024874177608149507
9453 0.028427631552170863
9527 0.00646624024269679
9529 0.004801639533848279
9665 0.014321496198631534
9777 0.0034911126467578255
9819 0.0046448095779345515
9838 0.008752025454719271
9871 0.007860446978043088
9873 0.04959119205902691
10009 0.008439453117050725
10010 0.0010293697240508373
10026 0.002700624997456232
10060 0.004661991364289427
10090 0.05334648200224851
10092 0.022890855122694558
10125 0.09414085059220326
10146 0.0011162297890618693
10151 0.022505208312135268
10154 0.005898400930481631
10188 0.002862130958696991
10203 0.017683916685828235
10215 0.0008017122553941317
10217 0.002877378231688527
10243 0.009130714303158004
10260 0.01153437448697265
10263 0.017918838845681163
10290 0.007370126698710965
10330 0.02681471628679947
10401 0.0015879357397894688
10420 0.011660433224535192
10430 0.009744523186697746
10469 0.0032509673228191963
10501 0.011388177700116643
10530 0.00199115951485842
10540 0.04886700641427344
10580 0.010895893361494885
10588 0.009694551272919807
10604 0.01223584141242306
10609 0.0051960859093099195
10644 0.010990915687321875
10647 0.022110380096132896
10655 0.03658044480154183
10727 0.008813228429927098
10781 0.011492021265771202
10822 0.009620547064729581
10828 0.042009722182652504
10830 0.02198183137464375
10893 0.0009034348856484408
10916 0.003285608406446073
10921 0.001994132382087935
10930 0.02262041639671315
10988 0.051092905357280075
10998 0.0031639121309110668
11164 0.049748355216299014
11168 0.0058461898084655895
11199 0.05907617181935508
11392 0.041568687274479356
11396 0.004720927610818452
11463 0.008793376154216787
11485 0.013082612444424655
11546 0.0011377896468368117
11699 0.151234999857549
11783 0.08044414886039841
11837 0.0041548076883942036
11908 0.008072607616985902
11922 0.01131998501927762
12043 0.03979868417303921
12070 0.007487225544175229
12105 0.011997713675666112
12120 0.01000252847461299
12129 0.0771607142130352
12161 0.017981960225477024
12170 0.07001620363775417
12174 0.07270913454689856
12182 0.011087609960230865
12187 0.010191037726249933
12196 0.018904374982193627
12206 0.00842065700765863
12325 0.022505208312135268
12344 0.0078117251992535644
12356 0.011457196958905227
12383 0.05304278794559868
12415 0.003242602912897706
12429 0.014321496198631534
12495 0.018353762118634587
12518 0.002250520831213527
12590 0.0385803571065176
12595 0.005007781452236722
12597 0.001452506721643767
12642 0.014003240727550834
12660 0.0264528009928505
12675 0.017343463286416172
12679 0.045864686297365925
12685 0.06958236782901979
12699 0.018717202952666958
12705 0.004773832066210512
12758 0.011754949228806379
12788 0.00887874873823831
12851 0.020437162142912028
12865 0.013128038182078906
13006 0.0017886498575774856
13042 0.023363422774707376
13077 0.003329664594815067
13202 0.006239067650888985
13263 0.002402080683887373
13272 0.01602065676457087
13275 0.036066321497474116
13287 0.03979868417303921
13316 0.001555915636394537
13319 0.010502430545663126
13345 0.000585456022985247
13416 0.040222074430199206
13429 0.054012499949124645
13435 0.001655453938961883
13504 0.007876822909247344
13545 0.015113506151322485
13549 0.02224044115552191
13554 0.004622096572663478
13559 0.013392422259978706
13641 0.005487481852596118
13646 0.01247870924029205
13659 0.012860119035505867
13669 0.0011172798452833111
13731 0.005568298963827283
13769 0.014321496198631534
13809 0.0036769545320332114
13839 0.00594942178463738
13865 0.0012029510010940902
13961 0.008255185581743941
13986 0.011422583070811858
14027 0.002561568425771494
14052 0.009176881059317294
14061 0.08014738110549803
14070 0.022944723441827315
14163 0.015886029396801365
14195 0.004809600180518273
14300 0.009154661008326211
14309 0.005068197046164511
14374 0.019389102545839615
14376 0.11815234363871016
14377 0.18290222400770917
14413 0.0011959544915298142
14461 0.0004102511931899658
14471 0.010741122148973652
14476 0.026673241001124254
14541 0.021409959332006092
14597 0.014450514312121491
14622 0.003319468829182375
14660 0.04605451683647353
14691 0.024551136340511204
14713 0.022110380096132896
14743 0.04345833329239914
14767 0.03161191525675022
14793 0.020111037215099603
14885 0.012258533538180594
14907 0.005626302078033817
14940 0.01628900213809115
14954 0.0010540493438635978
14987 0.011252604156067634
15040 0.03576300469424481
15047 0.0035601459476824154
15061 0.012275568170255602
15082 0.047512519337989854
15111 0.00578115442880539
15134 0.0034402866209633535
15142 0.00732727712488125
15219 0.008273249445161324
15281 0.058730071929080925
15285 0.003924940429349983
15318 0.01604405473751835
15329 0.0019774450818194167
15347 0.008148437492324839
15423 0.03833135618089036
15440 0.009210903367294706
15463 0.019729520697711028
15481 0.014257411670979558
15509 0.029309108499525
15635 0.01959002588828355
15692 0.002386867203680023
15698 0.024711601283913236
15749 0.04650660146443772
15775 0.011778426780182944
15793 0.027360657687738984
15799 0.015063246997763844
15904 0.01135397896828446
15944 0.020004629610786903
15961 0.006518749993859871
15969 0.008383314847979434
15982 0.008383314847979434
15991 0.002199461894379712
16004 0.016157585454866348
16060 0.022414098105774875
16114 0.017988551283407567
16139 0.01027411683814871
16148 0.017918838845681163
16150 0.006787926384988735
16152 0.00853181798864979
16153 0.012406158605174073
16213 0.002671996463914293
16290 0.02471651675779854
16291 0.009405161682683396
16319 0.0025374999976098826
16403 0.0034750689305502987
16404 0.022082204128191212
16412 0.0035823043314324684
16415 0.02124087076650969
16451 0.00584370169465027
16563 0.006565720861815201
16670 0.0337578124682029
16701 0.012816525411656695
16706 0.004387647594427568
16707 0.01153437448697265
16748 0.001211818909114976
16783 0.008632134695065583
16789 0.010209853014784403
16826 0.002788255897078706
16857 0.007027648692265288
16872 0.005584748886910968
16873 0.010864583323099785
16891 0.02263997003855524
16898 0.011388177700116643
16915 0.011889544013958257
16934 0.013698822450864947
16946 0.02224044115552191
16964 0.0028406273451831144
16982 0.007341504847453835
16988 0.016846257474394267
16998 0.021604999979649857
17004 0.001342002184158994
17062 0.015307186220399697
17072 0.007187975278400618
17132 0.021267700466012694
17137 0.011705495345011533
17139 0.017667640170274414
17146 0.006177900320978309
17312 0.002284516614162372
17337 0.001731962893467121
17378 0.0039466336079736165
17388 0.017116518289491497
17590 0.03406193690485338
17596 0.00873181292480075
17633 0.05816730763751885
17658 0.017264269390131166
17717 0.006461007569012019
17720 0.007795618549358197
17786 0.01718579543835784
17791 0.01196479429252761
17801 0.005280551671003806
17892 0.011056265699947878
18014 0.01259965280966063
18142 0.03316557014419934
18286 0.006727535580851824
18292 0.01921284410549837
18293 0.015184236933488854
18307 0.008953255720657093
18321 0.0016510371163487884
18334 0.01948904637339549
18337 0.0027863084185805135
18338 0.014541826909379713
18350 0.02750152598597114
18357 0.08401944436530501
18361 0.013946792680326408
18364 0.013505438481581901
18365 0.00732727712488125
18384 0.004306235759041828
18391 0.007370126698710965
18428 0.0004646522055350528
18463 0.0011090862412551261
18465 0.03150729163698938
18499 0.001960537196060991
18500 0.04847275636459904
18574 0.005900071742184167
18576 0.0021246524527944975
18618 0.009428615951218767
18622 0.002714195977342947
18630 0.11120220577760956
18634 0.007876822909247344
18657 0.005265842613424408
18675 0.0020283664143984576
18684 0.0015649317038239755
18690 0.032495318986141226
18720 0.011492021265771202
18742 0.018904374982193627
18845 0.012948202042598373
18896 0.0024519748854895875
18960 0.06515613316836666
18964 0.0011778426780182944
19002 0.029365035964540463
19012 0.021004861091326252
19122 0.00873181292480075
19136 0.009244193145326957
19143 0.0031364908575550322
19146 0.05251215272831562
19163 0.03780874996438725
19180 0.009221646332777379
19207 0.0018970772686596714
19260 0.003913949271675699
19279 0.01616560060674197
19289 0.010859693387523838
19377 0.0021385039572617225
19406 0.0042150222925738294
19426 0.028642160901907673
19456 0.03049092739063488
19488 0.007546656679518413
19587 0.0025122092999592858
19596 0.024551136340511204
19651 0.004916612479114077
19694 0.048496801820225914
19716 0.0019579880872287545
19732 0.012196370956253953
19753 0.02124087076650969
19754 0.012773226339320019
19853 0.009045155493872548
19957 0.02054823367629742
19987 0.02392958858505522
19988 0.028966415566831768
20009 0.009669757024139964
20056 0.01658278507209967
20087 0.0008441337344136471
20142 0.030284697440627117
20157 0.008932951172377145
20173 0.015184236933488854
20229 0.001969205727311836
20238 0.0016744906723175049
20278 0.002747728921830469
20345 0.052905601985701
20671 0.0007773180502546721
20693 0.003513824346132644
20755 0.008854508188381089
20767 0.03049092739063488
20771 0.0753126804737626
20791 0.011778426780182944
20809 0.0100288461443998
20920 0.006177900320978309
20926 0.006861283858810097
21074 0.08401944436530501
21099 0.033199124390980356
21352 0.003530228754844748
21353 0.013849358961314012
21382 0.01223584141242306
21391 0.007053871262012547
21402 0.040222074430199206
21424 0.002316712620366866
21435 0.017587291781873134
21496 0.007844138996760841
21551 0.006586890237698127
21555 0.03938411454623672
21687 0.021004861091326252
21760 0.006595234418202425
21802 0.009452187491096813
21805 0.019899342086519604
21830 0.017667640170274414
21900 0.004785917717011045
21936 0.0026003266825575825
21996 0.013448692941743322
22082 0.004942320256782647
22097 0.007160748099315767
22131 0.007844138996760841
22233 0.020437162142912028
22256 0.03049092739063488
22303 0.0006960373704784104
22402 0.00762273184765872
22464 0.02041239973778488
22517 0.036707524237269175
22597 0.011153023588314824
22600 0.0007460290048221636
22645 0.010741122148973652
22832 0.015623450398507129
22931 0.006419142608554712
23141 0.00047556480501224435
23242 0.009871736283129831
23265 0.023779088027916513
23294 0.0028027242375379727
23358 0.00465052275084714
23361 0.004872078300188323
23400 0.0011534090898226738
23402 0.02625607636415781
23413 0.02419082539464727
23428 0.03287717388207587
23451 0.030776816539758754
23452 0.026074999975439484
23465 0.04850688539839203
23535 0.01595305905670348
23658 0.0085347065382364
23773 0.0014786370733041552
23774 0.003536833485910875
23788 0.0016261827941671937
23790 0.005447946680747442
23848 0.01135397896828446
23955 0.030738821109257932
24125 0.01448611109746638
24127 0.015432142842607043
24160 0.024711601283913236
24181 0.02136087568609449
24250 0.02124087076650969
24355 0.001257776113253069
24366 0.009007396201713747
24391 0.017504050909438542
24594 0.009924926884139257
24812 0.010590686264534244
24814 0.013173780475396255
24816 0.014093411597592016
24830 0.000948300726470711
24876 0.009923556421099017
24883 0.005007781452236722
24908 0.010927384382770881
24909 0.0016282838055291667
24919 0.0013803851757717143
24921 0.0015954903343816521
24924 0.002503890726118361
24932 0.004293479436800684
24938 0.012651339605276327
24979 0.0009576684388142668
25009 0.003456010051589328
25013 0.013900275722201195
25063 0.06408262705828348
25120 0.004582878783562091
25172 0.02124087076650969
25226 0.04667746909183611
25277 0.0018829058747204805
25308 0.0012025683830911976
25354 0.0036180621975490193
25433 0.0032370505106495934
25435 0.005763528957985862
25473 0.0006387692171716042
25493 0.0024318815860110287
25603 0.002838494742071115
25604 0.000678576133536672
25606 0.04345833329239914
25659 0.005858623820844752
25683 0.03316557014419934
25719 0.002954182360278589
25776 0.0020537625409912806
25825 0.040222074430199206
25832 0.013600269771362321
25837 0.005685526310434174
25892 0.0024440045225848253
25893 0.003094005725399939
25952 0.023363422774707376
25953 0.017667640170274414
26036 0.018624999982456775
26069 0.024551136340511204
26085 0.0042408288238612
26087 0.007943014698400683
26173 0.020784343637239678
26189 0.0025875415684194912
26199 0.0023645247007121483
26267 0.04847275636459904
26271 0.011852272716108855
26380 0.014716270897172003
26407 0.003611150903952937
26418 0.030776816539758754
26478 0.004506406431988945
26501 0.02170026386532143
26502 0.0020164666647673204
26511 0.0659956478378332
26555 0.051792808170393494
26663 0.030990778659333813
26674 0.005384001547745855
26680 0.02155413414232263
26720 0.022110380096132896
26750 0.016372321842122305
26780 0.0192901785532588
26784 0.010680437843047246
26805 0.005258518771124791
26826 0.005362943257359894
26849 0.006068820219002769
26852 0.024874177608149507
26862 0.004365906462400375
26872 0.03204131352914174
26909 0.00492301431827959
26921 0.008612471518083656
26922 0.0016759197679249668
26934 0.004948789262354353
27003 0.014818467222846807
27019 0.0063014583273978755
27020 0.015688277993521682
27023 0.0085347065382364
27050 0.0026384333541093685
27056 0.008573412690337245
27106 0.000852508454664876
27126 0.010741122148973652
27183 0.04785917717011044
27190 0.06518749993859871
27226 0.05479528980345979
27293 0.005626302078033817
27339 0.01299269758226366
27359 0.0004950183916076262
27361 0.0033778589737949363
27375 0.027712458182986236
27421 0.03728215158719387
27434 0.007486881181066782
27633 0.0018606668289560654
27780 0.012816525411656695
27800 0.006541306222212328
27845 0.007576903800478406
27919 0.005162562774411146
27967 0.0014620552963800176
28026 0.029171289446486413
28043 0.018083553221101188
28048 0.006874318175343137
28072 0.006824684109095172
28090 0.01710803165809378
28143 0.019795157049417412
28163 0.012860119035505867
28219 0.002704488552531277
28245 0.006507530114352367
28265 0.007700356408225509
28269 0.005355347020451452
28280 0.008854508188381089
28295 0.0049358681415649155
28300 0.0024989259725305517
28492 0.006962937378340194
28513 0.008651887863704176
28606 0.0005079090537934881
28643 0.011741847815027096
28703 0.022110380096132896
28829 0.010246273703085977
28839 0.030738821109257932
28851 0.041035755386345005
28887 0.009968078805834555
28915 0.006763640422967308
28923 0.00320881094750367
28930 0.008691666658479829
28934 0.004947822747182224
29136 0.01575364581849469
29143 0.006261124694032559
29151 0.004773832066210512
29227 0.02953808590967754
29237 0.06557512999540749
29275 0.0329978239189166
29288 0.0385803571065176
29314 0.06301458327397876
29349 0.015258828325854432
29353 0.007442667315824262
29372 0.0023138769868046053
29401 0.0337578124682029
29413 0.006715586139322781
29418 0.02518917691887081
29425 0.0010327437848781003
29586 0.01620652617789828
30169 0.02443350320713672
30217 0.03177205879360273
30251 0.01163346152750377
30377 0.005487481852596118
30379 0.010680437843047246
30384 0.010561103342007612
30390 0.008627463396590056
30484 0.03721847581552221
30496 0.060864032919772194
30501 0.025104226824587534
30522 0.027006249974562323
30526 0.010590686264534244
30544 0.03316879709984363
30553 0.006249380159402852
30596 0.0675156249364058
30707 0.019795157049417412
30714 0.020981193908064768
30730 0.0026256076364157815
31218 0.0017020946132065464
31253 0.0042673532691182
31267 0.0013803851757717143
31290 0.002683374731326278
31291 0.00855401582904689
31304 0.004080320114541621
31494 0.011815234363871017
31752 0.10850131932660713
31844 0.030990778659333813
31869 0.005655104099178287
32014 0.0036994862978852495
32042 0.04910227268102241
32051 0.01376683406509639
32074 0.029770669263297047
32106 0.007027648692265288
32112 0.04476627860328546
32153 0.14541826909379713
32162 0.0024097354980489004
32166 0.012002777766472144
32203 0.038705320631435634
32278 0.02503890726118361
32280 0.005476114491248778
32333 0.028427631552170863
32334 0.030246999971509803
32337 0.12552113412293767
32345 0.034686926572832344
32346 0.027397644901729894
32354 0.005214999995087896
32371 0.01899937184140063
32372 0.03150729163698938
32428 0.014160580511006462
32470 0.005280551671003806
32471 0.04605451683647353
32516 0.019389102545839615
32546 0.007575831763632924
32734 0.020660519106222543
32770 0.02662588025661074
32858 0.020327284927089923
32862 0.007160748099315767
32873 0.008477298198293105
32880 0.0037046168057117018
33085 0.0031425568387672994
33108 0.017667640170274414
33116 0.024527118161953337
33127 0.021482244297947303
33130 0.01364941970206785
33131 0.050406124726534024
33179 0.03833135618089036
33180 0.10802499989824929
33203 0.010752199785293112
33291 0.04296448859589461
33292 0.029083653818759426
33299 0.011527057915971724
33300 0.07415505354620845
33365 0.001472303347522868
33372 0.03600833329941643
33382 0.08044414886039841
33447 0.003000694441618036
33488 0.0006978359166553571
33513 0.0046448095779345515
33588 0.002249324610073725
33590 0.004281851638095952
33780 0.0007586025273753461
33872 0.0022914393917810457
33880 0.0030914758760741826
33942 0.005046526116563353
34031 0.0035401451277516155
34104 0.012773226339320019
34155 0.04785917717011044
34196 0.006401577840269821
34242 0.00986375630241883
34270 0.00951200273442767
34299 0.0031639121309110668
34319 0.07779010519063044
34330 0.015123499985754902
34354 0.020583851576430293
34358 0.01687890623410145
34366 0.009221646332777379
34368 0.0026129060099783865
34465 0.006564019091039453
34472 0.0029309108499525
34512 0.04109646735259484
34540 0.009694551272919807
34547 0.01826509660115326
34712 0.006049399994301961
34878 0.017750762258264666
34980 0.017070874240719524
34985 0.020387190574107712
34986 0.03216873286567749
34995 0.002253504893338343
34999 0.024450625160165086
35014 0.017438660943833638
35020 0.029774780652417773
35022 0.0026128889143958453
35035 0.011852272716108855
35049 0.022862778000963646
35054 0.08311254782106614
35056 0.017055351009642564
35058 0.04672684554941475
35071 0.0013407358143399735
35103 0.0025967548052463776
35141 0.018044561368201834
35144 0.04667746909183611
35156 0.015314779522176605
35162 0.035235566278147695
35165 0.04799085470266445
35171 0.02136087568609449
35173 0.025759682918750273
35190 0.0043670284046955065
35197 0.015819560654555333
35216 0.007472084973199061
35217 0.05325176051322148
35218 0.014160580511006462
35309 0.0355538425366173
35310 0.014160580511006462
35337 0.001359049243867263
35443 0.014408949578678283
35445 0.004749842960350158
35446 0.004659781384635727
35502 0.04555271080046657
35512 0.012860119035505867
35535 0.012150981208949932
35560 0.011618108603030527
35562 0.0021324376549866158
35572 0.004476627860328547
35575 0.003967295364722153
35578 0.06408262705828348
35609 0.040654569854179846
35618 0.016510371163487882
35623 0.004355846770090697
35638 0.04962463442069629
35646 0.004229166662683138
35676 0.01718579543835784
35801 0.0010848995685620445
35813 0.049748355216299014
35825 0.03345907076494447
35855 0.007040735561338408
35890 0.08441053967493942
35911 0.001967294972424653
35977 0.015119583371592756
36116 0.03425680054819915
36227 0.02263997003855524
36356 0.011120220577760956
36377 0.04540126127850937
36395 0.014483207783415884
36439 0.012196370956253953
36485 0.02172916664619957
36524 0.029770669263297047
36531 0.002530706155581476
36612 0.015623450398507129
36617 0.005408977105062554
36686 0.0026738861360952795
36795 0.0031169620745578937
36837 0.002825766066097702
36924 0.010246273703085977
36930 0.030196121888065194
36938 0.0038490958549918584
37141 0.002107862311580448
37156 0.003366763131290049
37186 0.029309108499525
39249 0.0034911126467578255
39303 0.007747694664833453
39331 0.04345833329239914
39344 0.01999662122857866
40222 0.023529335672968315
40234 0.019192258865171192
40259 0.008917158010468692
43115 0.012225871694059021
43354 0.010650352102644296
44578 0.10218581071456015
44687 0.0771607142130352
45020 0.0012648839834558034
45301 0.031246900797014258
45345 0.014162782832455355
45428 0.012601531181633506
46456 0.06039224377613039
46466 0.010802499989824929
46576 0.03679067724293001
46656 0.007602824038325203
46796 0.004219726558525362
46827 0.034981299673605575
46874 0.036167106442202376
46910 0.020218582868656285
46923 0.024082006346743474
46984 0.2700624997456232
46985 0.10218581071456015
47229 0.0019249371007870706
47347 0.05560110288880478
47360 0.05816730763751885
47381 0.0039466336079736165
47421 0.0146545542497625
47470 0.006965808313677716
47514 0.004633425240733732
47575 0.0036994862978852495
47589 0.015432142842607043
47632 0.00732727712488125
47686 0.001461881214950861
47691 0.09398209045938455
47696 0.01273021884322803
47728 0.01322640049642525
47757 0.05325176051322148
47858 0.027006249974562323
47899 0.006861842098799864
47946 0.06398863491487343
47949 0.010330259553111272
47962 0.007053871262012547
48265 0.013082612444424655
48284 0.014518973278233012
48289 0.006157776867164047
48350 0.04910227268102241
48423 0.026235974755204183
48650 0.05728598479452614
48672 0.0756174999287745
48774 0.024340600153117193
48810 0.0011789444953036248
48828 0.009244193145326957
48876 0.007592118466744427
48959 0.002551981003073294
49068 0.035668632041874766
49213 0.023054115831943448
49318 0.006621497366792864
49336 0.005007781452236722
49488 0.004369268022821754
49512 0.006518749993859871
49655 0.031994317457436715
49662 0.006507530114352367
49889 0.0016503164541417394
49895 0.006691814152988894
49898 0.01163346152750377
49979 0.04777296895723747
50097 0.003834558819917571
50098 0.010193595287053856
50112 0.02820078343731199
50113 0.11871421952764366
50206 0.0024183452390869565
50207 0.003315750409295573
50249 0.0031665619735667715
50387 0.008255185581743941
50562 0.0007575511485052803
50623 0.006386613169660009
50694 0.027006249974562323
50720 0.07270913454689856
50731 0.02124087076650969
50820 0.0018847831487730433
50845 0.008612471518083656
50918 0.01695459639658621
50952 0.030990778659333813
50958 0.007040735561338408
51014 0.010191037726249933
51024 0.021004861091326252
51033 0.018810323365366793
51062 0.017586752308433574
51085 0.046674063114378266
51098 0.0069757841262707105
51158 0.001153761060860154
51159 0.01602065676457087
51186 0.017667640170274414
51277 0.00544584126935093
51278 0.014826960770347942
51388 0.01580133768454401
51414 0.0021024352754224446
51415 0.004109646735259484
51416 0.0025055500307745032
51418 0.0064410136225531945
51444 0.020327284927089923
51484 0.0034050945958882025
51489 0.00492301431827959
51512 0.010710694040902904
51550 0.005576511794157412
51578 0.015819560654555333
51580 0.00492943285063719
51581 0.002877378231688527
51582 0.00213127113666219
51698 0.017504050909438542
51773 0.017442991390380982
51808 0.022505208312135268
51819 0.005243932033895597
51834 0.007106907888042716
51904 0.011087609960230865
52076 0.008130913970835967
52156 0.019192258865171192
52158 0.011120220577760956
52170 0.00957183543402209
52191 0.022700630639254683
52211 0.0036922607387096925
52257 0.02735717025756334
52315 0.018290222400770915
52321 0.06633114028839868
52355 0.031075620583834083
52386 0.001007695894573221
52390 0.011172038115654138
52628 0.006973396340163204
52680 0.004453327439857155
52694 0.025720238071011734
52868 0.00732727712488125
52971 0.0038224532686702913
52973 0.010502430545663126
53007 0.022305149269232823
53090 0.007040735561338408
53144 0.0006907929038814957
53149 0.014213815776085431
53153 0.0020774038441971018
53154 0.0014757513647301816
53241 0.18904374982193628
53317 0.01394479917301284
53391 0.037434405905333916
53466 0.01826509660115326
53682 0.04508153408640719
53742 0.0011474582690254097
53749 0.007716071421303521
53761 0.016367424227007467
53786 0.005543804980115433
53816 0.0038462614409346136
53838 0.08219293470518968
53983 0.01899937184140063
54146 0.001914367086804418
54176 0.007370126698710965
54200 0.007607394359031641
54308 0.003991008628597145
54502 0.0038868110748450646
54515 0.01718579543835784
54573 0.06408262705828348
54598 0.0037249999964913544
54603 0.0070146103830032005
54671 0.014944169946398122
54734 0.0009317089690583355
54754 0.001977016009965973
54805 0.02392958858505522
54847 0.013359982319571468
54852 0.0025990977833007796
54969 0.0018012744146921034
55074 0.012602916654795751
55155 0.031246900797014258
55157 0.005728598479452614
55185 0.005355347020451452
55269 0.01658278507209967
55392 0.0023656976497671177
55475 0.007860446978043088
55483 0.01905231500080304
55484 0.04707042529610163
55558 0.02503890726118361
55670 0.004517174428242204
55675 0.02198183137464375
55745 0.03287717388207587
55816 0.009499685920700315
55882 0.003971507349200341
55909 0.003081397715108985
55927 0.0010068908113019242
55929 0.01448611109746638
55945 0.0041141186033065566
55975 0.014950840755347592
56011 0.007827898543351398
56013 0.035008101818877084
56043 0.0073557879308146406
56223 0.004091856056751867
56380 0.017343463286416172
56412 0.04897895512002657
56455 0.003593987639200309
56737 0.007993393227143182
56739 0.010502430545663126
56742 0.0018624999982456772
56829 0.013849358961314012
56859 0.09949671043259803
56884 0.004306235759041828
56889 0.040654569854179846
56944 0.0033223857613697057
57016 0.020660519106222543
57120 0.013281281826285936
57181 0.015886029396801365
57225 0.010927384382770881
57353 0.017554404268682093
57362 0.013649368218190345
57374 0.009197669310732503
57413 0.016627474909791745
57429 0.017324433907083634
57546 0.030925496812897683
57584 0.001806824115232803
57627 0.010771723636577565
57712 0.005568298963827283
57742 0.004064493866837982
57828 0.013180383271502168
57845 0.0004942540024914933
57861 0.02250124853397639
57921 0.0103585616340787
57935 0.06401577840269822
57964 0.003932173120558858
58036 0.02953808590967754
58043 0.04109646735259484
58055 0.004955275224690334
58092 0.004974835521629901
58149 0.009289619155869103
58156 0.002767844067671102
58163 0.0030174580977164606
58166 0.0381906565296841
58186 0.002700624997456232
58210 0.028215485048050187
58232 0.009744523186697746
58260 0.001341547225886553
58270 0.05816730763751885
58271 0.006552642974763822
58274 0.025205833309591502
58281 0.011527057915971724
58282 0.040222074430199206
58349 0.0023068181796453476
58362 0.009547664132421025
58367 0.009289619155869103
58374 0.0020785459023852254
58514 0.001649596420784784
58608 0.00517928081703935
58663 0.022110380096132896
58742 0.004673516682866162
58761 0.0015087290488582303
58768 0.02625607636415781
58782 0.003174538200200441
58798 0.0439636627492875
58801 0.030738821109257932
58802 0.023630468727742035
58804 0.02953808590967754
58962 0.007763603688785883
59006 0.02054823367629742
59010 0.01706363597729958
59014 0.013446021883905987
59034 0.011286194019220075
59090 0.006228789120986368
59115 0.005027759303774901
59164 0.016890706702558895
59242 0.051190907931898746
59245 0.09002083324854107
59317 0.009174726543919532
59348 0.009596129432585596
59350 0.0370033401171666
59370 0.02263997003855524
59513 0.01223584141242306
59557 0.0024220851995123156
59647 0.021004861091326252
59769 0.023363422774707376
59814 0.011191569650821366
60092 0.007607394359031641
60181 0.0050411666619183
60240 0.06633114028839868
60413 0.0005495457843660938
60463 0.0026439685289781295
60464 0.0025374999976098826
60500 0.001777562292636918
60617 0.001600031737807332
60751 0.18904374982193628
60753 0.030738821109257932
60754 0.008096092069461939
60755 0.01568100934672788
60824 0.021502955906353132
61193 0.028966415566831768
61326 0.003643470597763131
61364 0.00438108342576909
61381 0.0006457514938409437
61489 0.004955275224690334
61512 0.10802499989824929
61562 0.013407358143399734
61605 0.151234999857549
61627 0.0022445925106135416
61628 0.0037236321699998394
61686 0.0014392367706276077
61717 0.04910227268102241
61755 0.015003472208090179
61788 0.006824684109095172
61791 0.014885334631648523
62039 0.0020047057245168214
62041 0.01331294012830537
62054 0.04540126127850937
62122 0.0012347730230041559
62138 0.0008267821990900339
62173 0.008346302420394537
62290 0.00649634879113183
62379 0.003803659647597351
62403 0.005327191445940255
62408 0.005015164360256208
62420 0.0014586709091198784
62499 0.05907617181935508
62511 0.009719472998557133
62537 0.015688277993521682
62541 0.00261471299892028
62568 0.035008101818877084
62590 0.003967339975276732
62607 0.035668632041874766
62623 0.003239930881765743
62649 0.006257651847771086
62672 0.007700356408225509
62687 0.00312727460416768
62744 0.016367424227007467
62846 0.007053871262012547
62875 0.004427026832237938
62900 0.0089990669273492
62938 0.06301458327397876
62951 0.0756174999287745
62988 0.004085783073864214
63037 0.0005101706917337371
63118 0.004316067347532791
63181 0.09120219229246329
63193 0.003765811749440961
63203 0.05361209952327233
63210 0.04572555600192729
63216 0.015806365037703263
63280 0.040222074430199206
63359 0.000694120616199509
63370 0.0016293903481224368
63394 0.0075017361040450896
63444 0.0023040067010595524
63455 0.004065456985417984
63486 0.04555271080046657
63575 0.0030150518312908495
63581 0.008959419422840582
63629 0.005024786373838164
63658 0.003553453944021358
63667 0.0034885982780761965
63674 0.0019630711300304905
63700 0.00412309159916982
63723 0.0051996007401338825
63820 0.001011579850218737
63849 0.007398972595770499
63867 0.001902966064289483
63910 0.0013128038182078907
63916 0.0012271583889771908
63931 0.002645054436851632
64095 0.0029309108499525
64131 0.028215485048050187
64141 0.009527223531257569
64275 0.008130913970835967
64347 0.03706740192586985
64471 0.025709147952890848
64490 0.005151055853458753
64537 0.006001388883236072
64612 0.005193509610492755
64631 0.022776355400233286
64632 0.023886484478618734
64662 0.03437159087671568
64699 0.028215485048050187
64727 0.009986860905257132
64888 0.0032315170909732694
64908 0.011527057915971724
64914 0.01826509660115326
64918 0.002431430865876994
64953 0.0015649317038239755
64957 0.015388408269879377
64958 0.0032862309241631525
64981 0.005355347020451452
64986 0.011669367272959027
65037 0.015688277993521682
65038 0.015123499985754902
65061 0.03721847581552221
65121 0.03334155125140532
65154 0.007398972595770499
65309 0.011965566056579105
65371 0.006575434776415174
65390 0.0025392041614766456
65410 0.013503124987281161
65414 0.0023238322043261984
65427 0.0009924926884139257
65476 0.06518749993859871
65642 0.017585465099715
65648 0.028861641194188742
65667 0.004571795642610309
65670 0.013359982319571468
65852 0.03138028353073442
65921 0.010650352102644296
65929 0.01969205727311836
65931 0.024874177608149507
65938 0.02681471628679947
65992 0.023195552125390952
65994 0.020437162142912028
66014 0.06198155731866763
66154 0.009199209237077191
66189 0.0019831518943874793
66195 0.03938411454623672
66201 0.000883588454414285
66202 0.0032621872272982962
66213 0.012816525411656695
66214 0.004708437106399409
66275 0.0066447715227394115
66370 0.004109646735259484
66447 0.011927050461951813
66477 0.0034943110481822164
66483 0.02045232536827419
66492 0.008439453117050725
66531 0.01211818909114976
66577 0.018904374982193627
66592 0.003587167928309986
66610 0.0036958699867436218
66612 0.015495389329666907
66641 0.0073557879308146406
66654 0.05518601586439501
66717 0.007747694664833453
66746 0.032593749969299354
66777 0.004272175137218899
66789 0.01939997733360466
66818 0.060013888832360716
66993 0.008772331778280105
67087 0.056430970096100375
67272 0.0038897890909863433
67286 0.01247813530177797
67331 0.01595305905670348
67346 0.05907617181935508
67368 0.00984602863655918
67398 0.11120220577760956
67432 0.013128038182078906
67473 0.003786101839740209
67512 0.011949684833500458
67513 0.016584398549921817
67514 0.006818665099015115
67598 0.002834239127765161
67647 0.024551136340511204
67652 0.005416726355929406
67668 0.00732727712488125
67766 0.015003472208090179
67767 0.03437159087671568
67780 0.028006481455101668
67828 0.0018894927518434408
67829 0.0021348814209140175
67910 0.04109646735259484
67911 0.007876822909247344
67952 0.006395182657612209
67983 0.0028131510390169085
68069 0.010650352102644296
68077 0.003302074232697577
68080 0.04785917717011044
68092 0.008573412690337245
68098 0.0017264269390131165
68192 0.019398720728090367
68206 0.006322533438860745
68234 0.023194122609673264
68257 0.016296874984649677
68301 0.006249380159402852
68347 0.0049242906463614015
68448 0.026074999975439484
68542 0.0021555729740243587
68618 0.006924679480657006
68768 0.011055190048066448
68823 0.015495389329666907
68867 0.004350834288191859
68907 0.0009664813385579565
68919 0.037434405905333916
68977 0.021854768765541762
68989 0.01695459639658621
68991 0.0014897064603777484
68992 0.04296448859589461
69056 0.001614378734602359
69082 0.009304618953880553
69239 0.0035803740496578836
69261 0.005047897191506976
69323 0.007653593110199849
69375 0.01364941970206785
69376 0.08592897719178921
69441 0.04154807688394204
69595 0.0008715709996400934
69601 0.011815234363871017
69609 0.008875293418870247
69611 0.035668632041874766
69620 0.02348369563005419
69625 0.003520367780669204
69665 0.00046249235430443123
69694 0.0008240791186658076
69758 0.0329978239189166
70015 0.005519525542246314
70124 0.0016908552140173852
70140 0.0024641586116286663
70299 0.005535688135342204
70376 0.01909532826484205
70682 0.0038190656529684093
70734 0.0100288461443998
70735 0.014321496198631534
70754 0.06577305705254237
70785 0.002115890861185148
70849 0.007763603688785883
70958 0.0042476395767903135
70987 0.0070579689528884465
71027 0.002364949065295129
71048 0.004667746909183612
71095 0.00828147197965048
71105 0.04154807688394204
71165 0.01331294012830537
71267 0.003111831272789074
71290 0.0009353970797720746
71291 0.0057755140618466465
71296 0.005889213390091472
71303 0.010885095088861223
71304 0.006269826743642055
71305 0.0051043329802420035
71318 0.007319733145243824
71332 0.001958191196802642
71373 0.002361235457759989
71376 0.002838494742071115
71395 0.003536833485910875
71397 0.0036180621975490193
71400 0.0007297577680831354
71415 0.017918838845681163
71448 0.007844138996760841
71462 0.002284516614162372
71496 0.006485205825795412
71614 0.001258194674355649
71648 0.03406193690485338
71735 0.0009864009904614467
71736 0.0009843465234154454
71740 0.02625607636415781
71765 0.05872594379691282
71772 0.10669296400449702
71783 0.004511784005296809
71829 0.00340832935113587
71833 0.015561448829465857
71840 0.0035601459476824154
71870 0.018717202952666958
71907 0.02857847250120456
71919 0.02060932656998521
71927 0.001116035188331559
71928 0.0018116315268034142
71933 0.0011637042155859419
71938 0.006775761642363307
71958 0.01211818909114976
71971 0.00335336712429011
71984 0.011815234363871017
72033 0.10218581071456015
72049 0.030054356057604793
72054 0.010741122148973652
72072 0.01695459639658621
72087 0.004566274150288315
72090 0.01299269758226366
72117 0.027266940346444994
72182 0.005048562965512477
72200 0.0050573322220296615
72254 0.003834988269426924
72333 0.06098185478126976
72338 0.002725937272125973
72353 0.004248174153301938
72437 0.02857847250120456
72447 0.023278464873708438
72480 0.05667564806745932
72546 0.01125057616919125
72548 0.017671694274931638
72598 0.009289619155869103
72703 0.005479689730279217
72710 0.03594534137091999
72717 0.01695459639658621
72754 0.0037808749964387254
72760 0.0068123873809706765
72808 0.0038267965550999243
72903 0.009769702833175001
72934 0.003638955723232652
72946 0.015299612670766913
72952 0.010246273703085977
72990 0.01196479429252761
72996 0.021004861091326252
73012 0.07308117450282485
73033 0.007053871262012547
73034 0.020468793688550528
73083 0.0675156249364058
73103 0.0026948503182029405
73107 0.008130913970835967
73210 0.09445941344576553
73216 0.003754592846513133
73276 0.007876822909247344
73290 0.0033607777746122005
73292 0.002229289502617173
73309 0.02088881213502058
73345 0.006137784085127801
73351 0.054012499949124645
73379 0.0018861455039097883
73381 0.00930198209782451
73429 0.0044376467094351234
73487 0.029309108499525
73500 0.00913254830057663
73549 0.018198782022888618
73574 0.010607741616904151
73590 0.012002777766472144
73614 0.002796505174880714
73619 0.03049092739063488
73622 0.008346302420394537
73646 0.014213815776085431
73650 0.03639720518093718
73656 0.002970051057689494
73658 0.004430157674927212
73717 0.009499685920700315
73718 0.009871736283129831
73719 0.009428615951218767
73720 0.01196479429252761
73728 0.05728598479452614
73756 0.010833452711858812
73770 0.006924679480657006
73798 0.0015565561944992693
73818 0.017116518289491497
73871 0.01322640049642525
73876 0.004267718560179881
73948 0.005910018798026539
73960 0.02172916664619957
73982 0.002261288873468137
74069 0.01135397896828446
74079 0.004566274150288315
74126 0.010999274639638868
74127 0.005963525230975907
74136 0.017301561730458978
74150 0.0096450892766294
74151 0.03233120121348394
74215 0.009387210806737729
74267 0.021848388533344098
74354 0.04572555600192729
74413 0.004167693906425665
74419 0.0015912773554035038
74522 0.011286194019220075
74549 0.0009642629422184966
74575 0.013798813855615785
74579 0.01658278507209967
74622 0.007744446939142418
74630 0.005453326961817392
74649 0.011291965812391636
74684 0.01948904637339549
74687 0.008183712113503733
74688 0.013900275722201195
74699 0.004773832066210512
74713 0.010050340516480927
74730 0.0031628349013190817
74731 0.002522264840853052
74746 0.010392171818619839
74793 0.019192258865171192
74795 0.008959419422840582
74796 0.02348369563005419
74797 0.07270913454689856
74806 0.01718579543835784
74815 0.031246900797014258
74837 0.002371833212400823
74846 0.04556707416212585
74857 0.010146535459647449
74866 0.010372014025417393
74872 0.010409069658975319
74875 0.0066200391316130515
74876 0.0016282838055291667
74878 0.02780055144440239
74891 0.05086276108618144
74909 0.014194258907771566
74981 0.0032122982127771667
74990 0.004106082358169118
74995 0.006668209870262302
75101 0.010590686264534244
75161 0.013266228057679737
75165 0.0659956478378332
75190 0.0027617786679610848
75194 0.013173780475396255
75242 0.0023152939353574555
75252 0.00352364864532966
75287 0.007593805267223986
75300 0.025595453965949373
75304 0.010218581071456014
75344 0.0007014610383003201
75466 0.002490694991066354
75468 0.014597972959222877
75484 0.005643097009610037
75671 0.01703096845242669
75726 0.0014055297384530576
75793 0.005317686352234494
75819 0.01038701922098551
75827 0.03345907076494447
75898 0.0096450892766294
75899 0.00261471299892028
75901 0.0037176745294382747
75977 0.016157585454866348
75999 0.005861821699905
76071 0.0018515548464440377
76159 0.008996134613882432
76266 0.019046252042241998
76323 0.015743235574294256
76346 0.0192901785532588
76356 0.029875101602983168
76364 0.004132103821244508
76390 0.007093574102136445
76392 0.018624999982456775
76422 0.0024597253946350922
76436 0.009210903367294706
76462 0.005643097009610037
76662 0.0385803571065176
76690 0.010741122148973652
76734 0.007795618549358197
76749 0.005218207451764555
76770 0.024490240309223664
76771 0.027360657687738984
76791 0.039761353045154164
76796 0.0012018038768082406
76803 0.03681327820104983
76848 0.0016736941108626494
76934 0.013503124987281161
76991 0.021604999979649857
76999 0.02953808590967754
77129 0.03679067724293001
77203 0.002620148992681029
77256 0.010927384382770881
77326 0.00649634879113183
77337 0.00312727460416768
77371 0.0032905787610432767
77403 0.018090310987745096
77404 0.009289619155869103
77433 0.003023585215409548
77500 0.05479528980345979
77510 0.02224044115552191
77530 0.0004932004952307234
77533 0.060013888832360716
77589 0.02503890726118361
77592 0.039761353045154164
77605 0.021854768765541762
77620 0.004538865541943247
77621 0.023779088027916513
77622 0.032315170909732696
77623 0.04448088231104382
77628 0.04154807688394204
77630 0.026100627399487847
77633 0.03897809274679098
77637 0.029309108499525
77638 0.050411666619183004
77639 0.051792808170393494
77640 0.051092905357280075
77641 0.049748355216299014
77642 0.050411666619183004
77643 0.04109646735259484
77672 0.05479528980345979
77743 0.04109646735259484
77747 0.0087927325498575
77754 0.03533528034054883
77865 0.02423637818229952
77945 0.032593749969299354
77952 0.042009722182652504
77986 0.030246999971509803
78058 0.00033921035609738346
78060 0.021004861091326252
78096 0.014944169946398122
78141 0.046108231663886896
78200 0.0385803571065176
78204 0.0381906565296841
78207 0.04248174153301938
78211 0.040654569854179846
78212 0.01476904295483877
78223 0.022505208312135268
78225 0.051092905357280075
78230 0.011120220577760956
78237 0.011388177700116643
78247 0.03780874996438725
78253 0.022540767043203597
78267 0.010473337940273476
78384 0.01710803165809378
78412 0.0192901785532588
78429 0.011286194019220075
78560 0.001304649757225233
78672 0.0192901785532588
78673 0.01299269758226366
78714 0.040654569854179846
78785 0.009045155493872548
78862 0.0066447715227394115
78887 0.005095518863124967
78888 0.015559156363945373
78911 0.018485627974212607
79063 0.023338734545918054
79138 0.037434405905333916
79141 0.04741909511310979
79256 0.032315170909732696
79336 0.01273021884322803
79343 0.010375328752463244
79429 0.054012499949124645
79439 0.05907617181935508
79483 0.014375950556801236
79487 0.002960747843726488
79518 0.03558112434728388
79750 0.006131779540488334
79764 0.006861842098799864
79856 0.013551523284726613
79859 0.002972386003489564
79915 0.009897578524708706
80003 0.017442991390380982
80171 0.014716270897172003
80229 0.10161234667094954
80282 0.006586890237698127
80293 0.01211818909114976
80346 0.010246273703085977
80360 0.025302679210552653
80374 0.040222074430199206
80426 0.022461676632525688
80464 0.0073557879308146406
80538 0.002698810219338036
80587 0.045010416624270536
80619 0.017208542581370487
80621 0.018004166649708216
80738 0.0016332073418741794
80884 0.006751562493640581
81036 0.042119534712368935
81135 0.003279163049816761
81336 0.0005585573934759529
81350 0.1260291665479575
81371 0.011927050461951813
81613 0.01575364581849469
81614 0.014160580511006462
81754 0.017918838845681163
81812 0.049748355216299014
81829 0.018772955543313256
81846 0.011492021265771202
81857 0.022776355400233286
81882 0.02263997003855524
81909 0.0011337057691308456
81951 0.06198155731866763
81965 0.014055297384530575
82029 0.010864583323099785
82061 0.027397644901729894
82075 0.07475246996186787
82088 0.003822927195590218
82090 0.007626610891040505
82168 0.010962176175423726
82174 0.01211818909114976
82187 0.17185795438357843
82243 0.006311978291216569
82272 0.06408262705828348
82300 0.0023884238764616075
82308 0.04910227268102241
82323 0.005694088850058321
82359 0.0029400272134049183
82370 0.02244348428880825
82375 0.018004166649708216
82406 0.012002777766472144
82409 0.023338734545918054
82411 0.03049092739063488
82416 0.005548758108303147
82426 0.04990308634870632
82427 0.03405094595888203
82428 0.020880501919590278
82431 0.038705320631435634
82449 0.018083553221101188
82463 0.00859289771917892
82491 0.012519453630591804
82505 0.03437159087671568
82538 0.006177900320978309
82549 0.042009722182652504
82561 0.02077403844197102
82579 0.006924679480657006
82604 0.025896404085196747
82609 0.02136087568609449
82790 0.004961778210549508
82815 0.015369410554628966
82924 0.030738821109257932
82975 0.0047919835189337455
82976 0.02780055144440239
82993 0.00792636267597217
82995 0.020437162142912028
83006 0.050411666619183004
83022 0.011927050461951813
83033 0.08219293470518968
83048 0.04248174153301938
83056 0.007779578181972687
83083 0.023054115831943448
83088 0.05728598479452614
83150 0.008841958342914118
83228 0.022372041399045712
83237 0.0033586452467312808
83245 0.013173780475396255
83311 0.03897809274679098
83383 0.13037499987719742
83394 0.004219726558525362
83395 0.028427631552170863
83410 0.035668632041874766
83462 0.022505208312135268
83503 0.0008752025454719271
83517 0.006049399994301961
83519 0.021998549279277736
83557 0.016296874984649677
83561 0.013849358961314012
83714 0.007716071421303521
83784 0.015432142842607043
83815 0.0741348038517397
83834 0.013503124987281161
83837 0.00403508537506801
83849 0.0017030968452426691
83886 0.08401944436530501
83910 0.02625607636415781
83915 0.015623450398507129
83920 0.020884908990974345
83931 0.037434405905333916
83968 0.013448458863464925
83969 0.027006249974562323
83980 0.00649634879113183
83981 0.013064444571979228
84020 0.013037499987719742
84026 0.009266850481467463
84034 0.01871365738076487
84035 0.019398720728090367
84042 0.02576165821248151
84043 0.009758502805289362
84058 0.006419142608554712
84068 0.00611792070621153
84083 0.011555194657526753
84112 0.046108231663886896
84149 0.03938411454623672
84265 0.012687499988049413
84335 0.0012691758967568732
84370 0.009199209237077191
84410 0.009023568010593617
84411 0.0192901785532588
84463 0.005479528980345979
84467 0.01608249676310324
84474 0.00584370169465027
84486 0.001578653443189447
84608 0.0023691997928459736
84732 0.017423387080362788
84740 0.021854768765541762
84772 0.008691666658479829
84819 0.004210328503829315
84856 0.0020671815180091442
84907 0.05251215272831562
84909 0.0018309322016652422
84944 0.021338592800899402
84946 0.013798813855615785
84960 0.010502430545663126
84961 0.018004166649708216
85023 0.005408977105062554
85033 0.030006944416180358
85058 0.008684822674191333
85068 0.04813216421255504
85069 0.02423637818229952
85073 0.007959736834607841
85080 0.020004629610786903
85082 0.04296360966624041
85084 0.04064090398243657
85086 0.025546452678640037
85118 0.01658278507209967
85147 0.0035040546769589667
85328 0.049748355216299014
85467 0.027200539542724642
85536 0.01299269758226366
85549 0.000855401582904689
85554 0.009066846514241547
85601 0.002679571223556857
85676 0.005340218921523623
85759 0.011252604156067634
85850 0.015396383419967434
85858 0.009897578524708706
85860 0.011128458246064945
85861 0.011087609960230865
85862 0.008651887863704176
85896 0.009871736283129831
85945 0.005455808075669156
85986 0.009041776610550594
85987 0.013392422259978706
86019 0.01476904295483877
86029 0.015613604488462978
86036 0.030738821109257932
86111 0.007298986479611439
86128 0.01082481682052429
86322 0.009269381693276057
86372 0.04785917717011044
86419 0.0011954393725994064
86424 0.009428615951218767
86452 0.0756174999287745
86522 0.00121454384723377
86526 0.03533528034054883
86538 0.049748355216299014
86548 0.0013803851757717143
86575 0.04248174153301938
86585 0.04785917717011044
86623 0.016296874984649677
86631 0.04154807688394204
86649 0.0675156249364058
86651 0.0035401451277516155
86666 0.0063014583273978755
86688 0.00302954727278744
86690 0.026784844519957413
86694 0.0035465805209251087
86719 0.006120055296625068
86742 0.04248174153301938
86753 0.0439636627492875
86758 0.0675156249364058
86764 0.014597972959222877
86766 0.04109646735259484
86769 0.06633114028839868
86771 0.06198155731866763
86775 0.02170026386532143
86784 0.008063608464882424
86788 0.011597776062695476
86789 0.018904374982193627
86798 0.06633114028839868
86801 0.01665583698871685
86808 0.01550018847522959
86810 0.030990778659333813
86812 0.04910227268102241
86818 0.06874318175343136
86847 0.04726093745548407
87004 0.0016648502846493725
87009 0.03345907076494447
87011 0.06301458327397876
87017 0.007200874960933432
87027 0.1260291665479575
87039 0.04555271080046657
87087 0.050411666619183004
87099 0.054012499949124645
87100 0.051092905357280075
87139 0.05479528980345979
87163 0.04555271080046657
87165 0.06633114028839868
87207 0.03979868417303921
87214 0.0381906565296841
87221 0.003452853878026233
87223 0.0581961621842711
87240 0.049748355216299014
87245 0.051792808170393494
87247 0.051092905357280075
87249 0.06633114028839868
87266 0.026022674147438297
87281 0.014549040546067775
87292 0.007607394359031641
87534 0.05728598479452614
87615 0.012041003173371737
87653 0.049748355216299014
88166 0.005370561074486826
88314 0.046108231663886896
88471 0.06198155731866763
88472 0.012124200455056479
88493 0.04448088231104382
88552 0.011422583070811858
88563 0.009266850481467463
88581 0.0068123873809706765
88616 0.025896404085196747
88617 0.05816730763751885
88621 0.15753645818494688
88637 0.042009722182652504
88640 0.0037077526773104234
88730 0.06633114028839868
88818 0.04555271080046657
88872 0.03177205879360273
88889 0.018342629914813238
88916 0.004078613804141019
88928 0.051792808170393494
88959 0.0090185774809698
89010 0.04785917717011044
89026 0.04109646735259484
89032 0.06408262705828348
89052 0.0078117251992535644
89057 0.001929930009125662
89061 0.034686926572832344
89147 0.09145111200385458
89162 0.04910227268102241
89166 0.03897809274679098
89188 0.10002465375421596
89234 0.034686926572832344
89248 0.010650352102644296
89312 0.05560110288880478
89317 0.015432142842607043
89322 0.02170026386532143
89327 0.006633759419968726
89370 0.04910227268102241
89420 0.025104226824587534
89511 0.1260291665479575
89615 0.002463110746865619
89635 0.005455808075669156
89682 0.05907617181935508
89690 0.060013888832360716
89757 0.02392958858505522
89798 0.0013100744963405145
89808 0.004594015791541586
89873 0.011492021265771202
89875 0.023338734545918054
89895 0.06198155731866763
89903 0.07133726408374953
89918 0.04345833329239914
89924 0.049748355216299014
89929 0.056430970096100375
89953 0.006621497366792864
89984 0.023630468727742035
89991 0.014170633618725588
90038 0.007040735561338408
90072 0.00487553529342713
90125 0.0385803571065176
90227 0.005702677219364593
90375 0.04448088231104382
90404 0.002500578701348363
90413 0.02423637818229952
90545 0.005332686877910755
90560 0.01959002588828355
90612 0.011422583070811858
90620 0.046108231663886896
90641 0.07620926000321215
90683 0.006739527622885428
90690 0.008711693540181394
90763 0.009949671043259802
90768 0.02124087076650969
90815 0.03780874996438725
90835 0.001997292655276664
90857 0.003537490294001028
90921 0.006397419621723731
90945 0.005708338654276479
90967 0.04785917717011044
90978 0.0096450892766294
91001 0.006343749994024706
91002 0.036167106442202376
91003 0.0385803571065176
91020 0.007684705277314483
91032 0.048496801820225914
91050 0.018443292665554757
91062 0.0068994069278078924
91076 0.02136087568609449
91085 0.005440107908544928
91142 0.004335865821604043
91148 0.010895893361494885
91167 0.0068994069278078924
91172 0.01139070790083598
91226 0.018624999982456775
91232 0.015623450398507129
91235 0.007201666659883286
91258 0.001928680293982573
91420 0.0023581978492572386
91457 0.024082006346743474
91506 0.010777067071161314
91579 0.002394263949741794
91651 0.02172916664619957
91831 0.011186020699522856
91834 0.005007781452236722
91856 0.011270383521601798
91864 0.010650352102644296
91865 0.071041580189771
91880 0.021854768765541762
91966 0.006167822180161053
92016 0.003930223489021544
92029 0.005447946680747442
92035 0.040654569854179846
92036 0.06518749993859871
92141 0.03979868417303921
92220 0.007561749992877451
92279 0.012773226339320019
92357 0.011022959173290743
92394 0.024082006346743474
92502 0.08313737454895871
92526 0.054012499949124645
92574 0.028006481455101668
92585 0.008662486928646577
92661 0.007653593110199849
92679 0.016510371163487882
92747 0.022776355400233286
92840 0.011087609960230865
92891 0.08675269888558573
92961 0.018772955543313256
92968 0.010055518607549802
93021 0.0012833927347042516
93053 0.03049092739063488
93064 0.02625607636415781
93083 0.012602916654795751
93100 0.05325176051322148
93127 0.022914393917810454
93128 0.04448088231104382
93129 0.045010416624270536
93153 0.03600833329941643
93163 0.022914393917810454
93164 0.051792808170393494
93180 0.0025055500307745032
93185 0.03345907076494447
93274 0.02625607636415781
93285 0.014944169946398122
93316 0.0085347065382364
93354 0.03938411454623672
93382 0.04555271080046657
93498 0.004582374975139457
93501 0.016627474909791745
93516 0.013951568252541421
93560 0.0381906565296841
93638 0.05560110288880478
93639 0.03979868417303921
93647 0.007959736834607841
93652 0.005634687028969784
93657 0.00836100182238599
93746 0.0385803571065176
93749 0.017750586837740494
93750 0.03406193690485338
93753 0.007241603891707942
93777 0.03938411454623672
93782 0.09848581292722801
93873 0.024908863191711365
93928 0.005584748886910968
93969 0.09965614704930661
93994 0.0006961263419171185
94035 0.003930223489021544
94140 0.011889544013958257
94147 0.02000493075084319
94151 0.019757956297129075
94237 0.019880676522577082
94255 0.0192901785532588
94270 0.025374999976098826
94403 0.01753856942539677
94416 0.05907617181935508
94434 0.04345833329239914
94454 0.004422076019226579
94465 0.0025426193654598016
94501 0.007093574102136445
94568 0.05251215272831562
94779 0.017423387080362788
95110 0.01703096845242669
95143 0.013359982319571468
95144 0.007442667315824262
95206 0.06096740800256973
95252 0.013649368218190345
95398 0.012157154329384969
95415 0.010990915687321875
95428 0.018624999982456775
95432 0.018904374982193627
95441 0.007763603688785883
95475 0.010191037726249933
95595 0.01125057616919125
95784 0.02136087568609449
95838 0.01909532826484205
95847 0.003248174395565915
95881 0.0036424614609236274
96129 0.032315170909732696
96185 0.006552642974763822
96187 0.028215485048050187
96204 0.012984944909269415
96356 0.011388177700116643
96361 0.017343463286416172
96487 0.01314492369665261
96545 0.007187975278400618
96549 0.03780874996438725
96552 0.004048046034730969
96558 0.06098185478126976
96577 0.05816730763751885
96625 0.019192258865171192
96683 0.004622096572663478
96745 0.032315170909732696
96956 0.014131518411191658
97056 0.017750586837740494
97130 0.01247813530177797
97139 0.006333123947133543
97442 0.003282675515566847
97542 0.004890433796997572
97588 0.04572555600192729
97641 0.03007977363247644
97914 0.002773936167599945
97930 0.0008342619144833904
97931 0.0439636627492875
97947 0.040222074430199206
97961 0.007959736834607841
98036 0.042009722182652504
98220 0.042009722182652504
98231 0.038517430725457796
98255 0.04847275636459904
98269 0.013093384041987304
98346 0.0016343063161270925
98362 0.0024175142901321075
98427 0.017423387080362788
98443 0.011270383521601798
98518 0.03266111142994807
98528 0.015278228735727496
98632 0.015559156363945373
98658 0.021004861091326252
98761 0.011815234363871017
98789 0.003345907076494447
98907 0.04445540166854042
98961 0.019899342086519604
99029 0.011492021265771202
99061 0.001990982093964573
99091 0.04345833329239914
99116 0.01710803165809378
99150 0.030925496812897683
99178 0.011852272716108855
99217 0.03533528034054883
99330 0.04667746909183611
99480 0.014775774170287345
99502 0.007576903800478406
99505 0.030738821109257932
99515 0.017750586837740494
99670 0.04448088231104382
99694 0.04637912374527328
99703 0.04726093745548407
99767 0.016729535382472235
99837 0.00565999250963881
99864 0.016564907577127985
99922 0.00611792070621153
99960 0.007909780327277667
99997 0.04296360966624041
99998 0.03204131352914174
100000 0.032315170909732696
100010 0.03049092739063488
100011 0.03150729163698938
100012 0.032315170909732696
100014 0.04239455523357498
100092 0.031848645971491646
100130 0.0023569874227797574
100145 0.028451457067865872
100148 0.03903401122115745
100165 0.014353313543205877
100169 0.027832947131607916
100173 0.011120220577760956
100280 0.009312499991228388
100331 0.037251599668752605
100405 0.014711575861629281
100412 0.01163346152750377
100424 0.026439685289781294
100434 0.019942610094298506
100465 0.006988678366799861
100541 0.02864299239726307
100607 0.029083653818759426
100630 0.011724501538955717
100663 0.09949671043259803
100665 0.0060205015866858684
100676 0.012002777766472144
100712 0.057916720652878145
100736 0.022700630639254683
100838 0.016296874984649677
100871 0.015819560654555333
100968 0.0006939932078632021
101018 0.002326692305500754
101026 0.016367424227007467
101040 0.028215485048050187
101042 0.04847275636459904
101097 0.033870782223649844
101152 0.05080617333547477
101203 0.01027411683814871
101406 0.02423637818229952
101413 0.004017933046162301
101490 0.015623450398507129
101502 0.028427631552170863
101529 0.14298490663596167
101728 0.02236569884401268
101817 0.06096740800256973
101822 0.009669757024139964
101932 0.008237200427971079
101985 0.04962463442069629
101998 0.03138028353073442
102004 0.007313104441854401
102048 0.014160580511006462
102119 0.009547664132421025
102422 0.03049092739063488
102542 0.01959002588828355
102642 0.012196370956253953
102789 0.03177205879360273
102831 0.0025426193654598016
102912 0.003893795052975
102999 0.00762273184765872
103063 0.03742731476152974
103135 0.056430970096100375
103207 0.00859289771917892
103271 0.004714307975609383
103348 0.021482244297947303
103463 0.01680204157551134
103494 0.01899937184140063
103531 0.0703470092337343
103622 0.04248174153301938
103705 0.05545094707545818
103707 0.024992467268977612
103764 0.004168550161453941
103862 0.009620547064729581
103990 0.01022934317925274
103994 0.007201666659883286
104013 0.007844138996760841
104078 0.001480373921863244
104084 0.006837025310015778
104098 0.005870923907513548
104189 0.012437088804074754
104222 0.05560110288880478
104272 0.013455071161703648
104422 0.03723003229389191
104470 0.03345907076494447
104514 0.003762064673073358
104524 0.012310726615903501
104525 0.009620547064729581
104865 0.025720238071011734
104871 0.016166866769455824
104909 0.046108231663886896
104944 0.0007203006905075092
105014 0.00740167045657118
105166 0.009176881059317294
105211 0.018004166649708216
105219 0.020555934532239133
105232 0.013670122248637753
105253 0.008148437492324839
105358 0.010109291434328142
105379 0.003901804131344508
105467 0.004118600213985539
105507 0.04847275636459904
105522 0.016510371163487882
105536 0.00391800517765671
105556 0.010191037726249933
105623 0.011457196958905227
105624 0.004878548382501581
105626 0.011388177700116643
105650 0.014826960770347942
105694 0.009499685920700315
105697 0.009400261145770661
105709 0.018090310987745096
105711 0.005151055853458753
105846 0.048479310480908304
105876 0.012860119035505867
105918 0.006849411225432474
105957 0.05877474614403189
106107 0.01703096845242669
106116 0.012687499988049413
106126 0.05251215272831562
106150 0.0016528731836482884
106164 0.01038701922098551
106166 0.005256308647625442
106232 0.01273021884322803
106242 0.001733551121705055
106306 0.025205833309591502
106307 0.028861641194188742
106506 0.009611978739143875
106519 0.004667746909183612
106715 0.00942794969111903
106789 0.009199209237077191
106976 0.00802733544891449
107128 0.003421606331618756
107237 0.035008101818877084
107636 0.08592897719178921
107679 0.0329978239189166
107721 0.011741847815027096
107912 0.008592721933248082
107927 0.05379477176697329
107989 0.00643070611838982
107990 0.005208769601521416
107995 0.006609921322445323
108022 0.004132103821244508
108101 0.011852272716108855
108168 0.07876822909247344
108437 0.004622096572663478
108457 0.004127592790871971
108526 0.0058527476725057665
108537 0.01826509660115326
108544 0.0009363236742047363
108594 0.015307186220399697
108600 0.023338734545918054
108621 0.0756174999287745
108642 0.0017834316020937384
108658 0.042009722182652504
108699 0.02885305719797929
108757 0.01959002588828355
108803 0.01817728363672464
108884 0.017423387080362788
108899 0.009694551272919807
108933 0.026439685289781294
108945 0.004903858620543093
108985 0.01476904295483877
109026 0.024082006346743474
109214 0.021004861091326252
109218 0.008896176462208765
109228 0.008346302420394537
109543 0.013600269771362321
109562 0.018090310987745096
109566 0.001247577158717658
109885 0.02780055144440239
109886 0.014826960770347942
109905 0.012275568170255602
109974 0.04813216421255504
110000 0.005432291661549893
110033 0.009818370920659236
110163 0.019899342086519604
110322 0.05665113132982142
110472 0.0013849358961314012
110474 0.018533700962934926
110709 0.03542228004216208
110722 0.04847275636459904
110723 0.03596392045095405
110753 0.002755739793322686
110800 0.031246900797014258
110803 0.022914393917810454
110804 0.04990308634870632
110881 0.0103585616340787
110895 0.010905584054974143
110915 0.01948904637339549
110974 0.019389102545839615
110976 0.025374999976098826
110982 0.013266228057679737
111082 0.036707524237269175
111147 0.07703486145091559
111310 0.020660519106222543
111340 0.020218582868656285
111342 0.012454431595855683
111373 0.024874177608149507
111410 0.03979868417303921
111417 0.025546452678640037
111436 0.040937587377101056
111477 0.008854508188381089
111601 0.017116518289491497
111607 0.011741847815027096
111634 0.007080290255503231
111717 0.007962161492872911
111718 0.0007581461793540656
111824 0.030925496812897683
111853 0.009244193145326957
111908 0.012355800641956618
111921 0.0058527476725057665
111979 0.0018371598622151238
112039 0.00855401582904689
112042 0.003101620177554328
112059 0.02198183137464375
112065 0.006333123947133543
112073 0.0029959389829149964
112076 0.0066447715227394115
112077 0.02009360195087852
112109 0.002720053954272464
112421 0.006668209870262302
112432 0.028006481455101668
112455 0.003510880853736418
112469 0.0007661347510514134
112487 0.014597972959222877
112542 0.002464716425318595
112545 0.010650352102644296
112567 0.08001972300337276
112583 0.013082612444424655
112594 0.005186385454648457
112667 0.0029864731409468604
112699 0.006188011450799878
112701 0.019389102545839615
112722 0.008671731643208086
112726 0.013227526354569225
112742 0.019899342086519604
112752 0.004673516682866162
112807 0.005827500624856086
112812 0.010620435383254846
112820 0.027200539542724642
112893 0.01909532826484205
112955 0.004013667724457245
112958 0.024551136340511204
112996 0.011669367272959027
113016 0.011416677308552958
113024 0.003971507349200341
113040 0.10608557589119735
113062 0.00984602863655918
113070 0.02503890726118361
113159 0.010002465375421595
113196 0.02348369563005419
113210 0.01969205727311836
113250 0.010473337940273476
113258 0.0007100234735096197
113332 0.004673516682866162
113336 0.02054823367629742
113366 0.011618108603030527
113372 0.009596129432585596
113374 0.003245386263037532
113388 0.020327284927089923
113466 0.006764356973098299
113502 0.00908864181836232
113539 0.01710803165809378
113554 0.018090310987745096
113582 0.03658044480154183
113585 0.04867847073278715
113595 0.003094005725399939
113604 0.047333155037109415
113642 0.021127319604850894
113665 0.007384521477419385
113694 0.05907617181935508
113712 0.017671694274931638
113736 0.01658278507209967
113741 0.003781203685924289
113832 0.009620547064729581
113880 0.03233120121348394
113896 0.012904010226753328
113938 0.011815234363871017
114040 0.019389102545839615
114089 0.028006481455101668
114108 0.012752147092170959
114140 0.017918838845681163
114218 0.00732727712488125
114263 0.012687499988049413
114320 0.01959002588828355
114328 0.012334446705722198
114329 0.015307186220399697
114330 0.0032039929130479585
114339 0.017981960225477024
114403 0.000397860648866987
114410 0.008833820085137207
114472 0.026074999975439484
114509 0.0012164977466019064
114523 0.014826960770347942
114539 0.0004296937147901722
114551 0.0014403333319766573
114552 0.000684945748256134
114567 0.00036477327510262665
114568 0.0002675477434166937
114594 0.00031935763125591054
114595 0.0011242566150576048
114654 0.012396311463733526
114671 0.014322365937625101
114679 0.004009411449033643
114715 0.029770669263297047
114781 0.015351505612157845
114850 0.002535798119677213
114877 0.02379768713854952
114910 0.03150729163698938
114917 0.010927384382770881
114931 0.018353762118634587
114980 0.004065456985417984
114987 0.0015470028626999694
115007 0.0026274322421394893
115027 0.06276056706146883
115053 0.014003240727550834
115279 0.008061567156585767
115324 0.001194589256378744
115325 0.0004070709513822917
115405 0.0100288461443998
115407 0.027712458182986236
115443 0.006598385683139136
115475 0.031075620583834083
115490 0.020660519106222543
115494 0.012022107165824705
115499 0.006354411758720547
115587 0.004310042292068354
115614 0.0439636627492875
115621 0.014007828972144028
115639 0.010109291434328142
115660 0.013737291502724938
115769 0.010136394092329023
115831 0.015062536094752521
115870 0.01406842327915657
115915 0.024551136340511204
115960 0.0049218373947495855
116043 0.0016102534056382986
116053 0.012263559080976668
116063 0.0016297295927367162
116081 0.011186020699522856
116124 0.006088365533717754
116148 0.013455071161703648
116180 0.021604999979649857
116190 0.018290222400770915
116205 0.006343749994024706
116319 0.0032565676110583334
116457 0.011741847815027096
116481 0.003754589979984525
116485 0.009820454536204481
116520 0.007080290255503231
116545 0.0022136270470952723
116557 0.01595305905670348
116575 0.017834316020937383
116612 0.010680437843047246
116653 0.0024800971741718515
116691 0.020004629610786903
116704 0.0192901785532588
116713 0.020660519106222543
116726 0.005037592955367849
116755 0.005024786373838164
116784 0.0011983755931659985
116841 0.015623450398507129
116900 0.007040735561338408
116906 0.018624999982456775
116910 0.011889544013958257
116996 0.013455071161703648
117044 0.022110380096132896
117063 0.011230838316262844
117080 0.03938411454623672
117087 0.010055518607549802
117154 0.0058527476725057665
117175 0.02000505694922598
117254 0.006201700101806933
117265 0.0036494932398057193
117271 0.01107539418731803
117355 0.012196370956253953
117361 0.0015892707004786571
117371 0.0024005555532944285
117477 0.014213815776085431
117490 0.008632134695065583
117499 0.0013018196438792952
117503 0.009289619155869103
117537 0.0009907953344965212
117548 0.016367424227007467
117619 0.01899937184140063
117628 0.017918838845681163
117677 0.02724075676710562
117682 0.0003801402570318445
117694 0.00756902741954775
117730 0.0013219842644890648
117758 0.016510371163487882
117786 0.0012826690477601528
117789 0.016438586941037937
117834 0.0013045807703830896
117913 0.0021845715942132972
117925 0.0011619161021630992
117955 0.006218544402037377
117970 0.007384521477419385
117980 0.0046793007381667395
117988 0.049748355216299014
117996 0.09949671043259803
118014 0.0028686456725635244
118044 0.0021546879300807205
118054 0.015623450398507129
118063 0.018810323365366793
118068 0.034603123460917956
118074 0.005982397146263805
118096 0.0038541029525369272
118112 0.0018073016235366755
118155 0.004238649099146553
118159 0.013056846141969489
118176 0.0013915623836726998
118183 0.009266850481467463
118189 0.0022350959801251563
118235 0.004633425240733732
118241 0.03449635859399075
118291 0.02625607636415781
118319 0.006691814152988894
118385 0.0035184311910917998
118424 0.03760469540020998
118442 0.01710803165809378
118485 0.001444725308117766
118522 0.01703096845242669
118537 0.023110389315053506
118564 0.06155363307951751
118586 0.007366602808135583
118618 0.0007429504807307379
118644 0.07362655640209965
118686 0.0146545542497625
118734 0.005593010349761428
118756 0.037434405905333916
118821 0.0015344460212819502
118824 0.03437159087671568
118833 0.025205833309591502
118976 0.004494741939809273
119046 0.03068399294556802
119071 0.0015818562060295664
119093 0.02813684655831314
119097 0.0006792804521090056
119100 0.08401944436530501
119206 0.01899937184140063
119377 0.003132456500777734
119461 0.049748355216299014
119481 0.0015180407494118618
119493 0.002598539516452732
119494 0.002303364994664518
119495 0.0014979694914574982
119496 0.0032359668554014297
119497 0.000883588454414285
119703 0.009795012944141776
119881 0.003270653111106164
119919 0.018004166649708216
119955 0.004528875987125745
120029 0.0044734995389726214
120030 0.0018337968870123817
120130 0.01595305905670348
120168 0.01703096845242669
120178 0.003556796798154963
120266 0.007531623498881922
120383 0.029171289446486413
120439 0.01899937184140063
120482 0.014430820597094371
120573 0.11037203172879002
120625 0.021272361204944516
120661 0.014944169946398122
120871 0.017671694274931638
120913 0.013455071161703648
121003 0.009331746122842304
121031 0.04572555600192729
121042 0.020218582868656285
121077 0.0036530193202306523
121089 0.01718579543835784
121098 0.017423387080362788
121158 0.005234323663344089
121205 0.012687499988049413
121216 0.0022665931025072517
121238 0.002827879578488201
121245 0.0011594219553629945
121253 0.09701377079678405
121261 0.02077403844197102
121265 0.0041141186033065566
121340 0.023054115831943448
121348 0.001394127948539353
121354 0.005300987475969987
121446 0.016510371163487882
121462 0.00201110372150996
121475 0.013951568252541421
121661 0.01608882977207968
121665 0.0192901785532588
121675 0.0013210604459953617
121766 0.0741348038517397
121790 0.005251215272831563
121810 0.030738821109257932
121846 0.01710803165809378
121853 0.018004166649708216
121858 0.01710803165809378
121893 0.014160580511006462
121902 0.007827898543351398
121907 0.010887037143316023
121913 0.0013004152038196767
121918 0.017918838845681163
121952 0.01703096845242669
121977 0.005601296291020333
122015 0.017423387080362788
122255 0.011669367272959027
122265 0.01476904295483877
122266 0.01753856942539677
122425 0.01909532826484205
122476 0.01448611109746638
122506 0.014944169946398122
122662 0.0018488386290653911
122717 0.006001388883236072
122735 0.001993081178934489
122761 0.06874318175343136
123077 0.028371951836795337
123079 0.01476904295483877
123138 0.011815234363871017
123167 0.06883417032548195
123242 0.00873181292480075
123278 0.02025815772237285
123348 0.004942320256782647
123351 0.0059168622792468316
123366 0.012002777766472144
123386 0.014885334631648523
123406 0.019389102545839615
123437 0.025302679210552653
123477 0.014003240727550834
123486 0.01264506687772149
123500 0.009452187491096813
123511 0.014353313543205877
123545 0.0192901785532588
123574 0.0064955224507566
123576 0.005370561074486826
123578 0.018342629914813238
123596 0.009923556421099017
123627 0.00732727712488125
123633 0.007341504847453835
123637 0.02864299239726307
123667 0.011186020699522856
123770 0.029083653818759426
123777 0.0192901785532588
123808 0.011669367272959027
123827 0.004798064716292798
123877 0.07133726408374953
124026 0.012752147092170959
124122 0.022110380096132896
124125 0.005568298963827283
124235 0.007384521477419385
124287 0.01718579543835784
124297 0.01703096845242669
124309 0.005001157402696726
124396 0.028215485048050187
124512 0.025896404085196747
124564 0.000743096500872391
124640 0.006787926384988735
124687 0.02379768713854952
124754 0.001600031737807332
124767 0.012816525411656695
124809 0.02864299239726307
124904 0.0016515938700386536
124996 0.0038501782041127546
125090 0.025606311361079284
125225 0.01665583698871685
125227 0.012626386272721541
125269 0.016367424227007467
125277 0.0030054650210164747
125283 0.008816211921604783
125370 0.016367424227007467
125588 0.00578115442880539
125638 0.020990980765725677
125760 0.008612471518083656
125792 0.009289619155869103
125795 0.006088365533717754
125799 0.010868553209286624
125813 0.009871736283129831
125839 0.009897578524708706
125994 0.002677673510225726
125999 0.027200539542724642
126077 0.010833452711858812
126152 0.01969205727311836
126210 0.007384521477419385
126227 0.02423637818229952
126328 0.010864583323099785
126471 0.008201464200517842
126615 0.015063246997763844
126653 0.005626302078033817
126684 0.0034782658660889834
126691 0.05479528980345979
126705 0.0038501782041127546
126716 0.005978979909940966
126728 0.004897917245807055
126745 0.02759762771123157
126775 0.011852272716108855
126808 0.018810323365366793
126878 0.001000760983705327
126958 0.007653593110199849
127180 0.009176881059317294
127198 0.008450043375340048
127219 0.002085424708460411
127310 0.02172916664619957
127360 0.00340312780957581
127385 0.011219213639284051
127392 0.01753856942539677
127410 0.02136087568609449
127412 0.025546452678640037
127417 0.010218581071456014
127524 0.014213815776085431
127548 0.008292199274960908
127550 0.00297332923375282
127551 0.018717202952666958
127649 0.04726093745548407
127674 0.009540354456437885
127678 0.021774074286632045
127694 0.02136087568609449
127874 0.002384191925914755
127886 0.006546201014665675
127990 0.013649368218190345
128002 0.034417085162740974
128009 0.014375950556801236
128211 9.857837504402996e-05
128221 0.007486881181066782
128520 0.22074406345758005
128638 0.012355800641956618
128766 0.0018614649142977091
128822 0.005719931915943608
128858 0.10850131932660713
128884 0.006912020103178656
128928 0.014321496198631534
129155 0.021679209643290454
129186 0.025205833309591502
129196 0.009620547064729581
129210 0.032828604309076005
129287 0.007700356408225509
129384 0.0018230512596688051
129455 0.025297329635593214
129538 0.011513629209118383
129576 0.023054115831943448
129600 0.032315170909732696
129667 0.013278544492437892
129694 0.005449581544948012
129776 0.008928281506652471
129866 0.00454432090918116
129894 0.1368032884386949
129963 0.12196370956253952
130012 0.00695068169410404
130017 0.005401249994912464
130034 0.02503890726118361
130088 0.002096991123926082
130126 0.0033518395358499336
130294 0.0027064244784815498
130364 0.0010581514930764107
130369 0.009199209237077191
130459 0.017750586837740494
130505 0.01899937184140063
130522 0.023323779096646225
130568 0.0192901785532588
130585 0.0038267965550999243
130642 0.030483704001284865
130671 0.03536783337165647
130677 0.012157154329384969
130684 0.007561749992877451
130761 0.04741909511310979
130793 0.029387373072015947
130933 0.02224044115552191
130938 0.03383106914511346
131003 0.026074999975439484
131051 0.024551136340511204
131072 0.02681471628679947
131098 0.009769702833175001
131164 0.009499685920700315
131188 0.020218582868656285
131290 0.017504050909438542
131297 0.023054115831943448
131316 0.0017162392176299252
131335 0.01524546369531744
131377 0.005551945662905617
131389 0.022372041399045712
131538 0.01595305905670348
