594 0.00531422991633211
598 0.0075460693703494125
765 0.004525929826441413
936 0.0018810149318715524
1032 0.000995857378806186
1056 0.003785323127569182
1074 0.0013040814754153225
1121 0.004797851948911311
1995 0.02151536245761207
2287 0.0021142635150998715
2501 0.02938944847910933
2648 0.0020282390397003925
2793 0.0026373152937982005
2807 0.0024959641214930784
2824 0.002176677198202451
3055 0.2350006699682442
3163 0.0037653264745147515
3174 0.003760600617628006
3183 0.0023595180828514567
3206 0.005252878688833119
3253 0.0019198682529303962
3269 0.0024027679051440497
3321 0.0018716431117277552
3409 0.002332307824894356
3962 0.0029798692611587405
4671 0.002288572340302092
8234 0.010895485607618594
10470 0.006581567363196296
10782 0.02671152546624291
12810 0.017153742415727553
13061 0.024459253404858074
19406 0.0133612421052179
21353 0.0259287701412248
21667 0.0009376810502787615
22600 0.0029311643512273207
25506 0.0066106090283400195
27475 0.020128170657775026
31921 0.04656943584575243
50562 0.0006758214864000736
50702 0.03562383916551574
51459 0.008406834024411367
51928 0.004841692372472209
52681 0.01646175406640551
54619 0.001218969217936003
57649 0.02974403835974114
62004 0.007381182740932608
65427 0.0023031226251193893
67009 0.036016021510035266
67288 0.0027246167238469477
67514 0.004572709462890421
68314 0.01934263142190112
68486 0.04139505408511328
69665 0.001466059225489964
71419 0.02198308772842972
72801 0.004502897104678353
73799 0.03383839186959956
75699 0.026854553399374467
76984 0.005411738722136369
79693 0.008749758032823695
79707 0.025828003192976363
80469 0.03049009763214177
81432 0.0700846955302413
87141 0.03611507269670597
89742 0.02612012637842941
89828 0.09696649655553932
91677 0.0726365707174573
92402 0.019028371635898846
96092 0.032123561428520436
97104 0.007962378232344624
98692 0.014301950081599589
98819 0.024623198379309826
99018 0.02722520864828604
101281 0.03536938317147634
101406 0.09522526238474398
101488 0.054230923838825586
101788 0.08160151733433112
102772 0.02377982969916757
104197 0.05056976442354622
104439 0.0658518360900025
104547 0.08622326739842054
104864 0.02555434746770531
106389 0.0029643913352412703
106505 0.08923211507922342
106931 0.002529826453000692
107816 0.003999010399860012
108058 0.061201138000748334
108925 0.020166821220952622
111260 0.05042243011404938
112234 0.09743930218195493
116438 0.016087623292169024
117499 0.0019663714796358416
117843 0.028542557453848268
117917 0.05626776604873453
120605 0.07927488335364484
121576 0.009527054187901793
121686 0.014506973566425841
121875 0.009591536922160394
122629 0.05574434496921142
123392 0.0024731808023896935
123819 0.024158888220322083
123942 0.018530246723964323
124905 0.06625946561820859
126279 0.030380061152593864
126601 0.052565939335002
127715 0.10054472671551512
128242 0.04881761550727152
128797 0.02313253022403389
129254 0.01693434030754634
129400 0.03504234776512065
130345 0.0429003287791174
131103 0.04091649854655705
