264 0.0076363328336113935
388 0.012544399424643395
507 0.009553448650184239
613 0.006524529585805902
865 0.0034938068412861106
870 0.023252129804607762
1058 0.15588053436518262
1067 0.011560105539564283
1072 0.11467400307050243
1509 0.008986291408418685
1755 0.015069931167215405
1912 0.013033840721441568
2196 0.022414212453881307
2197 0.07183379958331237
2239 0.11528166223450938
2240 0.08934328823174477
2241 0.12698831155148077
2247 0.003796883437893736
2378 0.008904063905335114
2393 0.025704184481439105
2423 0.00731644348827214
2508 0.01044725289506344
2517 0.03138990270774822
2549 0.00367797456132903
2956 0.030545331334445574
3131 0.00209846238064737
3156 0.001828619835592312
3244 0.0025473481254978917
3255 0.002331944158706389
3366 0.002599850720450902
3380 0.0021720691605807917
3685 0.004327578708755631
4289 0.04257255554738352
5031 0.004890498158425988
5474 0.01587787619482835
6211 0.004049708018776077
6573 0.05598571059750219
6627 0.019094464210406375
7822 0.022442513227181663
8049 0.022112062340213078
8604 0.05363471565024695
8801 0.026152055290443198
9871 0.02397724819768285
11267 0.1213022677506682
11695 0.22575699831374357
12105 0.04431006199343252
12113 0.06301377583034164
13071 0.009772753066831223
13097 0.00450887763622456
14055 0.0038096246574839837
15463 0.02155711473473916
15479 0.0014331177966718624
17619 0.06468292360669305
18077 0.0023431747119302933
18499 0.001069494251465122
18547 0.02850045559657474
19336 0.0030878330342932934
22766 0.0067308388217207134
22833 0.017646655149174517
23256 0.027137884014268376
23451 0.05544738645714158
23647 0.0211540648682651
23716 0.002327959291722954
23746 0.023012192187774876
23955 0.09376468604134512
25737 0.02142015373453259
26242 0.024414368772693058
26295 0.008616591993417216
26884 0.08480188516974596
27573 0.0071296389611367385
29098 0.022829359380041485
29349 0.022178954582856635
31876 0.013175258970176717
32166 0.021624155198670992
32385 0.007378794870816027
33127 0.06552872944934915
33179 0.055715248227465944
33877 0.056813085630962816
34547 0.09186653919122341
35152 0.006277980541549643
35801 0.003309341860282769
35926 0.05465903499092631
36082 0.020484327513763303
47968 0.039769159941673966
48811 0.030682922917033166
52136 0.005643420785071551
57188 0.0012705855041188889
57845 0.0019138229809161052
57985 0.028147144163559353
59020 0.03822172758577316
59242 0.07440681537474483
60181 0.0153774085107806
60754 0.02469605221217441
62358 0.002112126786846934
63592 0.38443521276951503
63595 0.0031331313184149554
63776 0.0020479882404032964
66244 0.022974215902560657
66347 0.13232892924371745
66708 0.02705398854783543
67272 0.007007828073643378
67462 0.004059361673171253
67844 0.009057990541996493
69375 0.014523686327465592
70135 0.0008900573484360855
71442 0.017831436878485245
72320 0.055715248227465944
72327 0.010951139690645277
73123 0.09660038302134716
75322 0.003046010252946764
75344 0.0012637493297924605
75695 0.003112835730927247
76462 0.02652906041183265
76654 0.0012949826782474073
77017 0.0038879046161994077
77451 0.005116305910793055
80548 0.00204430038642898
81356 0.05298432756618085
83817 0.0030209057728400597
84428 0.027137884014268376
85624 0.013175258970176717
88168 0.016179593557200386
90690 0.03745277391380078
98764 0.01866194215775716
98826 0.02735585898627053
103462 0.08109058199501622
103990 0.020152460857061086
105219 0.02987838441213847
108567 0.06628193323612327
108642 0.01027275629555517
112434 0.2709083979764923
113171 0.012567544073028344
114089 0.12040373243399657
114568 0.00017265560396383865
114636 0.07602616052216774
116205 0.011428873972451951
117577 0.001582255258439341
117705 0.054932329738559375
121354 0.009550237296468589
124516 0.38634935451565305
127913 0.01338233573198696
129351 0.007095425924563919
129479 0.010197220497865119
129813 0.006198006267134998
130134 0.07488997651354189
