24 0.0026691638063593122
150 0.0015037680994719872
173 0.011910925416940003
185 0.0036270329138907323
245 0.0010321956530300407
293 0.0008455004062820698
309 0.0017332077571611511
341 0.002304758066803158
433 0.00885861742549033
472 0.008376046826436381
493 0.002267134317424065
508 0.003081809641222834
542 0.001350890514210323
642 0.001773182894888097
661 0.0027538671534443828
735 0.009553717372434182
738 0.00405012988597206
748 0.003023376452800772
778 0.0009588614852535189
842 0.001033236903638169
870 0.008680016267718346
884 0.003124301936711393
886 0.0198083868346937
900 0.0007743323864727158
924 0.002120831560979458
941 0.02230719206626062
1028 0.00542227716472078
1068 0.0009789195245084809
1098 0.004326922682199297
1132 0.0018783979357715095
1169 0.0019132510118549295
1184 0.0006386720173250704
1198 0.0015752975004713866
1237 0.0030117101491384402
1272 0.00123928844812559
1277 0.021743879135294443
1325 0.002731781769535723
1426 0.0034525164946177223
1446 0.0015969169394615356
1448 0.002615606360138699
1458 0.013884735914604346
1611 0.019220036021376338
1686 0.0040086481087414335
1758 0.0031665883384740584
1773 0.005748048155925633
1792 0.0021976968191874933
1811 0.007771278102505956
1824 0.008441741311349607
1828 0.005987883266743115
1874 0.006706056181913239
1877 0.00764704807955293
1899 0.009441421203483112
1913 0.0025206604618198476
2010 0.003124301936711393
2022 0.007715570015749641
2059 0.003503082236605614
2157 0.0026219781174106572
2173 0.003833738262500712
2262 0.00266581304568935
2355 0.005987883266743115
2469 0.04139700066142596
2498 0.05381610085985375
2552 0.021854254156285783
2570 0.0018743091287715713
2595 0.0010491488709221764
2601 0.002186535332040782
2678 0.003949805567695688
2680 0.002228409973492909
2742 0.007260182240789712
2808 0.0012508100141744043
2811 0.007570338214721281
2841 0.0014010049036082977
2905 0.0018792178388425576
2917 0.005131451810236352
2920 0.005605843839568098
2948 0.003664074952160255
3001 0.0064936471625766205
3019 0.0010752467704266482
3077 0.018269389361321508
3127 0.016064507719359328
3161 0.0012733771277102335
3167 0.001414352190797733
3186 0.0014194817239658094
3192 0.0015963248308447531
3313 0.02302293084913529
3364 0.0014046616863909623
3380 0.0013728597158125953
3426 0.00499964770587605
3508 0.0017125250870279633
3660 0.0034776155644493534
3685 0.0027352529026609274
3711 0.01974902783847844
3822 0.005180871609926995
3935 0.01662273385632548
3943 0.0026992401685193104
3969 0.007928707309002393
3978 0.01708447646344563
3993 0.005996222937031058
4011 0.0013624329331608544
4071 0.002864463119619627
4144 0.0018135164569453661
4164 0.004878580155191857
4244 0.0012493581163053684
4255 0.0011179324978242168
4266 0.025030744585978485
4293 0.003350418730574552
4300 0.0016476418173701874
4382 0.001798365943520593
4416 0.005237576726019829
4454 0.01913461363905911
4469 0.014948916905514928
4492 0.027248658663217084
4503 0.007272446062142398
4522 0.0021419343625812435
4577 0.009102088940355814
4592 0.0008523635059964957
4611 0.005362095221017995
4655 0.007397402180048624
4693 0.017790446565240908
4740 0.006483867573476355
4754 0.0035847527633541213
4761 0.007579732515472359
4775 0.0036860343054694344
4831 0.002782991641104266
4857 0.00062314199866671
4865 0.008092646745842667
4903 0.009653112261857173
4929 0.005415456690299748
4935 0.005415456690299748
5010 0.0020336740995693433
5066 0.0044111558081847335
5082 0.009567306819529555
5140 0.0027956416031092854
5198 0.004720710601741556
5319 0.009441421203483112
5326 0.012679889289668601
5396 0.0006067204155564119
5401 0.006474117396674135
5414 0.0022190217215121103
5424 0.032129015438718656
5446 0.02496399436701124
5448 0.0056278275408997375
5584 0.003687145349098271
5611 0.00512534293903369
5682 0.035580893130481815
5777 0.02813913770449869
5782 0.007842054770106192
5818 0.04262661454245841
5887 0.006562939129250457
5934 0.005771163631083511
5952 0.006910574749258908
5972 0.00233348946817794
6036 0.0059383283707424815
6061 0.006176883886353371
6065 0.0037018814005058466
6073 0.007747876803579384
6087 0.0041921013328026285
6418 0.007211537803665493
6534 0.011827714474693132
6571 0.0012741308282889316
6612 0.04417870518283201
6896 0.006748100421298275
6898 0.004619407799129077
6975 0.011860297710160604
7159 0.029897833811029857
7223 0.007260182240789712
7227 0.017790446565240908
7263 0.003392661992740977
7264 0.002196575545300153
7336 0.004551044470177907
7364 0.004624369569052953
7399 0.016004788359807804
7404 0.000970096455337607
7441 0.055644934008910546
7444 0.01839866696063376
7475 0.005011976797192432
7567 0.026575852276470982
7603 0.007297098421675084
7671 0.001470887621724735
7694 0.01588667184054723
7733 0.012326235262503848
7788 0.00449873361419885
7857 0.0028157541326280576
7858 0.010927127078142891
7859 0.008247678292697892
7860 0.0075531369627864905
7861 0.0034720065070873384
7864 0.011211687679136197
7890 0.002038488668933854
7989 0.008425221269644421
8035 0.0036087913401410725
8085 0.006359361992301772
8186 0.0034196092682988876
8343 0.047310857898772526
8395 0.002801098288086077
8421 0.006416226630086884
8442 0.002428250461809532
8491 0.010281362983310694
8493 0.011039200176380255
8494 0.006378204546353036
8496 0.009250617201988937
8497 0.003882135319015599
8498 0.007878592516523208
8501 0.007372068610938869
8502 0.012014801126882076
8547 0.005095015466021657
8615 0.009989067444984453
8651 0.011096103270072937
8658 0.02460164610736171
8672 0.022900468451001594
8707 0.003820131383130701
8721 0.03097329545890863
8746 0.013006912594526585
8755 0.011635913699427836
8821 0.006029815222392577
8861 0.02207840035276051
8966 0.03528924646547787
9032 0.008494225253564877
9207 0.005354835906453108
9299 0.004406640807357523
9339 0.0008056461488911672
9362 0.0028769769368653777
9365 0.010354384027226252
9397 0.0030840172412523632
9531 0.017822705024858877
9754 0.07856635171665495
9772 0.0006781049092437076
9834 0.01609158135798517
9855 0.004826556130928587
9953 0.000983391518681658
10004 0.005477465736371883
10010 0.002797082668539685
10026 0.003075205763420214
10036 0.013888026028349354
10077 0.014398956751800333
10088 0.003931769925834063
10165 0.010790195661123558
10187 0.0049429254521105625
10268 0.0044800083962417275
10292 0.005321740505300741
10421 0.005088992989111465
10473 0.0020599464443963158
10517 0.003222521009572081
10550 0.01984003718335622
10588 0.02316700114721877
10685 0.007000468404533821
10706 0.012196283480986685
10707 0.00831136692816274
10718 0.012251237571709718
10787 0.012336068965009453
10815 0.03328532582268165
10834 0.0017145711146110312
10921 0.0022707215552680905
10933 0.013624329331608542
10999 0.050650447868097644
11001 0.027077283451498742
11011 0.01708447646344563
11116 0.0038032580112970843
11144 0.005512532738525352
11250 0.00602138191438923
11255 0.0047519467765106144
11263 0.0030318930061889434
11285 0.003261581870294166
11336 0.007987547437455101
11380 0.014398956751800333
11430 0.04948606975618735
11488 0.0023564795121993978
11546 0.0012956027892832682
11675 0.017501171011334554
11802 0.006833790585378253
11923 0.006706056181913239
11960 0.027776052056698707
12146 0.005987883266743115
12164 0.006910574749258908
12272 0.011542327262167022
12305 0.007435730688753539
12460 0.007899611135391376
12486 0.009006878804996442
12518 0.002562671469516845
12567 0.02928767393733537
12620 0.005000334574667015
12652 0.007474458452757464
12847 0.03776568481393245
12848 0.005672316296163767
12862 0.028701920458588666
12940 0.04139700066142596
13207 0.010082124280222045
13243 0.0030951028531907257
13278 0.011604550050642317
13350 0.03416895292689126
13432 0.02302293084913529
13506 0.01192600573071551
13639 0.0031220363080408263
13703 0.007715570015749641
13705 0.004746734364705954
13734 0.07057849293095574
13737 0.0026807522221595887
13796 0.007410134369687263
13815 0.01984003718335622
13856 0.010679823223895178
13986 0.013006912594526585
14029 0.000738344721109295
14215 0.011389650975630421
14253 0.005576798016565155
14429 0.004687772575670278
14457 0.004783653409764777
14613 0.007771278102505956
14656 0.0028342910261937456
14751 0.0066235201058281535
14950 0.008032253859679664
14999 0.005456638870454118
15037 0.02454372510157334
15087 0.00623051818927395
15111 0.0065830092794928125
15162 0.08441741311349607
15182 0.03913898244352999
15193 0.0030928793597617093
15195 0.007526727392986538
15257 0.003917459571235941
15265 0.013581350374726497
15285 0.0026396615995023295
15361 0.007609067176583801
15476 0.007410134369687263
15610 0.006513295111631316
15634 0.005053155010314905
15645 0.01974902783847844
15711 0.027617431832113612
15712 0.017152542106726294
15715 0.03283552412237514
15857 0.004555957712437367
15894 0.017016948888491302
16003 0.00476125823329019
16084 0.006069514034277503
16124 0.0021387422100289616
16158 0.007297098421675084
16233 0.011336424651713075
16320 0.01582826495878051
16350 0.005088992989111465
16411 0.01192600573071551
16433 0.0012304338578989138
16459 0.002615606360138699
16694 0.00813854077275671
16876 0.031197739628900722
16879 0.01226577797375584
16932 0.009850657236712544
17000 0.04262661454245841
17112 0.004031795550424381
17221 0.009345495327137542
17273 0.0032468235812883103
17283 0.004123839146348946
17319 0.009462171579754505
17321 0.08857971026877764
17376 0.003856222982251524
17378 0.00449403765009217
17379 0.006664532614223374
17465 0.011757236056721422
17515 0.044846750716544787
17523 0.009420761638486432
17775 0.005315170455294197
17841 0.002402504502672042
17890 0.01003563652398205
18043 0.03311760052914077
18081 0.006877456978895047
18271 0.01708447646344563
18280 0.003708258457181998
18306 0.029897833811029857
18389 0.00432257838231757
18411 0.004674579879248968
18420 0.14876502765647515
18421 0.05006148917195697
18559 0.009339019671991973
18577 0.00475197358585905
18595 0.0035580893130481815
18604 0.0014019173131840767
18651 0.006664532614223374
18664 0.005224864161150849
18685 0.013581350374726497
18795 0.005113168727777078
18961 0.03776568481393245
18979 0.008216198604557823
18992 0.011667447340889701
19117 0.012677367574203968
19168 0.0036547436916708823
19349 0.00076375520113328
19403 0.0024943731568877747
19556 0.007116178626096363
19623 0.008247678292697892
19889 0.029089784248569592
20148 0.0031679823905727002
20272 0.047310857898772526
20285 0.007771278102505956
20298 0.010281362983310694
20314 0.004208492735863441
20341 0.0027214210295754106
20464 0.012093505811203088
20573 0.0015649902103919663
20615 0.0008919179757174849
20681 0.02265941088835947
20704 0.03500234202266911
20844 0.019220036021376338
20998 0.004639319039642564
21225 0.018477631196516308
21250 0.0033661360975670834
21407 0.009063764355343788
21791 0.01425592075757715
21816 0.015001003724001044
21817 0.018165772442144724
21932 0.0065830092794928125
22153 0.019438630280446085
22179 0.020404208856816586
22183 0.008002394179903902
22460 0.0012360861523939993
22585 0.001463885776534614
22703 0.006716518048031668
22740 0.003816744741833599
22774 0.0072236376993092275
22930 0.018407793826180005
22939 0.004115954176661854
22993 0.012336068965009453
23044 0.0061680344825047265
23124 0.011039200176380255
23137 0.002308465452433405
23183 0.005709931125713925
23296 0.009610018010688169
23319 0.002161289191158785
23578 0.007397402180048624
23972 0.01668716305731899
24101 0.02302293084913529
24322 0.003002292934998814
24355 0.0014322315598098135
24366 0.0026757539271524545
24523 0.0030064860815560753
24576 0.008376046826436381
24830 0.0010798314694728615
24919 0.0015718466844791164
24921 0.0010441894220265407
24945 0.0026757539271524545
24946 0.01084455432944156
24979 0.0010904984976667425
25046 0.005788040004750366
25124 0.006397159091810252
25159 0.005361504444319177
25253 0.014447275398618455
25277 0.0021440677633407868
25288 0.006124165104962019
25297 0.006483867573476355
25351 0.007284751385428594
25473 0.0012315401850257275
25501 0.012336068965009453
25507 0.0012172146080826403
25537 0.0077994349072251805
25615 0.01192600573071551
25801 0.0026930344105559824
25905 0.025941232580666482
25981 0.003163839563874688
25983 0.04499682935288445
25984 0.004795714707346896
26022 0.02460164610736171
26125 0.010449728322301698
26169 0.0035580893130481815
26189 0.0017402134473679463
26208 0.004624369569052953
26295 0.0025951103488778176
26380 0.00989721395123747
26392 0.0024038459345551645
26450 0.0037732586054235757
26502 0.0022961536366870932
26565 0.004061592517724811
26567 0.006248603873422786
26659 0.0064623105985525545
26750 0.011010966927847313
26861 0.005149866110990789
27122 0.03142546035611898
27154 0.010719832875246003
27269 0.005674848316239047
27304 0.008002394179903902
27359 0.0005636781901614044
27391 0.047310857898772526
27451 0.006523163740588332
27453 0.007645883418444212
27474 0.01296773514695271
27525 0.012890084038288323
27532 0.003420440079948814
27533 0.0025535516422231907
27536 0.003736076458479009
27594 0.0015834086314043029
27609 0.005987883266743115
27613 0.0039937737187275505
27616 0.0013441423880075866
27621 0.003642375692714297
27622 0.002756266369262676
27623 0.00636876933252707
27625 0.005513983627206718
27635 0.0024309926983559003
27644 0.0019506251953886223
27645 0.0020170133799577426
27657 0.0032197377893848416
27659 0.0030695203589920115
27660 0.004275360544973485
27661 0.0033392058429534046
27675 0.003617889133435546
27676 0.02230719206626062
27685 0.0038939563863073087
27699 0.005041320923639695
27702 0.02021262004125962
27709 0.004057764438066258
27711 0.00513757526108389
27714 0.009077816133458632
27717 0.0016234936203045171
27718 0.0055196000881901275
27719 0.003261581870294166
27720 0.007125629798816848
27729 0.016752093652872762
27739 0.020118168545739716
27823 0.00202506494298603
27846 0.0017003507380680487
27935 0.00221105725460468
27938 0.0017273664348737634
27941 0.0018292312058136215
27943 0.0033839439877960003
27947 0.002690150469113973
27989 0.002183981253907498
28035 0.0022735607567728536
28037 0.0018621455992199755
28038 0.0054497317326434175
28062 0.008840427245971868
28074 0.0033348474583952746
28079 0.0029127254111087322
28100 0.002311366192738634
28102 0.0018435726745491354
28104 0.011266594057445567
28109 0.003878637899809279
28117 0.005162215909818105
28136 0.0015486647729454316
28215 0.02339830472167554
28298 0.004470704121275493
28395 0.0013689310234620985
28468 0.0026757539271524545
28509 0.002189034941491676
28547 0.0012847771019959117
28590 0.007435730688753539
28593 0.0172211522751532
28611 0.00602138191438923
28622 0.02593547029390542
28830 0.004212610634822211
28854 0.0022695245486496047
28855 0.002269454033364658
28856 0.004076977337867708
28882 0.012813357347584224
28894 0.0013198307997511647
28928 0.01010631002062981
29084 0.004654844415815633
29099 0.0025236155151162364
29102 0.0021591213985899197
29104 0.0030318930061889434
29111 0.001868614613189366
29142 0.0034387284894475236
29146 0.004322699065088887
29173 0.002497266861246113
29305 0.019393189499046393
29325 0.0022238058206551134
29441 0.015186429906598504
29578 0.05664852722089867
29579 0.0024643892780700054
29591 0.014293110500328002
30194 0.0006458577960978547
30222 0.004565522872522057
30224 0.011364943959012982
30253 0.012928792999364263
30255 0.014208871514152803
30256 0.012515372292989243
30257 0.005341548472442059
30275 0.004778344138499778
30276 0.00859338935885888
30294 0.009794578823580105
30295 0.00837369861188091
30337 0.012230932013603124
30494 0.004674579879248968
30510 0.0012733771277102335
30527 0.0013919457060421272
30625 0.004720710601741556
30626 0.004897938644810352
30713 0.017360032535436692
30786 0.0023209100101284634
30985 0.01687381100733167
31065 0.007474458452757464
31169 0.0023584261152219577
31570 0.0053678102762645665
31587 0.006080915351395903
31595 0.0028817189215450466
31596 0.004848297374761598
31606 0.005315170455294197
31624 0.015542556205011913
31908 0.0059219918415244835
31932 0.009653112261857173
32009 0.0027142744408423245
32034 0.0013759309903446147
32110 0.003642375692714297
32115 0.01337045984095745
32126 0.003027628740357454
32129 0.001815045560197428
32130 0.005687302600777146
32132 0.00363929676144404
32135 0.005415665939945975
32154 0.006664532614223374
32155 0.0040429763478465235
32174 0.0068995001102376595
32218 0.005341548472442059
32288 0.02609265496235333
32320 0.009274155668151759
32354 0.0059383283707424815
32375 0.0038508837824582287
32416 0.018637610687395237
32461 0.009837363502250042
32477 0.005113168727777078
32546 0.008626611071203882
32549 0.005375727400565841
32807 0.003971667960136808
32854 0.004424756494129804
32872 0.006089516363208345
32884 0.004402135039660839
33031 0.03528924646547787
33046 0.005963002865357755
33105 0.021854254156285783
33353 0.005826927542100145
33399 0.02378612192700718
33493 0.0033687700068766036
33634 0.005199623271483453
33795 0.0016804403078798983
33841 0.0030533957934668794
33927 0.0025444964945557326
33985 0.012928792999364263
34113 0.0010860968891998738
34157 0.0048592416126278775
34159 0.0039138982443529995
34178 0.006327871041137011
34180 0.00451288057524979
34183 0.004853763324451295
34211 0.0005524558024879121
34455 0.005470505805321855
34479 0.017360032535436692
34675 0.004029566807720996
34706 0.008822311616369467
34731 0.034384369599845664
34964 0.010399246542966907
34995 0.0020702886552590974
35196 0.007104435757076402
35209 0.005663552724115911
35425 0.0021645490541922067
35447 0.003206989157574695
35478 0.014794804360097249
35555 0.003398017418143883
35568 0.011329705444179735
35621 0.0026071124303173395
35733 0.004076977337867708
35846 0.001258856160464415
35853 0.00813854077275671
35893 0.025325223934048822
35935 0.011959133524411943
35936 0.0072236376993092275
35940 0.032129015438718656
35977 0.0047310857898772525
36171 0.0032419337867381774
36210 0.0066235201058281535
36363 0.026799582188115005
36412 0.02002606141529473
36706 0.005388345517882728
36708 0.0058337236704448505
36750 0.0005329646037123421
36856 0.00602138191438923
36863 0.012851606175487461
36926 0.005664852722089868
36938 0.001836726991803882
36985 0.00935313710912559
37020 0.01594551136588259
37169 0.008036919906468888
37217 0.012336068965009453
37267 0.0057175140355754306
37295 0.016883482622699213
37331 0.012336068965009453
37354 0.016495356585395783
37362 0.0025550671031384564
39278 0.010299732221981578
39315 0.006387667757846142
39338 0.01679605150960203
39356 0.0016876864244564091
39918 0.01605613734618344
44684 0.008576271053363147
45318 0.05897654888751095
45319 0.011240961015113054
45320 0.048923728054412495
45334 0.009359321888670216
46213 0.027956416031092855
46248 0.013581350374726497
46256 0.04783653409764777
46384 0.1076322017197075
46403 0.002468628479809805
46567 0.007422910463428103
46568 0.009797696713934519
46569 0.01262547820759032
46656 0.005113168727777078
46712 0.0086105761375766
46713 0.015346287063510065
46738 0.002629986602802871
46795 0.016495356585395783
46875 0.058179568497139185
46878 0.015598869814450361
46898 0.0011579580604594672
46992 0.009121373027093855
47108 0.02609265496235333
47133 0.015249971454324857
47229 0.0010444658099923094
47417 0.0057251171127503985
47455 0.003986377841470648
47611 0.02889455079723691
47633 0.014398956751800333
47827 0.01258856160464415
47858 0.030752057634202138
47938 0.015486647729454316
47962 0.008032253859679664
48008 0.0030297117020645394
48010 0.014693815934431056
48017 0.0022528979951796442
48157 0.005463563539071446
48285 0.018165772442144724
48731 0.02889455079723691
48756 0.020440748129671445
48757 0.02889455079723691
48760 0.11044676295708002
48765 0.01880038457986157
48766 0.02231055111854976
48767 0.15562678698905308
48778 0.10483351675047207
48779 0.08610576137576599
48873 0.03743728755468086
48879 0.05449731732643417
48880 0.08279400132285192
49048 0.006106791586933759
49217 0.0055695835301271665
49321 0.006549403733303936
49362 0.019049947207027875
49367 0.00914073899955053
49394 0.02302293084913529
49396 0.014007954182039256
49611 0.005740384091717733
49706 0.002058961295451124
49889 0.0018792178388425576
50205 0.018013757609992884
50466 0.0077294220265499095
50610 0.10879830380846688
50639 0.0024364957944472553
50834 0.005841639170676118
50848 0.011860297710160604
50899 0.005442842059150821
50902 0.09985597746804496
50937 0.008295352733696146
50972 0.010267193690244682
50973 0.01893373079264229
50989 0.0032273523754035227
51010 0.025030744585978485
51085 0.025325223934048822
51158 0.002224438924372073
51208 0.0027956416031092854
51209 0.007526727392986538
51283 0.03165652991756102
51285 0.044846750716544787
51318 0.047310857898772526
51502 0.006185758719523419
51796 0.11389822429948877
51907 0.01871864377734043
52208 0.00283196828095077
52310 0.010790195661123558
52444 0.016432397209115646
52862 0.03743728755468086
52875 0.02593547029390542
52938 0.0053678102762645665
52939 0.005144309354387637
52947 0.007003977091019628
52948 0.005476698989607274
52949 0.0033043909134937814
52950 0.007577428643625032
52951 0.010657143794104212
52952 0.004305662348001938
52961 0.004674579879248968
52963 0.010433176036276352
53071 0.02951209050675013
53072 0.005694825487815211
53073 0.03101909087305226
53126 0.003935363865437203
53144 0.0004645827202749864
53153 0.0023655428949386262
53396 0.03189102273176518
53705 0.011511465424567645
53717 0.009851917777547596
53760 0.009258684018899569
54477 0.02100140521360146
54502 0.004425917641267324
54578 0.005657564463002706
54656 0.006672917612566706
54673 0.006398592146682067
54676 0.003184572457478061
54677 0.016369916611362355
54769 0.009210122780239879
54791 0.0038961882975459728
54840 0.005041320923639695
54849 0.011010966927847313
54852 0.003668343665211255
54873 0.0103732840957696
54874 0.02339830472167554
55032 0.17221152275153198
55053 0.018548311336303518
55119 0.018477631196516308
55183 0.006089516363208345
55228 0.04499682935288445
55270 0.04948606975618735
55335 0.004208710366724758
55417 0.017206216032552926
55427 0.0045366576067316115
55558 0.0285118415151543
55634 0.007153568552666616
55635 0.004100274351226952
55659 0.007268809692208625
55682 0.00723163328885643
55684 0.009632335231786056
55700 0.0025505261071020733
55706 0.010912404723304313
55710 0.00436641791966359
55836 0.0053363736128603815
55883 0.001773182894888097
55884 0.03711455231714051
55931 0.00990419341734685
55932 0.0068381673125396635
55934 0.005753343611023901
55998 0.011635913699427836
56030 0.007880525789370034
56061 0.004775438925695201
56068 0.02040633061764737
56440 0.001566151923628934
56478 0.0034168952926891265
56506 0.0008104834466845444
56513 0.0028102402537782635
56539 0.0010817306705498241
56618 0.1266261196702441
56626 0.0004379743711890437
57159 0.0028253823082043726
57196 0.014816029177169272
57201 0.006552949876390105
57203 0.006866488147987719
57207 0.006685229920478725
57209 0.005794465772258815
57218 0.005905744950326885
57241 0.006989104007773214
57244 0.013888026028349354
57249 0.005368189611955485
57272 0.006572958883646259
57275 0.0066439630691177455
57339 0.0077994349072251805
57369 0.01799820278104476
57473 0.008359782657841357
57495 0.03142546035611898
57498 0.0014134235288208467
57589 0.032855019808782984
57630 0.02969164185371241
57682 0.021526440343941498
57811 0.0024121397601480086
57838 0.0011084689544123814
57858 0.00734087246240411
57886 0.01190082829517625
57890 0.005996222937031058
57983 0.009359321888670216
57994 0.004255831581448573
58099 0.0032690114417526952
58193 0.007127960378788575
58199 0.01612467441493745
58286 0.015218134353167602
58302 0.006194659091781726
58325 0.01582826495878051
58385 0.006294280802322075
58410 0.001517549548392069
58429 0.0030447581816041725
58603 0.03648549210837542
58787 0.02169489986656929
58790 0.010013030707647365
58944 0.0060571364635338245
59007 0.009359321888670216
59077 0.009831480356273471
59168 0.004279610406350198
59169 0.017501171011334554
59171 0.002014641117823257
59487 0.004175837118126382
59543 0.004183953419619338
59544 0.005456638870454118
59545 0.012251237571709718
59548 0.0010468396822443718
59678 0.001501146467499407
59688 0.038440072042752675
59707 0.024461864027206248
59719 0.038786378998092785
59737 0.038786378998092785
59738 0.04061592517724811
59782 0.0061589164604058085
59816 0.0029393090141803554
59848 0.03986377841470647
59849 0.035580893130481815
59941 0.011635913699427836
59948 0.03142546035611898
59949 0.04531882177671894
59952 0.03363506303740859
59953 0.03337432611463798
59954 0.04100274351226952
59955 0.04783653409764777
59956 0.05664852722089867
59957 0.058179568497139185
60062 0.008200548702453904
60091 0.012407170227055618
60144 0.030318930061889435
60214 0.02302293084913529
60242 0.009278638079285128
60367 0.01403508830812331
60370 0.002525095641518064
60375 0.005218530992470666
60413 0.0013132457045661803
60463 0.003010690957194615
60482 0.0251771232092883
60628 0.018142832223725543
60833 0.03337432611463798
60910 0.047310857898772526
60917 0.0017746447109597279
60922 0.002832426361044934
61084 0.010769061469126063
61229 0.008388361743575698
61326 0.0024503631581037563
61556 0.006198542819019798
61567 0.002766408483934452
61683 0.01880038457986157
61701 0.0031017925567639044
61716 0.004689856284083116
61734 0.0029168618352224253
61750 0.012059630444785153
61753 0.006921684998051928
61807 0.004594757810873319
61901 0.019658849629170316
61920 0.025878298845204695
61957 0.004212610634822211
61962 0.008327443073091488
62000 0.012127572024755773
62001 0.024743034878093675
62025 0.011757236056721422
62039 0.0022827614362610285
62047 0.014398956751800333
62061 0.01582826495878051
62086 0.012300823053680856
62092 0.011182566412437141
62168 0.005187094058781084
62199 0.005785306631085144
62210 0.008292931007016247
62215 0.01792684612582405
62283 0.017417646373095164
62298 0.016185293491685335
62305 0.00449403765009217
62380 0.013125878258500914
62419 0.016004788359807804
62513 0.009179718696776758
62567 0.01588667184054723
62610 0.009989067444984453
62612 0.0035728531691189207
62661 0.023918267048823886
62752 0.014350960229294333
62769 0.006687602160703928
62772 0.005848194643751369
62779 0.006266794859953857
62780 0.008321331455670412
62781 0.0064508728806790105
62782 0.0131579176086052
62788 0.009405788845377138
62791 0.00852571503528337
62803 0.003847442420722341
62810 0.01032443181963621
62823 0.017866388125410002
62830 0.018557276158570255
62832 0.007104762529402809
63038 0.010683096944884118
63105 0.005659539095626771
63194 0.012127572024755773
63272 0.031197739628900722
63273 0.1735591989325543
63304 0.009631516932412303
63312 0.006014427685781585
63370 0.0007110302343168125
63404 0.02928767393733537
63417 0.0043807009345957215
63438 0.01662273385632548
63490 0.011992445874062115
63546 0.0038753250160378956
63652 0.0035926497561199018
63677 0.006454704750807045
63687 0.002045267491110831
63704 0.012161830702791806
63725 0.001373819516616525
63732 0.0009499664017890149
63733 0.009706373309144183
63744 0.001224833020992404
63766 0.006275930129429008
63806 0.027077283451498742
63867 0.0012798121488669142
63872 0.020651437335747022
63931 0.0012621776806767222
63942 0.007235778266871092
63991 0.0010495582810307897
64001 0.002288829382662573
64003 0.011299968684483725
64083 0.0011025065477050702
64098 0.006150411526840428
64111 0.0036118188496546137
64225 0.012300823053680856
64261 0.0053283268178073015
64286 0.016432397209115646
64313 0.004522361416794432
64337 0.004805009005344084
64417 0.010954931472743765
64471 0.05324450975070379
64554 0.011992445874062115
64604 0.07688014408550535
64663 0.004438441308029175
64718 0.0017166220369969297
64860 0.014693815934431056
64899 0.0034033897776982605
64900 0.010012297834391394
64921 0.016752093652872762
64999 0.008715158033984411
65111 0.01671900540175982
65136 0.013329065228446749
65160 0.004918681751125021
65173 0.0012515372292989243
65195 0.00439785171379228
65211 0.009055262553002834
65220 0.018178270212387236
65264 0.01027515052216778
65271 0.003964353654501197
65276 0.007746531727064061
65291 0.005810105355989608
65312 0.009203896913090003
65318 0.0054497317326434175
65327 0.02122662116021955
65331 0.0076065160225941685
65377 0.007385497826917205
65378 0.0029228024906913096
65385 0.006687602160703928
65407 0.022708680234165987
65451 0.008786302181200613
65523 0.00394374964967932
65579 0.012376037954443602
65611 0.007813589961503265
65622 0.004798871859886295
65623 0.00531478261612666
65626 0.011407646878196058
65711 0.01771723485098066
65771 0.04023633709147943
65772 0.0046343251547775015
65822 0.01115359603313031
65956 0.015577811116233312
65998 0.005802275025321158
66037 0.000750442403484103
66040 0.0014964504931485225
66143 0.003898121045544001
66144 0.01025317828497631
66201 0.0021115051290991637
66261 0.0034664155143223022
66264 0.002866370218900333
66265 0.0036411020755081325
66283 0.004466066461398651
66289 0.0031019090873052263
66292 0.00486614576446414
66294 0.04948606975618735
66415 0.013538641725749371
66445 0.007195939146265826
66448 0.015915909072417644
66467 0.003081809641222834
66469 0.005477465736371883
66500 0.009890754891678809
66501 0.0025001672873335074
66592 0.00408471353774981
66648 0.004718114145739341
66668 0.007474458452757464
66749 0.01296773514695271
66751 0.015368511505672203
66752 0.004420213622985934
66776 0.004257877543906123
66896 0.01594551136588259
66919 0.009180713293661562
66994 0.0025118366795731034
67001 0.025049781289234647
67002 0.01048846957578026
67004 0.025849242394210218
67013 0.04837402324481235
67055 0.010604157804897289
67101 0.005387646973516099
67135 0.002058961295451124
67136 0.00559868383653401
67166 0.004853763324451295
67242 0.03337432611463798
67339 0.016558800264570385
67407 0.003734368009819304
67427 0.04629342009449785
67505 0.006944013014174677
67545 0.007187459213336059
67675 0.009877352784779515
67748 0.005841639170676118
67790 0.0251771232092883
67830 0.004589859348388379
67833 0.0039022946226805575
68093 0.005334929453269268
68097 0.011604550050642317
68156 0.012093505811203088
68166 0.007757275799618558
68285 0.002944793480703351
68366 0.003979009305719316
68370 0.0011592051881497846
68439 0.008441741311349607
68463 0.006349982402342624
68479 0.006525950183677065
68563 0.010871939567647221
68605 0.003239494408418585
68661 0.00247857689625118
68713 0.006955231128898707
68726 0.006655439520525107
68906 0.01050070260680073
68909 0.10151831963388
68924 0.01273753866505414
68967 0.003278970349419878
68969 0.002606106579169673
68978 0.0030447581816041725
69007 0.0010307531610813463
69066 0.03986377841470647
69183 0.009379712568166231
69249 0.010202104428408293
69315 0.004123839146348946
69329 0.013667581170756506
69449 0.00266581304568935
69458 0.0029327575400465255
69459 0.0038939563863073087
69543 0.004960009295839055
69608 0.004570369499775265
69643 0.001199578731899777
69668 0.0016830954410453202
69979 0.02593547029390542
70057 0.011542327262167022
70058 0.001435514847063127
70075 0.0031333974299769286
70209 0.016185293491685335
70274 0.02889455079723691
70558 0.004913067127468907
70659 0.019306224523714346
70663 0.013329065228446749
70719 0.003340021775630954
70766 0.008081470460274149
70768 0.02339830472167554
70848 0.016912961380898567
70853 0.0019075268359717765
70929 0.010982877726500763
70965 0.019931889207353237
71038 0.012371517439046837
71079 0.0044753514228568604
71138 0.062395479257801444
71360 0.0030347570171387517
71473 0.07972755682941295
71619 0.004027397632168662
71646 0.00490910840226716
71705 0.00716354087984742
71740 0.029897833811029857
71817 0.024886058201088437
71833 0.0067906751873632485
71953 0.009121373027093855
71991 0.01349620084259655
72059 0.002328441356835208
72095 0.00976255797911179
72099 0.007715570015749641
72167 0.00636876933252707
72254 0.003523193018447212
72324 0.0027179848919118054
72389 0.000818651467729283
72426 0.0903708927352955
72473 0.003108511241002382
72524 0.0069268114781268165
72555 0.008349927096411549
72556 0.01660869567539581
72577 0.008932132922797303
72588 0.015474355248824215
72602 0.005484940824053635
72638 0.004802033172046958
72640 0.006403352549550192
72642 0.005699363842976765
72643 0.013412112363826478
72648 0.004584582613312755
72649 0.009146156029068108
72651 0.00999461332678686
72652 0.006355262733362931
72667 0.015001003724001044
72668 0.006902922684817501
72672 0.02069850033071298
72674 0.00499964770587605
72743 0.01955655940998987
72761 0.0004073505600140316
72764 0.00432257838231757
72837 0.012699964804685248
72882 0.006046752905601544
72907 0.02002606141529473
73078 0.0013851188789537514
73177 0.006387667757846142
73211 0.0099992954117521
73220 0.014115698586191145
73263 0.0037404761674963505
73266 0.010475153452039658
73276 0.008969350143308958
73278 0.07175480114647166
73330 0.0251771232092883
73405 0.007092731579552388
73468 0.011667447340889701
73609 0.03983325877140591
73616 0.005282562047593006
73658 0.006252685430737246
73683 0.007870727730874405
73852 0.0028361581480818836
73860 0.04179891328920679
73867 0.0029960251000614472
73982 0.0025749330554953945
74069 0.012928792999364263
74081 0.0059383283707424815
74091 0.022900468451001594
74344 0.026251756517001828
74367 0.003957066239695128
74414 0.029089784248569592
74459 0.0033530280909566195
74699 0.005435969783823611
74725 0.007127960378788575
74728 0.03681558765236001
74747 0.005905744950326885
74760 0.0017739135017669136
74763 0.013524093423315921
74886 0.001054003232383933
74929 0.0066235201058281535
74997 0.005315170455294197
75014 0.0029111367233096174
75064 0.0057175140355754306
75080 0.043052880687882995
75152 0.002736293676864595
75156 0.05006148917195697
75162 0.0032177040872857247
75175 0.011182566412437141
75180 0.009063764355343788
75206 0.0019263970283211632
75236 0.0008325832660584605
75276 0.014643836968667685
75297 0.0055552104113397414
75303 0.004237488256681397
75313 0.013326668933151103
75355 0.06230330218091694
75413 0.005027231969080883
75474 0.008388361743575698
75612 0.01974902783847844
75626 0.017522803738382886
75670 0.00919933348031688
75693 0.005187094058781084
75805 0.003259112845411279
75899 0.002977377640932434
76016 0.021965755453001525
76024 0.02547507733010828
76268 0.026908050429926875
76311 0.0027974581343653666
76422 0.0018173738108120871
76651 0.0013798005593729473
76652 0.002049408466296881
76698 0.0003273378398296862
76770 0.009989067444984453
76783 0.0030149076111962883
76796 0.002317064957141539
76820 0.001331899571563545
77020 0.020599464443963156
77183 0.0018509407002529233
77200 0.004151676054762102
77212 0.014069568852249345
77233 0.009674804648962471
77255 0.009359321888670216
77333 0.004438441308029175
77348 0.008349927096411549
77445 0.0073094873833417645
77469 0.004415680070552102
77481 0.007081065902612334
77484 0.011124775371545994
77530 0.0013401623586676576
77712 0.003552217878538201
77855 0.009965944603676618
77906 0.03142546035611898
78008 0.0019533974903758163
78025 0.0023812434008784844
78058 0.0002281309913516479
78074 0.019830036119629982
78250 0.004925958888773798
78786 0.03165652991756102
78899 0.009696594749523196
78926 0.008247678292697892
79104 0.00831136692816274
79390 0.014447275398618455
79477 0.006454704750807045
79486 0.008278553296975234
79694 0.04837402324481235
79744 0.03165652991756102
79760 0.004271119115861408
79781 0.01550954543652613
80154 0.02813913770449869
80175 0.015770285966257507
80185 0.0035087922321013036
80196 0.0029897833811029857
80271 0.007023308431954812
80305 0.013843369996103857
80455 0.0008011328747280052
80482 0.002071842189022281
80563 0.007297098421675084
80736 0.026411182446258268
80745 0.06024368888568001
80976 0.008491692443369428
81020 0.02207840035276051
81025 0.015213032045188337
81135 0.003733987917422636
81332 0.0005525267028732417
81349 0.011511465424567645
81909 0.0010667837342459585
82018 0.03261581870294166
82030 0.038786378998092785
82207 0.011667447340889701
82209 0.009851917777547596
82227 0.005341548472442059
82343 0.006833790585378253
82448 0.012890084038288323
82493 0.000774570859118827
82541 0.016246370070899244
82574 0.020192482978302718
82642 0.0251771232092883
82818 0.021208315609794578
82919 0.004580093690200318
83115 0.019393189499046393
83121 0.025325223934048822
83350 0.010012297834391394
83515 0.011604550050642317
83559 0.026251756517001828
83600 0.006124165104962019
83697 0.007056617962407823
83714 0.027056903934541313
83715 0.004365538041471498
83773 0.006549403733303936
83817 0.00090982419036101
83849 0.0019393189499046395
83871 0.007334391940014139
83935 0.003968007436671243
83968 0.007297098421675084
84024 0.011667447340889701
84041 0.008017296217482867
84179 0.018882842406966225
84218 0.027956416031092855
84486 0.004690764889622705
84608 0.0015933708618757585
84696 0.008542238231722815
84743 0.01974902783847844
84861 0.007217313222937902
84958 0.005082984732925973
85052 0.0011957190361506743
85057 0.008295352733696146
85072 0.020234560157902863
85093 0.002638044159796752
85170 0.006340630440041678
85204 0.0052955572801824105
85414 0.004108099302278912
85647 0.0016215774270389076
85655 0.0056797995630452494
85748 0.006063786012377887
85778 0.00859338935885888
85812 0.018882842406966225
86001 0.005017818261991025
86018 0.08441741311349607
86166 0.06833790585378252
86375 0.00038252226288656597
86411 0.005143713343833093
86428 0.008508474444245651
86467 0.01034925016535649
86562 0.002247067310470802
86596 0.008822311616369467
86694 0.004038496595660544
87015 0.01169915236083777
87035 0.007619978882811149
87043 0.016558800264570385
87101 0.009567306819529555
87257 0.015378663196555446
87707 0.04179891328920679
87709 0.004208492735863441
88304 0.002152831174000969
88581 0.007757275799618558
88753 0.012407170227055618
88755 0.0011639059391155176
89001 0.009653112261857173
89217 0.015213032045188337
89225 0.002021262004125962
89329 0.0017586961065311681
89479 0.038440072042752675
89563 0.0022033204036787614
89638 0.011270387614629057
89945 0.005963002865357755
90021 0.010927127078142891
90063 0.016495356585395783
90081 0.09567306819529554
90174 0.006944013014174677
90225 0.020708768054452504
90265 0.017938700286617915
90364 0.005748048155925633
90512 0.01871864377734043
90835 0.00227432016312113
91032 0.03261581870294166
91089 0.026251756517001828
91224 0.005095015466021657
91383 0.022900468451001594
91450 0.04827474407395551
91862 0.04005212283058946
91863 0.011039200176380255
92256 0.08575866300196802
92367 0.007127960378788575
92621 0.030318930061889435
92638 0.010475153452039658
92661 0.008715158033984411
92789 0.021965755453001525
92814 0.0007367022704976556
92826 0.004171790764329748
92889 0.05381610085985375
92915 0.010578103363116214
92978 0.002168910865888312
93003 0.004237488256681397
93189 0.003975335243571837
93382 0.05187094058781084
93563 0.04948606975618735
93805 0.008525322908491683
93883 0.06063786012377887
94249 0.007842054770106192
94553 0.033966655817350824
94631 0.04783653409764777
94632 0.016752093652872762
94814 0.003104551258589132
94910 0.01226577797375584
95306 0.016432397209115646
95309 0.012788572552925056
95324 0.004864732281116723
95911 0.010428449721269358
95989 0.062395479257801444
95992 0.017016948888491302
96022 0.0067693208628746854
96107 0.009965944603676618
96229 0.01296773514695271
96253 0.012025944326224301
96604 0.0026958597800803377
96704 0.023141226524340575
96730 0.010604157804897289
96763 0.0071754801146471665
96821 0.006779981210690235
96859 0.006699895547028751
96910 0.0008738153173915769
97215 0.009631516932412303
97391 0.05006148917195697
97412 0.007899611135391376
97413 0.0003640219894130633
97450 0.044846750716544787
97530 0.001895767533592382
97640 0.025780168076576647
98138 0.01612467441493745
98199 0.0006661323544884658
98209 0.012161830702791806
98334 0.022540775229258115
98419 0.0344423045503064
98426 0.0046293420094497845
98699 0.007372068610938869
98724 0.013287926138235491
99373 0.011095108607560552
99493 0.005348183936382981
99510 0.013125878258500914
99884 0.010927127078142891
99944 0.0021197873307672575
99948 0.026799582188115005
100130 0.003782652666254147
100162 0.009653112261857173
100226 0.03587740057323583
100347 0.011182566412437141
100480 0.03237058698337067
100634 0.02813913770449869
100792 0.01025068587806738
100834 0.03337432611463798
100835 0.0285118415151543
101029 0.05979566762205971
101223 0.008154449862288195
101461 0.04783653409764777
101483 0.01073637922391097
101728 0.014637522801540726
101966 0.011860297710160604
101982 0.023655428949386263
102262 0.03587740057323583
102335 0.002041388368320673
102519 0.16558800264570384
102535 0.02928767393733537
102580 0.0038133640999010628
102637 0.005435969783823611
102738 0.01769292804652253
102865 0.010377459233885116
102867 0.003243047540350079
103072 0.003460842499025964
103374 0.00432257838231757
103421 0.011270387614629057
103578 0.002191008823314482
103679 0.007321918484333842
103867 0.01179530977750219
103910 0.015159465030944718
103938 0.010578103363116214
104124 0.003756795871543019
104140 0.021526440343941498
104250 0.005889586961406702
104390 0.014696545070901778
105017 0.04100274351226952
105190 0.021104353278374018
105252 0.02609265496235333
105502 0.021965755453001525
105529 0.0070347844261246725
105537 0.0011601422982452977
105660 0.0057175140355754306
105663 0.014744137221877738
105859 0.029897833811029857
106051 0.027248658663217084
106130 0.011329705444179735
106142 0.012300823053680856
106169 0.019049947207027875
106517 0.024051888652448603
106551 0.019569491221764997
106637 0.05739753035564789
106696 0.014693815934431056
106773 0.015411176226569305
107029 0.005256761988752502
107106 0.022900468451001594
107128 0.0038961882975459728
107386 0.011635913699427836
107418 0.011329705444179735
107455 0.015106273925572981
107482 0.03743728755468086
107515 0.007500501862000522
107526 0.008184958305681177
107535 0.004131289642165212
107556 0.005016852274719395
107592 0.0068138238668290505
107655 0.007715570015749641
107890 0.009359321888670216
108080 0.0073094873833417645
108081 0.010899463465286835
108082 0.010578103363116214
108154 0.01179530977750219
108892 0.01425592075757715
109327 0.015213032045188337
109345 0.012551860258858016
109422 0.020899456644603395
109777 0.027598000440950638
109837 0.014023739637746904
109950 0.019480941487729865
109965 0.008441741311349607
110005 0.006294280802322075
110007 0.008932132922797303
110742 0.00885861742549033
110803 0.02609265496235333
110846 0.008458326264810018
110852 0.012025944326224301
111072 0.04580093690200319
111250 0.08123185035449622
111524 0.024051888652448603
111696 0.01179530977750219
112076 0.007566411368696483
112167 0.012161830702791806
112211 0.02021262004125962
112473 0.012924621197105109
112593 0.009718483225255755
112693 0.01714446005202148
112697 0.04837402324481235
112717 0.10929451746325812
112741 0.001828147799910106
112920 0.008047267418295888
113141 0.007334391940014139
113466 0.003670322309282438
113552 0.0285118415151543
113587 0.026412810237965028
113588 0.010549184305596645
113892 0.037574671933851965
113978 0.012371517439046837
114123 0.00153322224671948
114151 0.001836726991803882
114293 0.0017702664756530835
114375 0.016752093652872762
114469 0.010424426316678692
114549 0.001638861084426456
114552 0.0002988953116348445
114574 0.021314287588208424
114594 0.0006157180805107933
114655 0.006628855794141834
114767 0.00724601029340684
114974 0.0026938234867580494
115010 0.03702922314514476
115150 0.005435969783823611
115202 0.014350960229294333
115227 0.05754860157589377
115243 0.004503439402498221
115275 0.0026219781174106572
115384 0.007775499524453804
115391 0.0045655030052629214
115547 0.0012878516508490277
115559 0.020118168545739716
115563 0.019931889207353237
115698 0.013046327481176664
115768 0.0005820316437458834
115782 0.007435730688753539
115835 0.01258856160464415
116063 0.002300185959117953
116081 0.01273753866505414
116215 0.01437768511867314
116393 0.01984003718335622
116425 0.007676406497379202
116521 0.010709671812906217
116528 0.013574462486345031
116543 0.008697551654117777
116573 0.03097329545890863
116707 0.0017748931958040616
116769 0.0095039471717181
116776 0.0036140239738062874
116784 0.0013645920978726783
117085 0.02460164610736171
117104 0.0060045192381938065
117113 0.00663372583788644
117138 0.002448969322405176
117185 0.009696594749523196
117339 0.0040086481087414335
117361 0.0018097049469475827
117371 0.0027335162341513013
117396 0.022779301951260843
117608 0.007870727730874405
117682 0.0007329063296970924
117730 0.0015053454785973076
117786 0.0006959728530210636
117793 0.007081065902612334
117820 0.0021824809446608627
117868 0.008950702845713721
117879 0.0010236062931023061
117882 0.0056278275408997375
117888 0.00233348946817794
117931 0.014023739637746904
117963 0.006257686146494621
118019 0.0032249348829874905
118044 0.00144910402853864
118092 0.0024871681506575963
118180 0.004942024647571038
118199 0.002190986294548753
118236 0.00459803076204342
118271 0.015321309853339144
118273 0.011959133524411943
118401 0.017360032535436692
118428 0.017501171011334554
118442 0.019480941487729865
118493 0.001452526338997402
118618 0.0008459988345034977
118753 0.022900468451001594
118756 0.04262661454245841
118845 0.0046695098359959865
118960 0.0034387284894475236
118971 0.0032517281486316462
119046 0.012515372292989243
119056 0.003753520548202528
119177 0.0016426127694728347
119377 0.00851175198139707
119493 0.00295896087201945
119494 0.00230664550610552
119495 0.0017057401223408478
119496 0.001755827107988703
119621 0.013454025214963437
119766 0.020404208856816586
119881 0.008887270451164588
120013 0.012515372292989243
120065 0.004762486801756969
120141 0.026251756517001828
120205 0.012300823053680856
120369 0.004982972301838309
120418 0.00517045024738111
120513 0.0014120328201995078
120589 0.0067906751873632485
120592 0.026412810237965028
120687 0.0015514551599237116
120719 0.005431808014282624
120787 0.006454704750807045
120903 0.007384713668590565
121035 0.009503893553021229
121268 0.016578221004431782
121270 0.022360387592537674
121282 0.003964515334539412
121286 0.020798493085933813
121287 0.026701415220392974
121290 0.0014980448736472013
121291 0.014578972710334563
121292 0.007027144077665023
121293 0.02548771452855693
121295 0.026127191237158714
121300 0.015770285966257507
121387 0.004628652893143095
121466 0.010871939567647221
121479 0.0021250187901225566
121541 0.015001003724001044
121579 0.017864265845594605
121711 0.007957927685163643
121757 0.004903517162629043
121776 0.009550877851390402
121782 0.001241074681115105
121941 0.0002578325589165349
121974 0.03648549210837542
122030 0.02050137175613476
122039 0.007914132479390256
122125 0.009610018010688169
122289 0.010871939567647221
122311 0.015159465030944718
122595 0.02230719206626062
122950 0.046070334715454096
123066 0.01729031352927028
123227 0.019182858829387583
123389 0.013843369996103857
123429 0.009829424814585158
123469 0.01296773514695271
123504 0.008153954675735415
123627 0.008343581528659496
123752 0.012336068965009453
123818 0.026908050429926875
123871 0.009546093278909755
123926 0.015486647729454316
124033 0.011959133524411943
124043 0.02889455079723691
124056 0.015598869814450361
124289 0.00302550110245137
124448 0.027248658663217084
124564 0.0008461651078593357
124648 0.005205910603129745
124862 0.005505483463923657
124869 0.016529447517386126
124957 0.012230932013603124
124978 0.021419343625812434
125064 0.008172069904896056
125090 0.0172211522751532
125184 0.013166018558985625
125277 0.0034223275586552464
125290 0.012407170227055618
125370 0.018637610687395237
125481 0.016752093652872762
125708 0.027956416031092855
125994 0.0030490708702466712
126412 0.0027128717361992118
126723 0.018882842406966225
126846 0.016432397209115646
126878 0.0011395680436178666
127158 0.0012544545654977562
127221 0.025780168076576647
127542 0.0016438671511219167
127706 0.009971937558368374
127811 0.012775335515692285
127908 0.003828445104837
128168 0.002029838787736115
128595 0.00813854077275671
128658 0.03010690957194615
128683 0.0011837470631807258
128693 0.014544892124284796
128699 0.004821151252842441
128766 0.002119652909324595
128775 0.0267409196819149
128822 0.006513295111631316
128842 0.039190786855738076
128973 0.004179891328920679
129110 0.021526440343941498
129197 0.0251771232092883
129239 0.01121459439256505
129240 0.01041355193595326
129307 0.008840427245971868
129525 0.009539168655103307
129567 0.005687302600777146
129835 0.007972755682941295
129866 0.005174625082678245
129876 0.010374188117562168
130012 0.004674579879248968
130127 0.02562671469516845
130196 0.017360032535436692
130364 0.0003546073691449056
130471 0.004429308712745165
130519 0.004903517162629043
130732 0.023271827398855673
130952 0.0015910155464849592
130980 0.001594551136588259
131139 0.008797595372361558
131253 0.015486647729454316
131373 0.014069568852249345
131375 0.004383335150431318
131387 0.032129015438718656
