10 0.00572247909659908
20 0.0031824840118375337
150 0.0019108243158745095
211 0.0016043079226829094
269 0.0013217419706085336
293 0.0010743696025822312
374 0.0014538107936084828
393 0.001287524127170798
420 0.0025060421513278613
644 0.005342470719090548
695 0.0009464861619980485
769 0.0004911293667608153
1132 0.0023868630088781503
1206 0.0037064295503717623
1281 0.006181570639942058
1531 0.0036110165124414
2099 0.004138192145498276
2170 0.0029758572565586755
2254 0.005112794407802543
2344 0.009272355959913086
2582 0.028345544126159177
2802 0.00047299758052470357
3145 0.016284903965678537
3210 0.0018019400580858765
3537 0.0027042461771372814
3693 0.006458902026385739
4206 0.01830538935803915
4244 0.0015875478863461175
4529 0.0048499024967630505
4609 0.003469048837253469
4726 0.026175550317457993
4978 0.010520557723747541
5266 0.019417061736743704
5480 0.005991993446165083
5600 0.002205181881325648
5664 0.01585707251115571
5917 0.004185577666921951
6362 0.006969031867960154
7312 0.0073728975961573065
7415 0.009072454421805508
7877 0.02749090460476744
7890 0.0025902888334984474
7910 0.0010275525951068223
8140 0.005876143948817101
8150 0.014099716536981239
8431 0.007473620240913553
10215 0.0011600275692003224
10217 0.007049226314230045
10470 0.003004222963398529
10554 0.008547953150544877
10790 0.007836449557443552
10921 0.0028853850297197894
10933 0.017312310178318736
10997 0.020039157569042933
11156 0.018544711919826172
11212 0.021709087366463178
11775 0.02226606580985163
12091 0.0015847885331253537
12598 0.013150697154684426
12676 0.013056539418493367
12857 0.01470615595792667
12948 0.014549707490289152
13094 0.01623350153219205
13296 0.014906512306127304
13749 0.0017203427724367046
14003 0.004651947292813538
14375 0.0059142594771337525
14392 0.006146842714998563
14472 0.01321422709262976
14954 0.0015251435785750547
15209 0.014434538301711665
15614 0.007525020655225201
15843 0.006491018484161372
16379 0.022606157092350088
16398 0.09111791504605848
16780 0.014820293403037246
16990 0.018903435463057713
17009 0.03218052950793365
17085 0.017026991501651247
17262 0.013310681304984723
17337 0.0025060421513278613
17404 0.018358020189089667
17442 0.019538178629816858
17460 0.002308308023775832
17908 0.011517242139681517
17969 0.008033318673052453
18045 0.048243142588011864
18679 0.028642356106537807
18680 0.0039020613526025115
18893 0.012377126733820637
18994 0.007013705149165027
19131 0.00771606490317168
19365 0.015720373610197475
19489 0.015410546705776336
19520 0.005644535878670493
19583 0.0019537404296347347
19589 0.0008748904551973007
20066 0.013676725040871803
20328 0.010225588815605086
20556 0.0038096727133347637
20615 0.0011333519818414587
21712 0.056004181930748145
21733 0.019665994430781906
21788 0.0020661796513268523
22460 0.0015706833236717546
22859 0.00329163057542041
23053 0.017367269893170542
23249 0.02592744083577593
23267 0.003030853194653031
23319 0.004649941454266204
23744 0.02941231191585334
24489 0.0062308542327434175
24990 0.012706012862686251
25471 0.002048359879897894
26098 0.006835928691437844
26347 0.03218052950793365
26667 0.01523467660674059
27329 0.005220124061401451
27359 0.0004230351079762389
27421 0.022606157092350088
27425 0.004616616047551664
27535 0.004940127924183893
28100 0.0013995113881680023
28173 0.03975400590943467
28262 0.014172772063079589
28319 0.005180577666996895
28443 0.0030872968489552596
28487 0.003339859594840489
28606 0.0007349126835503387
28710 0.014549707490289152
28934 0.002743575735380502
29111 0.00237443143070691
29143 0.003796453862837419
29292 0.007986408782990832
30681 0.0185624917372711
30812 0.004389897335022881
30911 0.021041115447495082
32014 0.005352925652004619
32877 0.008795321569692477
33274 0.0034127822934177923
33828 0.012023494541425761
34113 0.0013800933441848438
34686 0.019195403566135864
34741 0.004387081007496969
35314 0.04484172144548132
35665 0.010705851304009239
35733 0.008771480470547611
35801 0.0015697819272162757
35873 0.009256666694329476
36266 0.02288991638639632
36466 0.08683634946585271
39260 0.049733545603170184
45020 0.001080950408288623
46898 0.003087912129048781
47172 0.001598215020843915
47824 0.009804103971951113
47850 0.0017154876187985954
48959 0.001415077603814982
49275 0.010622699060871302
49336 0.012268454803838778
49889 0.0023879048521818947
50208 0.0019331060128440708
50389 0.00765131470818003
50645 0.005307839711420882
50731 0.030734213574992814
50736 0.0014385195940964295
51016 0.03108346600198137
51627 0.0027741835782701422
52132 0.008939035974426015
52347 0.0065046933826532856
52466 0.007040785091825896
52971 0.0015870873270521385
53150 0.004231005426410457
53795 0.004234220599105844
54005 0.0015586011442588947
54064 0.003502312545592512
54146 0.0027699696285309982
54590 0.013150697154684426
54658 0.011066527332017058
54734 0.005167649574140718
55302 0.005947768483883385
55405 0.00450262552785903
55425 0.00687272615119186
55479 0.012933073324701467
55756 0.002994724661137497
55849 0.008852249217392753
55924 0.015586011442588948
55962 0.01725769721245653
56440 0.0009482908678018237
56513 0.0060461379744766825
56515 0.004667824246031332
56539 0.0013745452302383722
56700 0.03376969145894272
57162 0.0012268871981046695
57329 0.016379311426193775
57395 0.0053061978820065185
57809 0.03852598603062479
57829 0.009148311064128296
57964 0.0033603747029169045
58254 0.0022023711821049603
58262 0.03495352217697464
58374 0.00300752612223679
59047 0.004263982865431583
59199 0.05525949511463355
59237 0.03696412173208596
59342 0.003500121571560282
59585 0.022699958574061083
59610 0.002323010622653385
59817 0.0011437779670392474
59986 0.0020254313277855316
60027 0.0016014321191041283
60188 0.01829662212825659
60248 0.0025421422009055394
60452 0.00655172457047751
60942 0.010790315614100042
61975 0.0020458825790384146
62021 0.01354131192165525
62084 0.006615102800905345
62440 0.0032029801032486655
62666 0.009682637197077381
63591 0.005789089964390181
63687 0.0025989026205932167
63725 0.0010310384501222617
63726 0.004601084959082187
63973 0.004144462133597516
64215 0.006536069314634075
64439 0.010581605447483019
64469 0.023682640763414375
64762 0.012377126733820637
65389 0.01142106475229378
65414 0.0033624400838037616
65427 0.0008481689947827474
66052 0.11639765992231321
66428 0.00036188992633119806
66807 0.008153040262814786
66864 0.021795577754377373
66941 0.004491535317199278
66984 0.003444505735474363
67127 0.006712089403549478
67281 0.004858516888409166
67514 0.005983645592311549
67708 0.003984479254441895
67826 0.005531536922496179
68147 0.003158420163907392
68263 0.006443686709480236
68341 0.0022652960730222445
68849 0.007860186805098738
69241 0.018544711919826172
69261 0.00730399201114649
69417 0.003429353342057859
69614 0.012222111246434145
69636 0.003955668847685265
70064 0.019262993015312396
70124 0.0030324504215011538
70140 0.0016989720547666836
70576 0.008468560396824646
70823 0.00620963679494747
70853 0.004103980229020061
70873 0.004663844856222269
71076 0.00939981102465416
71355 0.003218052950793365
71534 0.0034646548551923503
71665 0.041133007641719704
71819 0.014063470479045555
71907 0.024422723287271075
72137 0.006443686709480236
72246 0.007815271451926745
72292 0.012829201353044706
72383 0.005200275680939849
72489 0.0048499024967630505
72524 0.002987815410348837
72691 0.039076357259633716
72724 0.031082830123819728
72794 0.00941598970111656
72969 0.025563972039012714
72993 0.002045117763121017
73058 0.011944738026962273
73096 0.024866772801585092
73143 0.016081047529337287
73172 0.019337543584338784
73206 0.0106641130922977
73216 0.005432661386642225
73504 0.06912450281267371
73546 0.006520488696482384
73590 0.017367269893170542
74549 0.0013952282622669524
74615 0.005770770059439579
74624 0.013636473800315109
74630 0.006366105413675793
74886 0.0013393122291640077
74934 0.012490159854677444
75166 0.08683634946585271
75249 0.00991067031947232
75261 0.03335786595334586
75319 0.01321422709262976
75320 0.005628281909823787
75448 0.037470479564032336
75599 0.012902570793275284
75814 0.005089013968696485
76124 0.02592744083577593
76467 0.006339154132501415
76725 0.01817504988820173
76746 0.009665530064220355
76765 0.005122368929165469
76939 0.02997612870966937
76947 0.0019101571286133804
77000 0.042082230894990164
77015 0.010922975680304573
77052 0.007905621410908555
77070 0.04176099249121161
77307 0.0017773521820496168
77621 0.0344068554487341
77622 0.04675803432776685
78316 0.004331504367655361
78326 0.006520488696482384
79192 0.005074851592160224
79543 0.008226601528343942
79736 0.009012668890195587
79879 0.025094908331874867
79936 0.013955841878440614
79956 0.001060622337407662
79959 0.030734213574992814
80259 0.015453926599855144
80394 0.007577132986632577
80401 0.005093548046052959
80450 0.014209584458048626
80459 0.01413614991304579
80464 0.01802078477995774
80623 0.022329347005504985
80624 0.020261814875365634
80663 0.02041302244906239
80732 0.0054761661825312525
80742 0.006960165415201935
80747 0.012933073324701467
80748 0.019195403566135864
81020 0.028054820596660108
81071 0.013408553961639022
81454 0.022329347005504985
81464 0.0022766084129624306
81470 0.008429414509011897
81494 0.004394128527187728
81498 0.01563054290385349
81524 0.002453224222577902
81549 0.004881316877467419
81552 0.0038565190782006613
81578 0.002484418717687884
81641 0.029219821378228008
81710 0.03090785319971029
81860 0.0010410447224260173
82032 0.01829662212825659
82111 0.007923595703078082
82165 0.023934582369246196
82167 0.013056539418493367
82325 0.00422121143236784
82445 0.016043079226829092
82737 0.02885571145451177
82760 0.013955841878440614
83192 0.00571053237614689
83252 0.005978896192730843
83560 0.029127935147478863
83620 0.016902706892150145
83638 0.03993204391495417
83684 0.013676725040871803
83913 0.032563631049694765
84148 0.02378560876673357
84151 0.005240124536732491
84560 0.005514808484222501
85092 0.01933106012844071
85272 0.026389411330194523
85444 0.006631139413756025
85505 0.013474605951597834
85593 0.005628281909823787
85597 0.0029443972100908077
85704 0.0046244209774714455
85742 0.00535816847830433
86155 0.01623350153219205
86450 0.0049508506935282545
86627 0.02242086072274066
87004 0.002408934397335412
87032 0.006753938291788544
88573 0.01781983718680365
88710 0.017042648026008477
88717 0.008263882199922539
88767 0.011639765992231321
89694 0.02288991638639632
89921 0.011119288651115288
89995 0.017095906301089755
89996 0.02358056041529621
90005 0.023379017163883426
90065 0.017042648026008477
90271 0.024980319709354888
91194 0.026464809648280792
91579 0.0034643504211838774
91742 0.007165025651727682
91857 0.02431417785043876
92187 0.006924924071327495
92840 0.016043079226829092
92861 0.00239208133640084
92911 0.026018773530613142
92912 0.010520557723747541
93047 0.07634313881548442
94409 0.012293685429997127
94549 0.02288991638639632
95519 0.010985321317969319
95531 0.019399609987052202
95911 0.013251335303144889
96247 0.01413614991304579
96416 0.03799090289131056
96417 0.004959827757342448
96813 0.007974766787680351
97540 0.0029380719744085504
98352 0.026301394309368852
98789 0.004841318598538691
99617 0.02721736326541652
99641 0.043418174732926355
100022 0.007343208075635867
100172 0.00293649490947328
100300 0.02309896103964658
100668 0.028588528941044068
100816 0.013780075607931286
101145 0.006353879229208735
101668 0.010684941438181095
102671 0.038256573540900146
102895 0.017026991501651247
103088 0.05065453718841408
103327 0.015765677280543865
103336 0.027911683756881227
103676 0.004168624382042429
103809 0.006687885105560783
104070 0.018607789171254153
104416 0.022986092505666893
105968 0.02288991638639632
106030 0.017422579669900386
106425 0.02399425445766983
106541 0.0008539127776722476
106551 0.024866772801585092
106762 0.0289454498219509
107148 0.003839080713227172
107621 0.03275862285238755
107836 0.006324497128726845
108655 0.014396552674601897
108782 0.03335786595334586
108818 0.0319923392768931
108938 0.03462462035663747
108977 0.021538149670664256
109996 0.004620515216510745
110453 0.020039157569042933
110933 0.012977659941668256
111432 0.03552396114512157
111712 0.004294105193366343
112155 0.0025164167508503776
112236 0.006295385519388632
112541 0.050189816663749734
112650 0.0056967696152341015
112802 0.010684941438181095
112835 0.005156164011638756
113024 0.005746523126416723
113268 0.026050904839755817
113510 0.013642618494635213
113518 0.05758621069840759
113649 0.010420361935902326
113651 0.022212669968581004
113686 0.07294253355131629
113886 0.03162248564363422
113971 0.018980908559217784
113980 0.01183593535649832
114020 0.005280588818869422
114264 0.02018704803080709
114273 0.0057525657374855104
114388 0.00533205654614885
114390 0.008214249273796877
114392 0.004055366950592084
114404 0.002853776743009244
114509 0.003693969528894263
114552 0.0014083305481317498
114590 0.0026529317851393943
114594 0.0012057965990231506
114595 0.0016267291157742254
114675 0.015541733000990685
114956 0.024206592992693454
115007 0.0038017303796724954
115037 0.0022503866788764794
115058 0.0034493631881139476
115103 0.0032680346573170376
115136 0.0035249291342453097
115144 0.011689508581941713
115187 0.04927406564722476
115195 0.03719953163412963
115237 0.010876123292939802
115243 0.012009264953769213
115271 0.015226601188068128
115291 0.01787807194885203
115382 0.015281257028907043
115444 0.009335648492062663
115494 0.008288924267195031
115701 0.0036740698565135804
115736 0.007598180578262112
115749 0.0017026735189382886
115825 0.0056808826753361585
116324 0.0036716040378179334
116576 0.02521055307073143
116653 0.0012854064888037408
116707 0.0013320404227778722
116713 0.029894480963654213
116922 0.005375904455541659
117030 0.058541151289003744
117032 0.0825169129239022
117033 0.10070927452459096
117248 0.0054761661825312525
117414 0.03828350949398192
117879 0.0013006871175341706
118012 0.0012034073947093536
118199 0.004713833779591999
118357 0.0015711344102092822
119006 0.0039990424096116375
119071 0.002845978057383389
119514 0.0033317235178737642
120276 0.07815271451926743
120634 0.006266540683102773
121131 0.02399425445766983
121343 0.008615259868265703
121668 0.056398866147924956
121790 0.007598180578262112
122123 0.00600514820674942
122647 0.01946864774501324
123524 0.014511114101720745
123781 0.06216693200396274
124120 0.028345544126159177
125227 0.01826959245936544
125827 0.029593237625873094
126413 0.036716040378179333
126615 0.021795577754377373
126716 0.006138292496287792
126717 0.00484424358472716
126875 0.04273976575272438
127239 0.013240037259074884
127275 0.022702655335534994
127316 0.02517033526331054
127428 0.002589062951419177
127674 0.008153040262814786
128192 0.032563631049694765
128444 0.043418174732926355
128556 0.03604156955991548
129709 0.041133007641719704
129802 0.005531536922496179
129847 0.07104792229024313
130219 0.01974978345252246
130394 0.026556747652178254
130422 0.011615053113266924
130540 0.0976908931490843
130791 0.002072231066798758
130863 0.06175122251265519
130864 0.04631341688449139
130922 0.012634388028518986
131178 0.008753104026157954
131335 0.022059233936890004
