2 0.004538765195518214
3 0.010159250843039539
13 0.0007928696247587905
20 0.0024053607289802746
22 0.003266845784903366
24 0.0015140296935617326
25 0.004533788479295057
34 0.03417202556295118
38 0.016214961149478794
48 0.014356996851101015
59 0.0066674766829027746
60 0.0010428285228542477
67 0.014457395430479345
71 0.010209419983005166
74 0.002758382316956032
84 0.005369661983778407
94 0.013945917364637277
107 0.008421212002275136
110 0.005890049990195288
119 0.0011257323967103438
125 0.054405461751540686
128 0.00431159029522116
134 0.05906878704452989
143 0.018231381554812274
149 0.0008780664882389238
151 0.004147256863708217
158 0.012112198126380473
167 0.0032894312594408054
168 0.015454416152423649
173 0.006756233812282831
179 0.026676226407207047
180 0.0034600963122318764
187 0.02026870143684849
205 0.00503018867775802
223 0.012683481880727277
229 0.04446037734534508
242 0.007713221125143027
245 0.0027675399639694857
252 0.009844797840754984
257 0.007036030670399912
264 0.012095900521170938
266 0.021877657865774728
269 0.0016914352541792495
276 0.00179358697101817
286 0.004240835992940607
300 0.012683481880727277
302 0.021279180902881195
303 0.001897574618227211
309 0.0016645793450551902
314 0.0010938664267505537
322 0.011614649137969361
337 0.007816285620259154
340 0.012683481880727277
355 0.009774976579473032
363 0.0031539398116835183
367 0.03846621163213139
383 0.011614649137969361
388 0.007614760760804959
392 0.0027292508865459355
395 0.008853993775411333
399 0.014016322349549465
402 0.005263797381239032
417 0.0008582015552339337
426 0.0038999432655217555
427 0.007614760760804959
434 0.01428745003479166
436 0.01249188849884318
438 0.021204179964703036
439 0.03566694211298897
440 0.007651202750872036
451 0.00268320252635762
459 0.08826662135710676
492 0.005054786177404759
511 0.015248889286283653
516 0.005214142614271239
522 0.0010067726060669813
523 0.002717721474009283
526 0.0015470447077528804
534 0.0015416909370309813
548 0.0023654548587626386
553 0.002361402109147397
566 0.00429763690426514
619 0.005174987600897488
634 0.003994990428132456
665 0.0021435549654157723
671 0.001462615880126315
684 0.003991134259765533
685 0.0035791669310060907
692 0.06460648582995457
695 0.0012112198126380473
702 0.0042715031953688976
704 0.001777650512948019
735 0.005419154774727513
779 0.008988728463298026
780 0.05992485642198685
808 0.004645859655187745
810 0.0022768805578838617
825 0.031535362689405017
834 0.006460648582995457
841 0.004928265903596058
842 0.0009923246657757496
879 0.03445679244264244
881 0.004893272299546855
884 0.003000591504439109
885 0.026005126371805614
896 0.07960893363106335
912 0.0067112844126260025
929 0.013468453072042646
1002 0.007408307425447526
1013 0.04594238992352325
1086 0.004163962832947727
1094 0.00663694236455392
1095 0.013691440705685736
1122 0.008013207544800567
1139 0.0068973896719683875
1194 0.016869519318187743
1201 0.0019917221065111233
1207 0.004499254725916314
1209 0.008892075469069016
1218 0.01994544306851257
1225 0.01745848009238881
1227 0.0019187076998223166
1237 0.0013782716977056974
1286 0.0006806279988670112
1317 0.009483468596487328
1325 0.002623613637764652
1343 0.02465163001643723
1373 0.007778722796719904
1374 0.002406760822536142
1383 0.0039988540552389675
1385 0.015513971605312475
1427 0.0012718594565109482
1428 0.003685218443063362
1437 0.001872651763187089
1508 0.004819131810159781
1515 0.00480792452688034
1535 0.0029345742321625922
1564 0.0052167291483218425
1573 0.0031649414634032156
1590 0.0010026224765075395
1612 0.01624327266136407
1636 0.0015401799371291987
1729 0.0032245907713808644
1730 0.013620331745229404
1739 0.005565027043226234
1750 0.004041852485940462
1758 0.005014513114559828
1759 0.014016322349549465
1776 0.001518477816054753
1786 0.001404011916168792
1792 0.0021106764130255705
1810 0.03088033368607084
1812 0.0064006425590047876
1814 0.004357023280418432
1819 0.0009575764458353618
1831 0.007408307425447526
1835 0.005968329511549798
1861 0.004672107449849822
1864 0.005247227275529304
1882 0.008155453832578092
1912 0.0028340062324311807
1913 0.002420851928054504
1914 0.01590313497352728
1921 0.010184273628367223
1958 0.00719511872255695
2072 0.012342731621245053
2079 0.0012621535693275617
2085 0.0014871248955931288
2093 0.002388685784585264
2102 0.003911840201624496
2109 0.014111996904836492
2112 0.026505224955878797
2117 0.059083149347178045
2176 0.001448778939424349
2179 0.00952722371685966
2226 0.0022644113324847164
2247 0.0023048021700764173
2250 0.0021795923153947426
2284 0.0069259884306818965
2317 0.005988525718278747
2342 0.005714980013916664
2355 0.00575078594313921
2362 0.00231124376362051
2368 0.016214961149478794
2373 0.0015101589091004721
2381 0.007517845623849259
2398 0.045437528495792225
2443 0.009354785278545458
2534 0.05742798740440406
2541 0.05738402063154027
2560 0.004548751477576559
2566 0.0019276527240639125
2576 0.00157097837884388
2581 0.06863578938282267
2596 0.00727960403717798
2603 0.004223508777443404
2614 0.009774976579473032
2633 0.005397930930962262
2637 0.0014016322349549467
2638 0.0013736927219658115
2694 0.0032138421354762615
2718 0.0009593538499111583
2739 0.0024109708997767302
2753 0.0010750949280075644
2779 0.003994990428132456
2789 0.0014538730988456724
2802 0.0008530940637194133
2848 0.0036615326972007914
2849 0.002038863458144523
2877 0.03040305215527274
2881 0.00830284155244396
2932 0.008314549307657853
2938 0.0017242765192314812
2982 0.013184275926643904
2983 0.0018508572484857173
3064 0.0028641178348269183
3077 0.017545991270796774
3205 0.001434703363330011
3228 0.0012648562536301904
3241 0.0015257620269804768
3253 0.0011214578500453195
3289 0.0013338113203603525
3303 0.0041431012957085095
3320 0.0014131288766633947
3329 0.0012809216521428414
3360 0.0015046634254429012
3383 0.001460549308766193
3426 0.0028359499952792127
3469 0.00306282599490155
3537 0.002043902665900688
3541 0.01241686214149277
3546 0.010184273628367223
3563 0.008873067828958064
3662 0.016623321390394456
3703 0.04864488344843638
3712 0.059799308733204444
3738 0.005447714220180622
3755 0.003937919136301993
3819 0.043070990553303046
3865 0.002587493800448744
3877 0.0037050314454454233
3889 0.006584100466746963
3902 0.005369889731320899
3963 0.006189842953768103
3965 0.006800682718942586
3972 0.00533524528144141
3976 0.0031018389530562307
4011 0.0013084857889611053
4053 0.001343344734605943
4068 0.0065012815929514035
4072 0.0045189235990350735
4074 0.016343142660541866
4075 0.009397307029811574
4118 0.009067576958590114
4119 0.0012961802799740102
4143 0.21762184700616274
4152 0.00511939455208608
4160 0.002839845530987014
4162 0.0036012605540369923
4184 0.003489295437229614
4194 0.008872993762053846
4219 0.005149209331403602
4231 0.024611994601887455
4253 0.017050825981856314
4255 0.0012208470602547308
4274 0.0017922908942856924
4285 0.043070990553303046
4292 0.03828532493626937
4314 0.024466361497734273
4318 0.0019439657231392065
4337 0.00918847798470465
4392 0.0028733947832641363
4414 0.004635442929503466
4416 0.00503018867775802
4423 0.017899632437736332
4436 0.012761774978756458
4449 0.005005829410553381
4450 0.020777965292045692
4454 0.0183769559694093
4501 0.005906878704452989
4517 0.010521157997753416
4559 0.0027292508865459355
4560 0.004836041044581395
4636 0.0032608951838462874
4650 0.01994544306851257
4653 0.014707669153462001
4664 0.03417202556295118
4667 0.007305327019641506
4678 0.004011948720371297
4694 0.00111031554594981
4712 0.07801537911541684
4714 0.08786246715638746
4735 0.005080443045753203
4805 0.003232849955525483
4886 0.01845899595141559
4937 0.008336320752252203
4958 0.0013801118468348104
4998 0.008853993775411333
5017 0.0019187076998223166
5039 0.0067895157522448145
5043 0.012049656655848387
5067 0.019142662468134685
5118 0.006290072342361107
5140 0.004546006829251892
5171 0.0004960785954549601
5234 0.016214961149478794
5308 0.003555536067571312
5320 0.01972070568182511
5326 0.004666834190877079
5363 0.03828532493626937
5401 0.006217767057318936
5403 0.002198200474809725
5414 0.0012586956143431029
5453 0.01923169810752136
5505 0.02475937181507241
5512 0.004824755067814577
5516 0.014016322349549465
5523 0.010467886311688842
5569 0.03334528300900881
5588 0.02131347986142831
5652 0.0006907475932370685
5731 0.001983124744900284
5753 0.005565027043226234
5776 0.004422262131676034
5795 0.0347463453203117
5815 0.009549226542995594
5819 0.006914406510229252
5867 0.016583001581476863
5943 0.005627693341678387
5952 0.00663694236455392
5998 0.028082115746879955
6004 0.015428414526556314
6068 0.013646254432729679
6070 0.0023048021700764173
6135 0.006027427249441826
6153 0.00929171931037549
6154 0.006996303034039073
6175 0.006080610431054547
6191 0.0035197840709139836
6193 0.02631898690619516
6195 0.011984971284397369
6205 0.004057718442705684
6212 0.0016573983231647522
6223 0.007761475074332498
6327 0.005520447387339242
6329 0.0027750436866557666
6359 0.00634135010602166
6364 0.028320651322719808
6374 0.011514556771460384
6463 0.002035851842992168
6464 0.019233105816065695
6555 0.014981214105496712
6574 0.014610654039283012
6617 0.03132435676603858
6627 0.006845720352842868
6669 0.08107480574739397
6713 0.030181132066548117
6714 0.006440524854689893
6730 0.010159250843039539
6750 0.022594617995175367
6759 0.010765972414126435
6801 0.00818812925970516
6805 0.005679691061974028
6818 0.0075729214159653705
6870 0.004459140456718416
6878 0.0030872609327217563
6883 0.0026289337277686496
6884 0.0169923556239027
6891 0.002372240443555417
6896 0.00648090139987005
6918 0.043070990553303046
6921 0.004479756330571064
6931 0.03977755975595405
6950 0.007422903135830544
6968 0.04176580902138478
6977 0.002645435120356425
6978 0.011328260529087924
7016 0.007353834576731001
7039 0.010386195727346035
7042 0.007423366414931944
7108 0.003445679244264244
7110 0.006440524854689893
7147 0.0038970924534562604
7168 0.005550087373311533
7176 0.00856069377456955
7187 0.004723665631892165
7192 0.0034834900705684084
7195 0.08269630186234185
7223 0.006972706733755636
7256 0.01099684865190716
7259 0.008344279519723377
7264 0.0021095995373046393
7270 0.004584052209664183
7303 0.023360537249249108
7338 0.0036656162173023866
7369 0.00870487388024651
7394 0.006171365810622526
7398 0.0033291586901103803
7404 0.0009316843382417964
7475 0.004813521645072284
7531 0.0009380252026127705
7535 0.010595083963108553
7546 0.0034115636081824196
7610 0.0025714024210927193
7611 0.0011883557608581082
7624 0.030181132066548117
7634 0.007031998457682129
7643 0.00282862647153451
7650 0.007068059988234346
7663 0.019142662468134685
7684 0.012090102611453485
7701 0.008760201468468416
7792 0.02251077336671355
7826 0.0014631334370548805
7838 0.0032025848659871514
7878 0.01458510524384982
7882 0.001638848629852197
7921 0.0037385308256031573
7925 0.007982268519531066
7948 0.010008504920168288
7961 0.010134350718424246
7997 0.029534393522264946
8040 0.017899632437736332
8147 0.01270571781678387
8170 0.0058154923953826895
8174 0.005491122301616324
8186 0.005560643778433608
8187 0.006996303034039073
8208 0.013084857889611052
8212 0.004656323303059789
8225 0.008455654587151518
8261 0.02545763824381059
8316 0.011145054159345262
8349 0.008387048870420065
8354 0.027209456005807507
8366 0.0019680224146202247
8393 0.01256782703075104
8409 0.03691799190283118
8412 0.033496892426066564
8437 0.010433458296643685
8439 0.006972706733755636
8458 0.013295225379797725
8459 0.054405461751540686
8466 0.017977456926596053
8487 0.0037017144969714345
8520 0.007982268519531066
8568 0.002128057176076733
8596 0.00533633636613236
8608 0.002111754388721702
8642 0.028343524360517867
8643 0.032499527212681296
8659 0.007031998457682129
8672 0.02199369730381432
8696 0.006430505588051466
8729 0.030181132066548117
8736 0.032815992802516604
8747 0.003266046677027719
8842 0.005355978099892607
8909 0.013173412471266667
8932 0.004599349380552939
8937 0.02026870143684849
8953 0.054405461751540686
8958 0.007383598380566236
9014 0.014457395430479345
9020 0.00575078594313921
9031 0.012801285118009575
9095 0.004651085594057473
9114 0.01845899595141559
9122 0.00367539119388186
9173 0.018972494626146107
9175 0.007517845623849259
9185 0.007080162830679952
9204 0.013646882099508604
9217 0.0058073245689846805
9229 0.0032455377496994446
9233 0.14767196761132473
9299 0.004232154650068672
9339 0.000773745636278505
9357 0.008269630186234184
9358 0.01752555229303505
9362 0.00115788717253349
9380 0.053698897313208996
9463 0.004819131810159781
9485 0.0183769559694093
9535 0.0065012815929514035
9605 0.009384518119367176
9668 0.0014243248684523227
9719 0.0023242355779185455
9720 0.017594957843051456
9743 0.019665310441145823
9784 0.015428414526556314
9787 0.0011820511987184368
9788 0.0012100717275730444
9831 0.004698653514905787
9872 0.007141304133190142
9930 0.007801537911541684
9972 0.004819131810159781
10010 0.0011257323967103438
10022 0.008336320752252203
10085 0.018972494626146107
10130 0.0038824554864949224
10135 0.015544417643297339
10140 0.007568487045457203
10170 0.0025304865930949154
10291 0.0030902952863356447
10358 0.010441452255346194
10386 0.0030336134212157685
10401 0.0029402984111918996
10431 0.027024935249131323
10496 0.010795861861924523
10588 0.010602089982351518
10640 0.006430505588051466
10648 0.061713658106225255
10662 0.015304010168934578
10673 0.0015223914186734508
10702 0.045437528495792225
10717 0.04046734402917869
10750 0.07254061566872091
10780 0.021762184700616274
10789 0.03445679244264244
10795 0.011390675187650393
10910 0.048079245268803396
10962 0.027202730875770343
10996 0.02871399370220203
10998 0.008256808318810656
11162 0.0042583059661350075
11211 0.02756543395411395
11232 0.01249188849884318
11242 0.027715971744322287
11307 0.0048303914639218366
11403 0.003741914111418183
11482 0.06482268997266587
11483 0.01226948098847802
11495 0.006573632898437349
11524 0.013512467624565662
11527 0.004307099055330305
11544 0.003400341359471293
11554 0.024611994601887455
11568 0.013736927219658114
11657 0.0006801564672153807
11678 0.016876796298437115
11711 0.010184273628367223
11733 0.0016473366904848975
11736 0.012841040661854323
11763 0.002872733080446415
11764 0.015012757380252432
11768 0.004185035519349284
11803 0.006605135931496952
11887 0.002181009270773372
11914 0.010388982646022846
11925 0.0019116112312145596
11937 0.01420898657428554
11969 0.005301044991175759
12044 0.03504080587387366
12048 0.009638263620319562
12053 0.002029855224897934
12091 0.0011978027500339202
12105 0.00549842432595358
12120 0.009620148299097455
12157 0.008490380068002243
12205 0.009571331234067343
12210 0.011390675187650393
12214 0.052339431558444206
12229 0.056641302645439616
12262 0.0013682379527190907
12319 0.0065012815929514035
12323 0.027671345917185425
12409 0.007831089191509644
12419 0.016740142077397137
12453 0.011359382123948056
12559 0.0027364759054381814
12597 0.00158848063508148
12615 0.007128991539857056
12654 0.04352436940123255
12749 0.07657064987253874
12763 0.0017807127877334592
12797 0.006227131164332971
12829 0.011984971284397369
12857 0.018819490637225576
12912 0.004394064923610087
12946 0.018625293212239154
12979 0.022471821158245066
13023 0.005520447387339242
13042 0.015090566033274059
13059 0.003776086843029308
13083 0.010938664267505534
13106 0.0032506407964757018
13156 0.007905956200988704
13185 0.01531412997450775
13207 0.004057718442705684
13219 0.0036721270809210414
13229 0.014016322349549465
13303 0.0052075756840265644
13312 0.019689595681509967
13316 0.0017015699971675278
13317 0.030181132066548117
13341 0.02734707233221841
13348 0.004280346887284775
13356 0.06364409560952648
13390 0.06731587035622992
13393 0.01813515391718023
13395 0.005890049990195288
13406 0.007490607052748356
13435 0.0008626778829787383
13446 0.011485597480880813
13469 0.027202730875770343
13470 0.01813515391718023
13476 0.06460648582995457
13480 0.0008917004729603391
13494 0.01422937096960958
13495 0.008455654587151518
13565 0.024611994601887455
13571 0.042191990746092776
13576 0.02365152201705376
13637 0.020071917927752873
13639 0.002998415586016746
13646 0.008060068407635658
13694 0.013782716977056976
13713 0.026336401866987852
13754 0.003000475022747547
13805 0.006103618585046132
13863 0.004334187728634269
13876 0.008686059825611518
13896 0.003263468897487839
13897 0.005390893211365179
13900 0.0036334051784860212
13913 0.003691799190283118
13921 0.003527999226209123
13949 0.016214961149478794
13954 0.013168200933493926
13971 0.026676226407207047
13977 0.0014116814930410012
13988 0.025682081323708646
13990 0.08988728463298026
14017 0.008044387340694733
14027 0.0028013652392392223
14032 0.052273335938469306
14052 0.010035958963876436
14080 0.01195033263906674
14182 0.015486198850625814
14198 0.016740142077397137
14303 0.005355978099892607
14323 0.0035755109892992407
14369 0.0034399460009293613
14413 0.0005480931989815871
14470 0.013691440705685736
14483 0.008941060685884945
14486 0.025212287153153004
14510 0.01420898657428554
14592 0.006594601424429174
14644 0.00856069377456955
14647 0.0033264803645350702
14652 0.00961584905376068
14665 0.004720108553786635
14666 0.019412277432474614
14685 0.008091614663634231
14689 0.016214961149478794
14815 0.003949202572222628
14824 0.002029855224897934
14826 0.003557342742402395
14839 0.041921260581125226
14888 0.006390749757522554
14914 0.028515966159428224
14924 0.030856829053112628
14970 0.00775762681635477
15009 0.011237320252083328
15012 0.0009119574532679956
15057 0.005342138363200378
15094 0.011746633787264467
15119 0.007685529912857049
15135 0.007982268519531066
15151 0.025212287153153004
15165 0.012801285118009575
15183 0.003217754936277893
15306 0.007801537911541684
15319 0.035340299941171736
15329 0.002162560195144923
15348 0.00791009459050675
15373 0.022594617995175367
15384 0.002190050367117104
15436 0.019142662468134685
15452 0.0021591723723849046
15481 0.009208942300928936
15516 0.00993945935845455
15578 0.024825711053361392
15602 0.01226948098847802
15603 0.011175175927343494
15626 0.026849448656604498
15631 0.0012602301411512014
15652 0.011988925809208668
15656 0.0030027705832368135
15684 0.001293746900224372
15686 0.006949269064062341
15700 0.03763898127445115
15701 0.11417597060244612
15722 0.0030280495315951183
15759 0.009114888409438977
15775 0.012881043903791564
15787 0.04295729587022726
15803 0.004922398920377492
15924 0.012606143576576502
15964 0.00476910622043494
16014 0.011145054159345262
16058 0.005957946820053447
16075 0.003769202454983676
16093 0.01972070568182511
16147 0.011780099980390576
16158 0.007008161174774733
16188 0.014873435586752132
16193 0.011328260529087924
16264 0.004523867716758306
16324 0.015842203421904566
16328 0.01737317266015585
16401 0.006303071788288251
16402 0.005491122301616324
16403 0.0038003815194090924
16413 0.0069259884306818965
16420 0.0025366963761454557
16437 0.010547997686523194
16439 0.025523549957512916
16489 0.03262170588641317
16512 0.016151621457488642
16525 0.01256782703075104
16542 0.0010605742337597202
16558 0.03431789469141133
16565 0.011359382123948056
16567 0.0028457089422691617
16809 0.06080610431054548
16833 0.027750436866557666
16834 0.016589693168359985
16869 0.004030034203817829
16894 0.0015371059825714099
16916 0.008650240780579691
16920 0.0016317344487439195
16934 0.014981214105496712
16957 0.014610654039283012
16958 0.021372841787650015
17046 0.024466361497734273
17069 0.019412277432474614
17072 0.007860865196040099
17090 0.0031042155353731924
17114 0.0005648654498793842
17191 0.004134815093117092
17245 0.05104709991502583
17278 0.007344254161842083
17337 0.003974976530364592
17346 0.008988728463298026
17353 0.009079623927510107
17376 0.0017647524938613284
17396 0.029049172269908354
17408 0.005149209331403602
17468 0.016278799579201152
17536 0.016472589451877444
17586 0.004747204469709635
17602 0.010990346180608969
17629 0.011680268624624554
17646 0.0029138936526547517
17658 0.01888043421514654
17661 0.06778385398552611
17686 0.013556770797105221
17731 0.016343142660541866
17774 0.01566217838301929
17779 0.019689595681509967
17823 0.009751922389427105
17913 0.008686586330077925
17985 0.004189275676917014
18009 0.0028252019842808364
18015 0.021095995373046388
18027 0.007699841886624008
18037 0.04398739460762864
18068 0.08988728463298026
18086 0.008816236872317895
18179 0.04494364231649013
18209 0.022718764247896112
18250 0.004698653514905787
18269 0.09808675695349524
18270 0.06381361233716885
18271 0.03915430928959815
18307 0.005782958172191738
18321 0.0037892461859327102
18405 0.002123685204477192
18499 0.001099207178057452
18539 0.004589139947965696
18558 0.014356996851101015
18566 0.00470399896827883
18625 0.06460648582995457
18641 0.017158947345705666
18740 0.0068770633762749635
18790 0.06080610431054548
18797 0.014201921056932743
18828 0.010684276726400757
18898 0.028320651322719808
18932 0.03763898127445115
18933 0.034657675826969866
18953 0.012683481880727277
18956 0.03504080587387366
18979 0.007890868498315062
19117 0.007190982770638421
19180 0.010084914861261202
19204 0.010311259583833148
19255 0.01950384477885421
19278 0.03627030783436046
19294 0.0030176079814861695
19312 0.007370436886126724
19323 0.01566217838301929
19327 0.017015699971675277
19356 0.014981214105496712
19452 0.002493857112857112
19474 0.0013189202848858349
19653 0.013968969909179367
19656 0.008286202591417019
19657 0.011582115106770567
19669 0.028127993830728518
19732 0.013338113203603523
19777 0.0015685944966301565
19800 0.00702005958084396
19857 0.012019811317200849
19872 0.01804342916764926
19949 0.015721730392080198
19963 0.016472589451877444
20077 0.003273804507614483
20114 0.006885381478361832
20136 0.003646221422501845
20158 0.007728626342274939
20212 0.014991114597533004
20231 0.005582815404344428
20319 0.0183769559694093
20332 0.029962428210993423
20336 0.010574974662703561
20341 0.0054850655915208
20391 0.0017257158151573841
20395 0.004375465707002215
20424 0.002574604665701801
20563 0.022594617995175367
20593 0.007660625730573551
21048 0.007216082186940824
21080 0.08614198110660609
21107 0.0008139399789600575
21290 0.016708473787703848
21348 0.010295368407423401
21378 0.008797478921525728
21392 0.06264871353207715
21397 0.0008157062720688681
21408 0.004854958749686486
21435 0.008060068407635658
21442 0.0015162504925255197
21474 0.0015302794571121733
21640 0.03180626994705456
21682 0.006823127216364839
21688 0.06891358488528487
21706 0.006532093354055438
21865 0.03180626994705456
21875 0.018272011001812468
21941 0.06669056601801762
22151 0.035901797523322634
22464 0.009354785278545458
22698 0.002209949274781984
22766 0.0040857856651354664
22773 0.023078121717515707
22859 0.005221043180376598
22864 0.08614198110660609
22910 0.010547997686523194
22918 0.01737317266015585
22919 0.005273998843261597
22922 0.01708601278147559
22962 0.023493267574528933
22963 0.01924029659819491
23007 0.00918847798470465
23047 0.0306282599490155
23049 0.015486198850625814
23061 0.009728976689687275
23070 0.014927130300061707
23103 0.00957708689062642
23124 0.010602089982351518
23135 0.007728626342274939
23141 0.0003071699794307327
23197 0.006532093354055438
23206 0.009087505699158446
23269 0.029790853264033672
23277 0.01939293772035433
23284 0.007642911447536215
23304 0.0028750926148040715
23312 0.0029901356877277416
23319 0.00207571038811099
23358 0.005085873423268257
23369 0.0040898269961593394
23456 0.01660568310488792
23548 0.012305997300943727
23572 0.009008311749710441
23645 0.09844797840754982
23651 0.0016987736619215662
23715 0.03504080587387366
23717 0.004922398920377492
23774 0.0038679280571722098
23814 0.00952722371685966
23818 0.0016539260372468371
23852 0.004097933689907921
23871 0.046986535149057866
23873 0.0037256710168799985
24065 0.02077403714257541
24115 0.003442810235734465
24193 0.006071681487690297
24251 0.020777965292045692
24268 0.0064505695680453865
24315 0.006996303034039073
24366 0.0025698042841001195
24398 0.011987757734671084
24450 0.004625072811092945
24453 0.01923169810752136
24487 0.010175654821290571
24510 0.03864313171137469
24512 0.08438398149218555
24526 0.0183769559694093
24599 0.0033163668958066856
24822 0.008336320752252203
24900 0.006529250388100757
24939 0.04922398920377491
25306 0.013468453072042646
25311 0.006723276574174134
25355 0.025003037560885403
25425 0.04398739460762864
25426 0.004077726916289046
25431 0.0028147141546065978
25444 0.01722839622132122
25476 0.003994990428132456
25495 0.0010698098559164535
25503 0.003029168566386148
25632 0.023181624228635477
25664 0.003849920943312004
25677 0.0025351410748725273
25696 0.013556770797105221
25724 0.008760201468468416
25804 0.005253894654532519
26148 0.01520152607763637
26149 0.005214142614271239
26155 0.015428414526556314
26163 0.008578454550035461
26199 0.00258587560545159
26202 0.0069376092166394164
26249 0.03900768955770842
26251 0.009127627137123824
26253 0.05983632920553772
26270 0.006001183008878218
26303 0.00609299435774405
26304 0.020571219368741754
26476 0.006171365810622526
26489 0.002790023679566189
26567 0.006001183008878218
26680 0.01392193634046159
26791 0.010362945095531559
26806 0.07517845623849259
26829 0.0020199389805164105
26852 0.027202730875770343
26913 0.0012809216521428414
27065 0.026220413921527765
27122 0.030181132066548117
27131 0.027024935249131323
27263 0.05104709991502583
27265 0.004049769924698425
27266 0.005376872682857078
27329 0.003945434249157531
27421 0.01708601278147559
27589 0.007845948943296191
27592 0.011309936214940086
27739 0.019321565855687346
27756 0.010656739930714155
27805 0.036591284009885774
27928 0.02223018867267254
27932 0.004619905131974404
27978 0.00702005958084396
28046 0.02845874193921916
28078 0.001086108508830337
28101 0.01997495214066228
28128 0.006273163545741858
28136 0.0014873435586752132
28158 0.007383598380566236
28161 0.025366963761454555
28176 0.009375997943576174
28193 0.008044387340694733
28215 0.03804810063612996
28277 0.01268270021204332
28295 0.005397930930962262
28387 0.005687503566873579
28402 0.017015699971675277
28405 0.026849448656604498
28408 0.009483520855773149
28447 0.01097311993267698
28476 0.02440467059136728
28527 0.003299932237124575
28544 0.005011897082566172
28600 0.0015878706194766099
28714 0.008918280913436832
28830 0.004045807331817116
28927 0.2692634814249197
28928 0.040552770041263765
28969 0.0012093367623161018
29099 0.0024236899725188113
29101 0.003919256012433263
29214 0.014662464869209546
29251 0.004625072811092945
29344 0.08012080265730132
29366 0.005799179653740662
29394 0.029746871173504264
29893 0.01249188849884318
30072 0.016945963496381528
30301 0.006491075499398889
30326 0.005932302859565412
30523 0.009270885859006933
30534 0.003454315031843853
30662 0.0026169715779222106
30790 0.015781736996630123
31046 0.016151621457488642
31161 0.004513990276328703
31304 0.0025748658509860997
31549 0.015257620269804768
31566 0.011235910579122533
31580 0.004548751477576559
31584 0.025366963761454555
31587 0.005840134312312277
31866 0.02131347986142831
31895 0.011145054159345262
32007 0.005301044991175759
32010 0.03417202556295118
32050 0.007344254161842083
32054 0.0014746130859904039
32088 0.06891358488528487
32110 0.0034981515170195367
32203 0.020169829722522403
32248 0.025842594331981827
32270 0.00944021710757327
32284 0.026169715779222103
32385 0.0044791110153857405
32390 0.0075315393317251225
32404 0.012722507978821823
32430 0.010209419983005166
32433 0.016672641504504405
32434 0.004801680738715989
32442 0.005117345412273629
32467 0.005957946820053447
32546 0.004893272299546855
32614 0.01241686214149277
32719 0.024466361497734273
32801 0.001997495214066228
32866 0.005253894654532519
33048 0.0029492261719808077
33124 0.0011441104297501639
33153 0.023360537249249108
33218 0.018511981127539837
33284 0.01157814362057846
33357 0.005491122301616324
33386 0.012197094669961925
33449 0.014820125781781693
33657 0.016407996401258302
33713 0.023360537249249108
33725 0.03307852074493674
33738 0.003713039694388492
33780 0.001404665031510416
33798 0.006800449659706822
33879 0.017601163825123542
33892 0.035340299941171736
33940 0.032557599158402305
33942 0.002114994932540712
33986 0.005426266526400383
34005 0.009229497975707796
34026 0.06264871353207715
34027 0.0003705695548590332
34104 0.013968969909179367
34108 0.013252612477939399
34162 0.0029138936526547517
34211 0.0005305806612494664
34292 0.004347860245128383
34307 0.012801285118009575
34335 0.020071917927752873
34415 0.009375997943576174
34416 0.01722839622132122
34453 0.013665155536670718
34490 0.004780133055626697
34583 0.016672641504504405
34595 0.0013917250397566788
34700 0.008269630186234184
34707 0.04093876329818903
34709 0.01763438417392421
34718 0.07128991539857056
34721 0.010688321400073149
34924 0.013126397121006642
34928 0.04922398920377491
35022 0.004403895210156929
35052 0.012529742706415431
35053 0.01905444743371932
35103 0.004808276454016424
35127 0.05042457430630601
35143 0.020368547256734447
35162 0.014767196761132473
35190 0.0020013625813732295
35199 0.005085873423268257
35299 0.007801537911541684
35446 0.002539300151268739
35460 0.014873435586752132
35463 0.006053902039702917
35480 0.035954913853192105
35490 0.008220308336216883
35494 0.05823683229742384
35527 0.008455654587151518
35535 0.006332029239076711
35562 0.0013773534620643213
35591 0.012775274666145827
35624 0.008975449380830659
35637 0.008507849985837639
35647 0.01659153683706674
35661 0.008930486162239942
35801 0.0020088523721801758
35848 0.020469381649094516
35860 0.022844282282414873
35932 0.04801435312517929
35944 0.0034981515170195367
35964 0.02131347986142831
36136 0.0033238063449494313
36222 0.012921297165990914
36350 0.00870487388024651
36356 0.012161220862109095
36394 0.0066157041489873485
36426 0.009751922389427105
36511 0.01813515391718023
36530 0.0012793363530684073
36750 0.0010741982874208846
36755 0.005342138363200378
36767 0.11485597480880812
36943 0.0029768287207466468
37159 0.0067123621641511245
37201 0.0028166315348209076
37267 0.009297278243091518
39259 0.0013983142012570485
39341 0.012233180748867136
39907 0.005932302859565412
39911 0.007413137446265014
39918 0.009107522231535447
40067 0.0034514316303147683
42723 0.025826596799260887
43991 0.0344340228801028
44015 0.001104974637390992
44574 0.00918847798470465
44578 0.11175175927343493
45020 0.0008169956714319487
45345 0.015488607338601577
45449 0.033616382870870674
46467 0.00710449328714277
46499 0.006071856476190731
46533 0.03040305215527274
46561 0.002911841614871192
46703 0.004640645446820531
46704 0.030840751176422525
46705 0.06475652064019333
46750 0.014356996851101015
46796 0.004614748987853898
46827 0.022594617995175367
46877 0.01455920807435596
46898 0.0011121073408061034
46907 0.017300481561159382
47045 0.054405461751540686
47092 0.0075315393317251225
47419 0.006430505588051466
47421 0.016026415089601134
47542 0.007883840672351254
47627 0.06361253989410912
47643 0.029049172269908354
47649 0.002074940876422025
47668 0.028320651322719808
47686 0.0009442372900472922
47693 0.022471821158245066
47702 0.07657064987253874
47706 0.08614198110660609
47765 0.06891358488528487
47837 0.035340299941171736
47858 0.029534393522264946
47888 0.021535495276651523
47908 0.13209151918958326
47930 0.007714207263278157
47939 0.011847607716667886
47964 0.017300481561159382
48017 0.0021636918331329634
48022 0.009603361477431979
48255 0.002221786898460144
48259 0.004614748987853898
48282 0.01420898657428554
48283 0.005587587963671747
48328 0.015661857979972958
48345 0.06891358488528487
48371 0.023493267574528933
48446 0.006800682718942586
48685 0.002966151429782706
48715 0.014508123133744184
48731 0.027750436866557666
48823 0.001617689786039551
48876 0.00830284155244396
48895 0.009087505699158446
48923 0.00415142077622198
48945 0.0183769559694093
48979 0.002671069181600189
49128 0.01520152607763637
49336 0.009272649691454188
49542 0.01304358073538515
49706 0.0019774342865218042
49817 0.01120546095695689
49967 0.027937939818358733
50108 0.043070990553303046
50301 0.004352397856629348
50388 0.02088290451069239
50395 0.019689595681509967
50396 0.011235910579122533
50486 0.0067123621641511245
50691 0.20674075465585462
50924 0.003299932237124575
51177 0.01304358073538515
51204 0.009524966689861107
51278 0.016214961149478794
51315 0.011881652566428426
51334 0.007068059988234346
51335 0.0025258491711161223
51453 0.0036721270809210414
51489 0.005383873819162881
51550 0.006098547334980962
51627 0.0020967622176050163
51630 0.010109572354809518
51680 0.006018653701771605
51694 0.004594238992352325
51706 0.007728626342274939
51843 0.00952722371685966
51851 0.0014704178851767755
51929 0.03040305215527274
52284 0.02418020522290697
52315 0.024792496473674017
52334 0.017899632437736332
52335 0.010684276726400757
52357 0.003101886791535703
52388 0.002891479086095869
52575 0.019596280062166314
52629 0.020169829722522403
52658 0.008139399789600576
52663 0.017156909100070922
52883 0.011042350973261693
52912 0.010209419983005166
53144 0.00044618701770984055
53154 0.003386953070174046
53166 0.0040379053643721605
53322 0.006605135931496952
53390 0.003297300712214587
53462 0.016026415089601134
53661 0.11476804126308054
53748 0.004594238992352325
53795 0.0009690215826381749
53929 0.003769202454983676
53932 0.1252974270641543
53933 0.06542850950512069
53983 0.020777965292045692
54140 0.00476361185842983
54226 0.012305997300943727
54361 0.008187752659637807
54452 0.005412061640205619
54517 0.016020252899423142
54525 0.05419440934139308
54619 0.001205588172386415
54625 0.0015644400655002242
54658 0.004940041927260564
54690 0.0033318413320846834
54704 0.00830284155244396
54731 0.01813515391718023
54976 0.05771704594858362
55110 0.014063996915364259
55463 0.009915623724501419
55671 0.017156909100070922
55796 0.0032102601654635807
55822 0.002832065132271981
55838 0.005747824726640323
55994 0.005201025274361122
56014 0.035004252585239565
56050 0.004813521645072284
56067 0.0032894312594408054
56084 0.013126397121006642
56201 0.006264871353207716
56203 0.004922398920377492
56504 0.0014063996915364258
56565 0.0005149850657761978
56626 0.0008827440250036527
56629 0.0072668103569720425
56645 0.01653926037246837
56730 0.009208942300928936
56740 0.0666681482498563
56742 0.0020368547256734443
56769 0.022718764247896112
57000 0.009706138716237307
57079 0.002725126709633286
57129 0.03828532493626937
57170 0.015486198850625814
57180 0.014407021230373145
57196 0.023462213800237244
57286 0.006410566035840453
57354 0.019783804273287523
57394 0.023229298275938722
57398 0.009916218862674098
57446 0.011359382123948056
57460 0.008760201468468416
57473 0.00802876717110115
57506 0.023763305132856852
57555 0.04348354358414853
57559 0.033891926992763055
57572 0.0029513312584704444
57578 0.010909802356509478
57585 0.037589228119246296
57597 0.005321512346354044
57796 0.011847607716667886
57824 0.017859312543489575
57861 0.008353161804276954
57895 0.009751922389427105
58002 0.0033264803645350702
58127 0.025769848807903933
58140 0.007384863414607503
58166 0.04176580902138478
58182 0.00039746372134164107
58232 0.010656739930714155
58262 0.015603075823083368
58309 0.011485597480880813
58327 0.006647612689898863
58348 0.007490607052748356
58367 0.010159250843039539
58412 0.007055998452418246
58514 0.001804020546735206
58521 0.01805596110531481
58602 0.006390749757522554
58664 0.015420375588211263
58689 0.0010711956199785213
58753 0.008548047029362531
58837 0.004422262131676034
58881 0.005648654498793842
58886 0.033891926992763055
58925 0.005705045210904606
58926 0.006679830521998534
58990 0.02891479086095869
59013 0.08797478921525728
59163 0.026505224955878797
59323 0.027202730875770343
59349 0.0032894312594408054
59769 0.015090566033274059
59857 0.002981121191865243
59941 0.011175175927343494
59981 0.005383873819162881
59994 0.006062778728910693
60025 0.0017064857998832408
60062 0.007875838272603986
60079 0.00475266102657137
60148 0.007997708110477935
60160 0.009593538499111582
60375 0.005011897082566172
60404 0.001743911890812776
60747 0.015721730392080198
60754 0.008853993775411333
60755 0.008171571330270933
60756 0.060876961017807936
60759 0.006371055613431576
60870 0.024466361497734273
61067 0.008438398149218557
61176 0.015603075823083368
61259 0.009270885859006933
61300 0.0036206787155140916
61386 0.005287487331351781
61416 0.040143835855505745
61553 0.005565027043226234
61569 0.04494364231649013
61689 0.016214961149478794
61691 0.009397307029811574
61726 0.06891358488528487
61746 0.004227827293575759
61761 0.02194623986535396
61814 0.0029200671561561385
61817 0.032557599158402305
61880 0.01737317266015585
61944 0.025523549957512916
62055 0.0020033018862001418
62122 0.0013503641714948049
62305 0.004316090911395712
62466 0.0019457953379374553
62534 0.041348150931170925
62665 0.005369889731320899
62746 0.007982268519531066
63006 0.021095995373046388
63010 0.03040305215527274
63220 0.003058295187216784
63236 0.0064006425590047876
63309 0.00859628917487961
63353 0.01724347417992097
63408 0.004868463502814961
63550 0.0036238519659220793
63575 0.003297300712214587
63595 0.0011232858172010574
63596 0.007801537911541684
63602 0.0014494514528049511
63605 0.0031539398116835183
63620 0.0058566786021488565
63660 0.0017730767980776553
63661 0.008590000634414617
63669 0.017670149970585868
63672 0.007982725789108224
63686 0.009375997943576174
63721 0.004756012579516245
63723 0.0027095773873637564
63725 0.0007792715968935342
63729 0.01845899595141559
63736 0.043070990553303046
63751 0.008632181822791424
63754 0.005679691061974028
63755 0.0011637531925463248
63760 0.0016904395311190077
63761 0.009333668381754158
63776 0.0012431795228854759
63934 0.001198497128439737
63970 0.002483372428298554
63987 0.010547997686523194
64012 0.004436496881026923
64098 0.005906878704452989
64133 0.005104709991502583
64135 0.005447714220180622
64150 0.014434743334119409
64319 0.005476576282274295
64332 0.00513641626474173
64480 0.06563198560503321
64558 0.05742798740440406
64588 0.017768656134639373
64591 0.004548960699836201
64649 0.0010026224765075395
64761 0.010574974662703561
64807 0.012454262328665942
64843 0.0032894312594408054
64878 0.001782247884964264
64922 0.00291594858470881
64954 0.005447714220180622
65068 0.008516849777430552
65149 0.010467886311688842
65295 0.031088835286594677
65305 0.021095995373046388
65332 0.002731053562164526
65368 0.03132435676603858
65389 0.008632181822791424
65523 0.001804807984773938
65573 0.011549762829936012
65728 0.0038249908354459692
65786 0.015035691247698518
65918 0.017745987524107693
65921 0.01972070568182511
65930 0.0056103325551113865
65964 0.0026779890499463036
66016 0.0129618027997401
66152 0.00476910622043494
66169 0.007921101710952283
66220 0.012091278958631975
66507 0.013084857889611052
66610 0.004041852485940462
66706 0.0056641185413009
66808 0.014820125781781693
66825 0.006563198560503321
66865 0.02026870143684849
66900 0.01256782703075104
67000 0.005873316893632233
67199 0.001230966089049447
67221 0.012845597278986997
67259 0.009147821002471444
67293 0.011847607716667886
67390 0.10337037732792731
67611 0.0017784150938138033
67617 0.006584100466746963
67708 0.0030115186402892152
67951 0.006380887489378229
67954 0.0026478254603055644
68003 0.011746633787264467
68013 0.005024076662353696
68021 0.0198789187169091
68139 0.051685188663963655
68145 0.009272649691454188
68148 0.007671271044744142
68222 0.008498896930250641
68235 0.003608041093470412
68251 0.013468453072042646
68285 0.0028281908981649057
68304 0.03182866432573785
68533 0.004910706761421725
68593 0.005294257481583985
68601 0.03040305215527274
68604 0.026336401866987852
68655 0.01153352638722885
68705 0.008988728463298026
68713 0.006679830521998534
68833 0.017950898761661317
68855 0.0009248076701223646
68857 0.0022347086700453015
68915 0.007080162830679952
68919 0.04093876329818903
69039 0.013691440705685736
69041 0.052339431558444206
69053 0.047526610265713705
69105 0.0033808790622380154
69236 0.024466361497734273
69607 0.029534393522264946
69795 0.0065527972949557724
69827 0.012305997300943727
70020 0.0038179271404589956
70044 0.010881092350308137
70064 0.01455920807435596
70066 0.005342138363200378
70303 0.016740142077397137
70388 0.0034399460009293613
70452 0.001849976551700912
70665 0.005162066283541938
70800 0.007344254161842083
71038 0.011881652566428426
71125 0.03307852074493674
71215 0.01102617358164558
71221 0.00025095988669076794
71253 0.019142662468134685
71329 0.003924243563367664
71330 0.01590313497352728
71355 0.0024322441724218186
71359 0.0028274840537350215
71380 0.027750436866557666
71383 0.005509443660816448
71396 0.04053740287369698
71417 0.006996303034039073
71418 0.008686586330077925
71547 0.0014513215490056484
71675 0.008543006390737795
71725 0.013385947451334443
71761 0.00183769559694093
71787 0.0003474050657971007
71844 0.010084914861261202
71862 0.016278799579201152
71934 0.016808191435435337
71958 0.013252612477939399
72014 0.011453781421376987
72017 0.006420520330927161
72018 0.0064702869843326375
72059 0.003786290166061608
72085 0.0017015699971675278
72093 0.004828172770377871
72094 0.003253198342342323
72113 0.005640948285289348
72119 0.013646254432729679
72131 0.018706272176459312
72157 0.003067370247119505
72166 0.01708601278147559
72186 0.01997495214066228
72240 0.031088835286594677
72254 0.001998460653995695
72313 0.002056099002047286
72361 0.006189842953768103
72363 0.014714644459491432
72372 0.021762184700616274
72378 0.003071928003801703
72426 0.031088835286594677
72430 0.009333668381754158
72500 0.006658317380220761
72566 0.012197094669961925
72603 0.0010442796117314905
72635 0.012090102611453485
72694 0.014295508675100339
72705 0.009571331234067343
72743 0.008949816218868166
72761 0.00039122103255909667
72801 0.002630289499438354
72852 0.004899070015541579
72936 0.01392193634046159
73046 0.047526610265713705
73074 0.046458596551877444
73078 0.0006338824303414216
73263 0.003592367587417109
73275 0.010494454551058609
73315 0.03445679244264244
73409 0.021204179964703036
73421 0.029746871173504264
73549 0.007128991539857056
73651 0.021535495276651523
73697 0.006168150235284505
73795 0.020351309642581143
73837 0.013468453072042646
73871 0.008543006390737795
73875 0.006996303034039073
73876 0.004667233678031942
73944 0.011614649137969361
73984 0.019142662468134685
74055 0.010521157997753416
74121 0.015120627466626162
74127 0.006521790367692575
74131 0.021877328535011068
74149 0.007228697715239672
74225 0.005390893211365179
74419 0.0029464859078484483
74425 0.0027657626040917004
74452 0.024238474206105882
74459 0.00545237579209339
74471 0.003364373550135958
74529 0.02911841614871192
74530 0.039379191363019934
74532 0.03900768955770842
74533 0.0306282599490155
74535 0.015964537039062133
74536 0.05823683229742384
74537 0.03691799190283118
74538 0.018967041711546298
74539 0.015781736996630123
74540 0.03864313171137469
74542 0.05823683229742384
74544 0.030856829053112628
74545 0.046986535149057866
74555 0.0058984523439616155
74563 0.0023560199960781154
74574 0.0049518743630144815
74591 0.0029077461976913447
74629 0.001432714862479935
74670 0.007370436886126724
74712 0.012761774978756458
74727 0.010987623542292576
74771 0.021762184700616274
74799 0.0006887914531262856
74859 0.01590313497352728
75002 0.0020408761565237376
75024 0.015257620269804768
75061 0.0017128480087477598
75086 0.028692010315770136
75134 0.010803781662110976
75137 0.0025014005403007217
75152 0.004050128853184863
75189 0.0030071382495397035
75227 0.0036261984347588146
75274 0.003180626994705456
75306 0.0026366981968355837
75394 0.06264871353207715
75398 0.004780133055626697
75436 0.0041431012957085095
75498 0.00597516631953337
75519 0.07008161174774732
75559 0.018709570557090917
75725 0.003208284933217544
75821 0.005957946820053447
75828 0.007860865196040099
75964 0.002437980597356776
75969 0.0032252847840226933
75981 0.022594617995175367
76001 0.008455654587151518
76004 0.015842203421904566
76114 0.000582204321756842
76166 0.00126941985803226
76365 0.037041537127237636
76430 0.024611994601887455
76456 0.0183769559694093
76749 0.0023914488681995904
76771 0.014257983079714112
76830 0.008472981748190764
76933 0.030181132066548117
76947 0.0024444310464552766
77013 0.004928265903596058
77050 0.010441452255346194
77094 0.012342731621245053
77137 0.03627030783436046
77231 0.005560643778433608
77266 0.0025794230150449735
77326 0.00710449328714277
77380 0.009147821002471444
77564 0.029324929738419093
77754 0.03864313171137469
77814 0.00431159029522116
78008 0.001876050405225541
78256 0.01183816339124953
78295 0.00840438237340686
78326 0.008344279519723377
78534 0.013084857889611052
78546 0.0021401734436423876
78560 0.0014267822957615916
78661 0.009549226542995594
78862 0.0072668103569720425
79091 0.008507849985837639
79238 0.02295601525340187
79256 0.035340299941171736
79766 0.03180626994705456
79828 0.016278799579201152
79918 0.00018979230208010156
79938 0.007477061651206315
79960 0.05104709991502583
80020 0.012379685907536206
80043 0.007609620127225992
80104 0.0063514824779064396
80118 0.007786845749749703
80147 0.014820125781781693
80179 0.007845948943296191
80184 0.019321565855687346
80273 0.0023914488681995904
80378 0.011453781421376987
80450 0.010739779462641798
80459 0.010684276726400757
80464 0.008044387340694733
80472 0.0034717171226843766
80486 0.010419098142532982
80503 0.015842203421904566
80563 0.007008161174774733
80616 0.0012990308178187535
80634 0.0021789139486610375
81048 0.03205283017920227
81222 0.01480095246733174
81336 0.0014576578432528783
81441 0.0033545043205787796
81459 0.0026021492090101276
81671 0.003024736717715503
81678 0.008269630186234184
81693 0.011780099980390576
81778 0.019689595681509967
81979 0.0051428048421854385
82106 0.004509067713322892
82329 0.016343142660541866
82347 0.020169829722522403
82638 0.004496371558797632
82724 0.08438398149218555
82740 0.001113904928102665
82759 0.033891926992763055
83154 0.0010650921218694528
83240 0.0038214557237681076
83377 0.0037726415083185146
83683 0.025842594331981827
83817 0.0008737986249190812
83833 0.013875218433278833
83932 0.0036491293431038744
84463 0.0059924856421986845
84479 0.0032763986474778862
84519 0.007241357431028183
84550 0.003531012035112803
84590 0.026169715779222103
84593 0.025682081323708646
84610 0.010688321400073149
85028 0.0007714207263278158
85046 0.0035197840709139836
85100 0.009397307029811574
85102 0.0040379053643721605
85176 0.013210271862993905
85472 0.002818323402887722
85529 0.00993945935845455
85617 0.006573632898437349
85648 0.007121923211645894
85750 0.014307318661304818
85753 0.010260087079695019
85809 0.013126397121006642
85956 0.06361253989410912
86224 0.01722839622132122
86243 0.02871399370220203
86434 0.004528822664969433
86536 0.018541771718013866
86765 0.009127627137123824
86796 0.015145842831930741
86988 0.0024774206669365443
87173 0.009706138716237307
87577 0.0038643131711374695
87679 0.016808191435435337
88440 0.014610654039283012
88452 0.027750436866557666
88657 0.02475937181507241
88701 0.005774881414968006
88914 0.017594957843051456
89105 0.011235910579122533
89139 0.005469332133752767
89158 0.007685529912857049
89225 0.005419440934139307
89327 0.004284782479914085
89378 0.004981704931466377
89523 0.021151891901527546
89637 0.0013147265796874697
89709 0.014257983079714112
89950 0.04268811290882874
89958 0.015603075823083368
89970 0.01845899595141559
89971 0.006972706733755636
90030 0.008668375457268538
90336 0.00982141352284345
90351 0.02142391239957043
90413 0.026505224955878797
90427 0.004394064923610087
90526 0.009175426627847854
90954 0.020988909102117217
91030 0.032303242914977284
91067 0.00825312393835747
91073 0.012054854498883652
91175 0.0053400842998077135
91275 0.015603075823083368
91429 0.00430261716245275
91674 0.020071917927752873
91780 0.02418020522290697
91946 0.02811078615663457
91950 0.0038571036316390785
92029 0.005957946820053447
92048 0.029746871173504264
92136 0.009223781972395142
92284 0.011713357204297713
92488 0.0017784150938138033
92533 0.0041019991003145755
92702 0.010602089982351518
93001 0.005314672356191635
93079 0.0015885751116514438
93643 0.001789963243773633
93876 0.0017043755536344156
93987 0.047953525621708785
94142 0.003118261759515153
94158 0.043070990553303046
94184 0.011523736740751534
94454 0.004836041044581395
94465 0.005835490091315337
94533 0.008650240780579691
94597 0.001806384924909171
94661 0.0075766780487531524
95114 0.00973306002505626
95152 0.05587587963671747
95161 0.013338113203603523
95206 0.039379191363019934
95229 0.015035691247698518
95706 0.052339431558444206
95707 0.05742798740440406
95708 0.06264871353207715
95709 0.06264871353207715
95717 0.06264871353207715
95722 0.06264871353207715
95723 0.05742798740440406
95801 0.014111996904836492
95810 0.0059153291747025645
95844 0.0038073803804024794
95894 0.04398739460762864
95938 0.004403423954331302
95973 0.04398739460762864
96025 0.013381278618501918
96579 0.01420898657428554
96641 0.08107480574739397
96839 0.0065527972949557724
96912 0.004134815093117092
97426 0.042191990746092776
97439 0.039379191363019934
97442 0.0012186310324541975
97689 0.005098415651192469
97928 0.0025826452798982462
98147 0.07254061566872091
98205 0.0022569951381643514
98236 0.042191990746092776
98271 0.007080162830679952
98272 0.0028457089422691617
98281 0.017015699971675277
98346 0.0017872990852815709
98362 0.002643825723960692
98521 0.01256782703075104
98702 0.010967679292087777
98758 0.03864313171137469
99109 0.020368547256734447
99373 0.006293478071715513
99536 0.013468453072042646
99687 0.02223018867267254
99694 0.014927130300061707
99740 0.08945746150294748
99913 0.017015699971675277
99949 0.021762184700616274
100319 0.005766827187053127
100348 0.022471821158245066
100363 0.008853993775411333
100408 0.008269630186234184
100563 0.014307318661304818
100749 0.019783804273287523
100971 0.00710449328714277
100995 0.0067123621641511245
101034 0.007759497285655387
101076 0.021095995373046388
101077 0.02911841614871192
101437 0.021862517404766524
101456 0.00998747607033114
101465 0.01544016684303542
101677 0.0038679280571722098
101758 0.01805596110531481
101996 0.026575229716464227
102541 0.0024151957319609183
102626 0.022594617995175367
102807 0.014927130300061707
102815 0.0007979187752059229
102867 0.0014841403780032636
103243 0.032967412564724984
103383 0.043070990553303046
103545 0.01062934471238327
103559 0.04398739460762864
103654 0.0397578374338182
103809 0.005054786177404759
103860 0.014610654039283012
104245 0.007410062890890847
104389 0.00663694236455392
104644 0.03417202556295118
104856 0.004572730579391191
104857 0.004578975739886038
104859 0.009660782927843673
104898 0.005469332133752767
104944 0.0003018774252111479
104957 0.013828813020458504
105014 0.0038571036316390785
105236 0.016278799579201152
105467 0.0045041558748552205
105965 0.004864488344843637
106287 0.004963763617187386
106312 0.014991114597533004
106475 0.011847607716667886
106717 0.009706138716237307
106735 0.00046699967168704453
106789 0.01006037735551604
106879 0.027750436866557666
106931 0.0011922429354645628
106933 0.018278983073232148
106990 0.007743099425312907
107217 0.0551308679082279
107240 0.0033158100185381656
107485 0.04494364231649013
107510 0.009168104419328365
108019 0.013210271862993905
108103 0.07128991539857056
108212 0.013468453072042646
108454 0.03040305215527274
108478 0.003741914111418183
108532 0.01805596110531481
108545 0.004802340410124381
108592 0.01241686214149277
108632 0.0031708704701818194
108707 0.03828532493626937
108901 0.03180626994705456
108954 0.017300481561159382
109175 0.006914406510229252
109355 0.010938664267505534
109371 0.04981704931466377
109491 0.003321086583039807
109527 0.03040305215527274
109953 0.03935481417030231
110322 0.036591284009885774
110524 0.012305997300943727
110726 0.007436717793376066
110860 0.008543006390737795
110945 0.061541657913375215
110972 0.011915893640106893
111085 0.020469381649094516
111159 0.12501518780442702
111247 0.04494364231649013
111303 0.046458596551877444
111370 0.032997432393007786
111387 0.04010014598673618
111396 0.032163938869748984
111552 0.04922398920377491
111575 0.014927130300061707
111594 0.00554264757790495
111914 0.028127993830728518
111942 0.015964537039062133
112105 0.019689595681509967
112168 0.014662464869209546
112469 0.001758333083239292
112472 0.016808191435435337
112575 0.0034726441056785284
112700 0.016214961149478794
112728 0.006361253989410912
112759 0.01905444743371932
112760 0.0014783035727983884
112761 0.006770648469098562
112768 0.012881043903791564
112865 0.0021750736944329786
112918 0.011746633787264467
112920 0.007728626342274939
112955 0.0074319007611973594
112957 0.0017344023041598541
113037 0.006332029239076711
113058 0.00575078594313921
113190 0.004922398920377492
113502 0.00993945935845455
113635 0.009127627137123824
113673 0.006734226536021323
113696 0.012054854498883652
113761 0.005602730478478445
113828 0.016623321390394456
114013 0.017899632437736332
114119 0.008797478921525728
114178 0.014873435586752132
114320 0.02142391239957043
114536 0.0013424724328302247
114780 0.0033534591185053466
114992 0.011235910579122533
115026 0.017768656134639373
115127 0.002083030273610626
115155 0.016407996401258302
115311 0.0072668103569720425
115595 0.037934083423092596
115661 0.021841180698146712
115734 0.016343142660541866
115761 0.02333485392199374
115785 0.00998694795584581
115797 0.013646254432729679
115825 0.004293681301263855
115854 0.05110109866458331
116063 0.001052651500284392
116163 0.009683407712218015
116306 0.005168518866396366
116322 0.014407021230373145
116394 0.07383598380566236
116400 0.008187752659637807
116425 0.003513011973761336
116430 0.025059485412830863
116522 0.005988751511589318
116539 0.013424724328302249
116583 0.00631269479865205
116618 0.011328260529087924
116709 0.022471821158245066
116765 0.011297308997587683
116850 0.00856069377456955
116883 0.004245190034001122
116922 0.0040631749953847435
117042 0.06460648582995457
117083 0.007816285620259154
117161 0.016151621457488642
117246 0.006542428944805526
117271 0.017070736922108535
117299 0.021762184700616274
117333 0.0011914559612502958
117405 0.006563198560503321
117482 0.002771323788952475
117537 0.0010835469321585673
117594 0.018541771718013866
117641 0.009405992317424913
117657 0.03205283017920227
117668 0.004343293165038962
117682 0.0004157264320447509
117746 0.00403396594450448
117774 0.0014155477894957523
117785 0.0019774342865218042
117803 0.019596280062166314
117826 0.005520447387339242
117879 0.0009830753906602692
117903 0.0031757412389532198
117918 0.016088774681389466
117947 0.0004910123611349119
117953 0.029324929738419093
117965 0.02418020522290697
117979 0.004245190034001122
118000 0.08988728463298026
118053 0.020674075465585463
118078 0.00235322706455392
118241 0.014457395430479345
118246 0.002420851928054504
118257 0.0007087315769435021
118456 0.010711956199785214
118608 0.03691799190283118
118943 0.025682081323708646
119055 0.004950013557208161
119056 0.003604895460433385
119249 0.017300481561159382
119309 0.017446477186148068
119443 0.004408118436158947
119671 0.014016322349549465
119791 0.023029113542920768
119887 0.015842203421904566
120123 0.02448358794287527
120230 0.01566217838301929
120265 0.0051428048421854385
120636 0.0031684406843809137
120648 0.0026037878420132822
120672 0.002529209001823668
120679 0.04820763203214392
120719 0.0030810842720693683
120944 0.00663694236455392
121092 0.01520152607763637
121215 0.0016369022538072415
121330 0.0023573632229857994
121354 0.0024293860711616286
121381 0.031563473993260246
121399 0.05104709991502583
121454 0.0027787735840840676
121512 0.010209419983005166
121675 0.0014447292428780895
121782 0.0011919328605122781
121848 0.008286202591417019
121920 0.006532093354055438
122064 0.006027427249441826
122087 0.014464567183983291
122142 0.008490580984134938
122143 0.01845899595141559
122177 0.013210271862993905
122201 0.005253894654532519
122774 0.0007953096928480655
122855 0.016407996401258302
123290 0.03040305215527274
123574 0.0029768287207466468
123635 0.08269630186234185
123667 0.025672703449070727
123747 0.022111310658380172
123785 0.07128991539857056
123833 0.006996303034039073
124140 0.008760201468468416
124141 0.0017554873084737821
124276 0.060352159629723394
124455 0.009208942300928936
124533 0.0029513312584704444
124574 0.008949816218868166
124645 0.011055655329190086
124667 0.026336401866987852
125278 0.013556770797105221
125283 0.004594238992352325
125858 0.11485597480880812
126105 0.015603075823083368
126134 0.002756543395411395
126250 0.009728976689687275
126375 0.026505224955878797
126579 0.008949816218868166
127123 0.0020459253305873787
127238 0.00734189546858409
127261 0.021877328535011068
127490 0.025366963761454555
127544 0.021877657865774728
127576 0.0007979187752059229
127687 0.06250759390221351
127688 0.025366963761454555
127969 0.020988909102117217
128160 0.003557342742402395
128211 0.00028131468073432954
128299 0.08438398149218555
128382 0.0019185078633052175
128393 0.007031998457682129
128416 0.018295642004942887
128586 0.03256209542812983
128728 0.013646254432729679
128814 0.0075197105446271895
129091 0.005397930930962262
129246 0.002690185486738512
129528 0.007816285620259154
129734 0.032557599158402305
129849 0.0015020061182252548
129934 0.007586816684618519
130049 0.005336014113603593
130204 0.047526610265713705
130321 0.021877328535011068
130988 0.008668375457268538
131014 0.005734833693643679
131031 0.0025212287153153004
131032 0.0058566786021488565
131056 0.006996303034039073
131076 0.005758795394313499
131236 0.00473670535659534
