17 0.0069682078005932945
164 0.0037893151584088873
203 0.030071356658175338
251 0.0090764046926999
526 0.0010025572642322676
936 0.000626207538427482
1106 0.02743094485404287
1186 0.009040745490480367
1219 0.03793286264000875
1271 0.006621104674994573
1779 0.0007685313236406708
1786 0.004007204815584612
1859 0.0033977907523134675
1910 0.006456192531663362
2023 0.009563509685508143
2054 0.005121650630791929
2163 0.006758826556585083
2230 0.0017971696053303895
2382 0.012693778092728642
2396 0.00845348979974141
2576 0.002136528759528415
2785 0.005080655561708749
2798 0.001717575960622721
2807 0.001982843333948797
2876 0.006085869799868819
3019 0.0014044314922774196
3086 0.05020842584891775
3185 0.0019127019371016287
3349 0.0020530645107991194
3359 0.0019662040891883876
3508 0.0037872508045513906
3537 0.0027797052373103254
3960 0.013749006589434691
4393 0.006276053231114719
4528 0.01067048139483641
4541 0.0022069637735788027
4658 0.008800224874927681
4789 0.0033643634355626137
4798 0.018744478983595964
4942 0.005938060924053631
5063 0.015448746415051617
5147 0.0070645021294959654
5230 0.00803334813582684
5348 0.007927684032175017
5577 0.023236957417680944
5654 0.003508012286387267
5693 0.0040778416933131174
5702 0.05900609090948341
5735 0.006118981169835461
5992 0.0013566571037584533
6328 0.008897695720061374
6378 0.004240832349229856
6412 0.018620343361188042
6443 0.0053519665669714426
6463 0.0027687561275621807
6485 0.00767808599993278
6494 0.012304909617240237
6594 0.0050253294862187565
6810 0.01028201784302613
6924 0.0028749200895085833
7207 0.01730259598485781
7356 0.008010461104100839
7402 0.00384896899047145
7574 0.0023858055558246874
7587 0.014093593220748843
7611 0.000770110065061461
7720 0.02352863470744263
7786 0.006276053231114719
7903 0.004729473250697046
7982 0.015685582409624706
8044 0.004495078892948672
8243 0.037995565507289115
8568 0.0049002308402687576
8631 0.006450642630516393
9071 0.004655085840297011
9234 0.02082719887066218
9339 0.0006215012925595478
9503 0.01073157193717326
9710 0.027701200468368416
9841 0.014164593690374781
9964 0.0010133976743699384
10078 0.014455896388377347
10188 0.004256883947826486
10220 0.003525607332337799
10534 0.005770393044025573
10684 0.020982625727905928
10761 0.03387556442818548
11140 0.015364327035734395
11167 0.00254780533118603
11237 0.09148231148757119
11241 0.010172167225045083
11324 0.010711130847769122
11364 0.04534954592805474
11411 0.008507327829166095
11837 0.0061794985660206464
11873 0.03327422304780348
11877 0.022142205866609758
11908 0.007091227862646644
12257 0.0016675453132537351
12780 0.011476211622609773
13088 0.006734543347399747
13097 0.0015598734244323962
13381 0.032275079737770156
13398 0.08539105805648871
13576 0.04957353456954681
13582 0.019870472420773104
13893 0.0076197069039007975
14024 0.006766959921875798
14242 0.005211625296643919
14334 0.01746380029527574
14457 0.010579053914046885
14768 0.018317080439996053
15479 0.0020031871497248467
15484 0.022859120711702395
15692 0.004400155921661701
15759 0.005906873629284441
15985 0.006332594251214852
16000 0.00640471947047698
16412 0.003146806768370895
16606 0.0008351913998334751
16884 0.0040138070628685145
17004 0.0014162053432459016
17060 0.05615547546765699
17114 0.0016121882762153937
17122 0.017217266767888238
17442 0.0200833703395671
17602 0.008827855094315211
17627 0.009033347744442312
17656 0.006493468470067885
17691 0.007274700769830257
17695 0.012041421188605543
17699 0.05784910873478766
17701 0.0040080853136698425
17742 0.015331962194270847
17817 0.052067997176655445
19049 0.02869052905652443
19281 0.0030802809843552886
19464 0.0040052305520504195
19499 0.0020865839313835947
19867 0.011069574202911001
19909 0.012093212247481265
20278 0.004086732336539817
20788 0.007438285310950778
21408 0.003899683561080991
22097 0.010650272149770433
22585 0.0019120515794215534
22671 0.07323960402032459
22770 0.010570194915561631
22773 0.03138621856887416
22890 0.036903676444349595
22923 0.017795391440122748
23141 0.00041775081309551956
23424 0.004524009408752042
23479 0.006841050723940132
23851 0.010168795108641571
24112 0.031770303362027054
25393 0.050376447209747065
25487 0.006103300335027049
25804 0.007145290590951447
26036 0.027701200468368416
26069 0.09528419631549256
26412 0.0068998082148206
27820 0.018632384584426998
27825 0.018345180197769165
28342 0.062320708255534436
28890 0.010394350637853583
30094 0.14402773403174393
30221 0.007488082602726321
30384 0.015707663952734048
30700 0.02205232821599525
31253 0.006346889046364321
31580 0.010474310805987014
31672 0.008351884668984382
31761 0.008559122823559799
31958 0.004452370304892152
32131 0.016588034498757488
32514 0.012361435440519753
32868 0.0023479514384462585
32885 0.010902381746908075
32920 0.005623343695078788
33171 0.0015185913300239775
33230 0.01391916756207621
35022 0.0022952423245219547
35056 0.010630139310167843
35306 0.034711998117770294
36120 0.008418179184249685
36461 0.005211625296643919
37114 0.012093212247481265
37201 0.00803897696314488
37212 0.0028400725732721155
40250 0.006686496664778583
42924 0.200833703395671
46323 0.018023537484226887
46406 0.015707663952734048
47135 0.008624760268525749
47419 0.01835337197806638
47517 0.03039645240583129
47642 0.020044523205562517
48250 0.009825746669393391
48267 0.011201879870674877
48427 0.020750345738298114
48959 0.002462790616306828
49318 0.009848237644621345
49521 0.0013553491672882113
49977 0.017739254558608166
50554 0.011546906971414351
50655 0.00758885788809553
50961 0.041965251455811856
51441 0.07029179618848486
51442 0.02756541026999406
52572 0.00771377735950451
52678 0.008671355667251544
53101 0.0035322510647479827
53135 0.042280779662246526
53517 0.02171175171845092
53660 0.004908176060792101
53761 0.05809070714374721
54558 0.03825403874203257
54824 0.005830464496412857
55652 0.008102800713370011
55928 0.0038648410275455595
55985 0.018066695488884624
56055 0.02453904258412937
56810 0.00522615585044497
56880 0.004215400071273454
57120 0.011666688164063877
57151 0.006284586483592208
57188 0.0010489355894569648
57369 0.0071181565760490995
57613 0.020523152171820394
57617 0.0033492219744364437
57804 0.010005949635371509
57813 0.05877252174470491
58161 0.0017672356049901912
58179 0.0045796770190679155
58960 0.005079804602600531
59007 0.012224660206693019
59320 0.007418659228336132
60091 0.016205601426740022
60464 0.0037740561711938174
60466 0.005154302195305947
60469 0.00840559595676949
60483 0.07800341521517572
60534 0.0025925973697919725
61774 0.009055303856809643
62020 0.010983093154450759
62182 0.05118897055183977
62408 0.003125816395263362
62605 0.004505884371056722
62623 0.002296179540661
62766 0.037240686722376085
63164 0.008883639328718464
63189 0.013388913559711403
63370 0.0009287107671476116
63595 0.00398635322808635
63820 0.0015045356374263487
64797 0.012154849049099277
65037 0.03950684034291368
65289 0.01762803666168899
65491 0.012552106462229437
65973 0.030812778390427818
66154 0.028713426233325262
66171 0.005728729556343078
66468 0.036051948978922145
66478 0.0022592783025627916
66835 0.08727714887725521
66964 0.004632078826259298
67021 0.026108889782957265
67101 0.007037064687836065
67292 0.037240686722376085
67527 0.01959353203860205
67765 0.04292628774869304
68045 0.008185362001570289
68242 0.02594318398540108
68913 0.005270237764834853
69035 0.03387556442818548
69332 0.06611908696279303
69530 0.023451104735571913
71194 0.010224261263779616
71546 0.004042897629974882
71983 0.008343239903677729
72080 0.0037488957967191923
72343 0.006994208575968643
72694 0.015685582409624706
72914 0.014308762582897682
72972 0.0050615154771186215
72974 0.011360290293088462
73314 0.007136222963297955
73658 0.0038915873322344554
74576 0.015280825258366272
74910 0.026669883816924922
74938 0.0026918830517370937
75002 0.005824885578428768
75152 0.004429886704916172
75202 0.021737782015164832
75726 0.002090462340177988
75775 0.013749006589434691
76110 0.014236313152098199
76305 0.013953706439401461
76466 0.0067621793484674685
76652 0.0018992915465075196
76835 0.0024696283245844485
77610 0.008368070974819626
77703 0.0401667406791342
78131 0.02729778492756693
78822 0.021381534962276762
79918 0.000437030594080703
80489 0.0006681038890353095
81328 0.006426678508661473
81336 0.0008307495486894355
81364 0.007172632264131108
81875 0.015532053054881234
82626 0.014720795013295259
82855 0.00430577618306186
82994 0.022952423245219546
83095 0.008126219212541601
83154 0.0014485240411748358
83417 0.007379716135274001
83753 0.01394018817370746
83767 0.01152681419206077
83773 0.008554491035617427
83827 0.024343479199475274
84415 0.011964561053359125
84484 0.01004168516978355
84538 0.006339733590844181
84608 0.0020811782735302695
85481 0.03159181851167859
85684 0.07399136440893142
85925 0.042331083123676984
86099 0.009352798155837129
86621 0.00044620622938617476
86746 0.005491546577225379
87554 0.051987745294699045
88364 0.033078492323992875
88879 0.003069510750588858
89327 0.005827299165884755
89663 0.014447873327226399
89697 0.029067039856888383
89959 0.018870280855969087
90823 0.16364577256348298
91169 0.006503516750438658
91224 0.006654844609560696
91278 0.005857649682373738
91458 0.004924118822310673
91577 0.0008350673737865738
91579 0.003561019366897008
92217 0.009779728165354416
92284 0.026972092132130865
92509 0.01252415076854964
93343 0.010994397832150341
93443 0.02352863470744263
93643 0.0024343479199475273
93825 0.005791291138083201
94465 0.009024178446674918
94565 0.031220153920361596
94566 0.06989038203232086
95641 0.004462971186570467
95857 0.0047695875276325605
96195 0.013816569275377858
96244 0.006361248523844784
96449 0.03428868106755359
96508 0.005401867142246675
96513 0.04847710081964473
96779 0.018933817155147435
96842 0.018437192442881275
98071 0.03022586832584824
98077 0.006118981169835461
98211 0.041348115404991094
98565 0.007724373207525809
98754 0.19430915352331013
99073 0.037995565507289115
99841 0.012441025874068116
100973 0.01683635836849937
101326 0.23008146198553903
101522 0.0067996900786926094
101539 0.01193247541142233
101783 0.04292628774869304
101817 0.05355565423884561
102164 0.029753141243803113
102517 0.0032448607588452328
103090 0.10224261263779615
103218 0.008925942373140934
103526 0.022403759741349755
103632 0.003913252397410431
103799 0.03213339254330736
105109 0.04338683155109074
105361 0.02883765997476302
105402 0.010095769650051685
105470 0.0037439039248194335
105833 0.022226654921260032
106000 0.08269623080998219
106028 0.027758450503330017
106031 0.0005706660944873949
106078 0.010814122490536131
106376 0.006311272385049146
106748 0.011429560355851198
106816 0.02652520610886221
106837 0.022952423245219546
106966 0.04165439774132436
107063 0.006419342117669849
107480 0.004950126492146821
107796 0.019870472420773104
108966 0.05680145146544231
109396 0.014308762582897682
109421 0.003833226786011444
109985 0.019800505968587283
110895 0.0095798018655516
110917 0.036047074968453774
111580 0.014058359237696971
111979 0.0027324313387166125
112188 0.019127019371016286
112503 0.04621916758564173
112610 0.02171175171845092
112837 0.018668918671847442
112930 0.02743094485404287
113276 0.044516087860588714
113278 0.007821062162835589
113420 0.002230600434382701
113595 0.004601754251291971
114404 0.0029334082916425606
114552 0.00039040153395437303
114594 0.0008042189815560602
115322 0.0026726918702845953
115499 0.009450997806855108
115813 0.008572170266888397
115837 0.02756541026999406
115880 0.0022448477824665823
115960 0.004207312648096419
116527 0.023046490553601594
116762 0.006434031687733168
117414 0.01649074397383809
117490 0.012838684235339699
117936 0.022226654921260032
118385 0.003173716174214065
118485 0.0012690913326740664
118618 0.0018709272003619955
118670 0.03387556442818548
118819 0.020227855018269025
118884 0.02689589978147513
119041 0.010994397832150341
119495 0.002227949166037555
119640 0.07195864745058952
119879 0.21628244981072264
120544 0.03288505084841396
121216 0.0010207557987073495
121598 0.005556663730315008
121833 0.06952825570054716
122206 0.0019428048863769515
122374 0.06178648262773132
122621 0.0013599697932641331
122735 0.0050190556260633614
122756 0.04359181158975805
123320 0.013340071766963633
123377 0.007284123957355944
123766 0.02594318398540108
123867 0.09067760497754473
123928 0.020227855018269025
124605 0.018853759450776626
124610 0.016346929346159268
125121 0.05930260392912906
125343 0.00771377735950451
125588 0.014558331074376448
125831 0.020750345738298114
127252 0.005401867142246675
127259 0.014381953184344728
127563 0.01427244592659591
128947 0.03241293079759808
129155 0.015364327035734395
129526 0.019550612982838184
129536 0.008481664698459712
129620 0.11201351203108466
129705 0.025914026244602713
129780 0.05950717826651373
129859 0.1368270875435424
131169 0.007987704112327824
131367 0.006361248523844784
131407 0.012171739599737637
