24 0.006231371337109795
27 0.03983805285399891
28 0.001511027584260531
60 0.0012631419292662117
89 0.020821281979441938
118 0.007083957212928613
119 0.004359609172045548
121 0.02174329949453872
167 0.006746131108090772
202 0.000930921514784485
208 0.002177546847626317
211 0.006136418850211327
221 0.005941112395658991
228 0.0157495526715111
232 0.00691762120102283
262 0.007612366787388326
267 0.010242040387608446
268 0.014295069448488405
269 0.004564985253167144
290 0.009122691711367084
291 0.020695693179919542
293 0.0038264677027205164
324 0.0028684752288319184
331 0.03078369265717589
363 0.00801723960277034
392 0.01465808196498134
393 0.004709827417590805
417 0.001760042922970133
420 0.00598671488350169
428 0.01306835422893824
448 0.03671067019855109
463 0.05271955525832136
486 0.046503563642800276
526 0.0015118357644624888
564 0.01832959129128217
565 0.015530707288917131
566 0.006452179938141138
608 0.15176841665274332
629 0.006505225779335087
681 0.021538117047606383
699 0.008945670551047658
820 0.006315998255338731
833 0.005426173076425275
834 0.007825558983657077
876 0.04317549784086663
892 0.028456578122389373
965 0.004114452597219845
1002 0.005299849470413259
1009 0.004095141250646386
1024 0.00656403374775954
1032 0.0011930060217881402
1033 0.0016297942562774257
1042 0.001221858506982441
1053 0.005190008030611947
1056 0.0026782661762248822
1074 0.0009226893422145412
1088 0.0051739232949798855
1092 0.04018903698042702
1109 0.003423347744046842
1126 0.008664978805433442
1130 0.0025950040153059736
1173 0.034879839064943914
1177 0.015457894288705337
1214 0.003423347744046842
1225 0.012489670198355434
1286 0.00139586614039014
1354 0.0012082889624946995
1401 0.010911454792027299
1477 0.0017335956211632156
1492 0.001825203261494362
1498 0.0017035230440614045
1504 0.003123346888718269
1766 0.013753067728653248
1779 0.0006844824039279116
1871 0.015196929754247492
1874 0.013208546421916044
1922 0.016892204786593826
1952 0.0022641761978031325
1966 0.004988404133008495
2054 0.0026941139050782833
2094 0.005717303367055398
2181 0.013950857241059971
2260 0.001131065435758927
2340 0.007924616692310964
2440 0.001882841259225763
2539 0.020388453339600918
2577 0.0015924825912688487
2648 0.0014350595270889769
2713 0.046323317272091755
2753 0.0013022251038846931
2781 0.0013997646030018249
2783 0.0018576994619957455
2790 0.002886278693965317
2797 0.0016983240927570464
2808 0.0014550719783673822
2931 0.015115662750214082
3030 0.005299849470413259
3032 0.0027730172671256055
3083 0.001567070635025197
3113 0.0015515358579741418
3120 0.0016523780104059813
3140 0.0016622495020048222
3151 0.001630855665757255
3175 0.0016994766710351306
3182 0.001510816817357626
3187 0.001734195896655308
3188 0.001606272530320888
3234 0.001753626663004387
3258 0.0016834815964842115
3267 0.0012898165721196317
3272 0.0017052631084577899
3286 0.0015754506918969893
3287 0.003967761841914653
3291 0.05335330517376607
3318 0.0017012084747080602
3320 0.001711673872023421
3326 0.0017893382456379168
3327 0.0015665804659182139
3334 0.0015500952490066634
3338 0.0031279552943084105
3339 0.0018278677918031128
3346 0.0016415462961456996
3358 0.001618732304311742
3372 0.0017029438114724684
3375 0.001996952850693991
3376 0.0019449933007924388
3400 0.001853574296647124
3962 0.003668366962822296
4144 0.0035719826465333195
4590 0.0035903842282099417
4591 0.020987442282320447
4747 0.006927189141826459
5041 0.027219335595328964
5326 0.005652773983680056
5349 0.014147903247289631
5523 0.012679386707697544
5814 0.016694525831801765
5827 0.013204272762854165
5933 0.01124653422131313
6034 0.01236631543096427
6035 0.011356820293742697
6142 0.005962330654214917
6191 0.002518028028929376
7110 0.004607504829384112
7129 0.15651117967314154
7253 0.009612970728484702
7447 0.03527012499676429
7513 0.012417830039878616
7586 0.006513033164141511
7601 0.002497934039671087
7630 0.009293192855200633
7752 0.040965636728841064
7848 0.010547122889141915
7952 0.014929378174067079
8087 0.055676120469702925
8135 0.047639813499270225
8267 0.022932969625956482
8287 0.05163255411897453
8357 0.014601626091954896
8460 0.012275386641030709
8598 0.014644320905089266
8623 0.02467171305192379
8701 0.020528517810999833
8702 0.009539729046743866
8917 0.002402090047741261
9054 0.03358271602237897
9180 0.009687345743792127
9298 0.03768838579053378
9320 0.0031074924223088067
9501 0.014029013304035096
9601 0.019693141088114766
9886 0.020781567425479375
9959 0.028456578122389373
10056 0.02388772981643617
10146 0.0018327116162566548
10747 0.016020664686594736
10834 0.0052046987617220975
10836 0.07240819206351756
11074 0.004742763020398229
11143 0.027518449173299615
11250 0.007004696153203538
11563 0.08147752805606137
11567 0.07332156966993664
11629 0.006244835099177717
11657 0.0004865790099621616
11812 0.012552275061505086
11813 0.017270199136346653
11880 0.03159351589822543
12053 0.011128931178534947
12102 0.006496045191119849
12187 0.013499616575580943
12429 0.018971052081592915
12642 0.03140698815877815
12936 0.030104322055918568
13600 0.03590384228209942
13977 0.0017099207065689756
14245 0.007813350623308159
14532 0.007752875773282554
14754 0.04510987604820564
14826 0.011932716336724034
14910 0.032641618382707814
14918 0.02432641152922593
14952 0.030353683330548664
14957 0.028651906091314516
14958 0.016275819584482713
14959 0.019525824408343
14960 0.03366344965056405
14962 0.018278677918031127
15031 0.05888538104376073
15047 0.004715967749096543
15131 0.004351309947472223
15231 0.03094849198127774
15270 0.11260425307026486
15271 0.12892329637611252
15278 0.11591701817704793
15280 0.10563660896937836
15281 0.1282764236014815
15317 0.017511740383008845
15318 0.012552275061505086
15342 0.006870175239424594
15361 0.010971399915690934
15367 0.053060691315358774
15573 0.04670078604598548
15574 0.06121537813542032
15577 0.1418670377353007
15579 0.14123363810668166
15582 0.03240304818897587
15594 0.01481762647793056
15621 0.022160874997966942
15679 0.11596199180097173
15714 0.04769864523371933
15761 0.12317572683787152
15764 0.04173631457950441
15837 0.007801180295234469
16039 0.010543911051664271
16096 0.01003678907723553
16110 0.016313868891011496
16407 0.00640454955184211
16412 0.004745319979222217
16423 0.027229536578321025
16424 0.005927050591172225
16455 0.0064037204533295465
16456 0.02501441534769941
16458 0.008291983029040611
16459 0.008494611283451692
16879 0.014268825497266466
16942 0.00423003188305788
16964 0.006371064464966266
16980 0.00363817834283095
17004 0.001261324825653741
17214 0.03686907305595696
17215 0.03837052851977421
17240 0.05110569132184213
17358 0.0921726826398924
17359 0.03294972203645085
17376 0.005100903054289233
17687 0.027824209719669608
17756 0.014799104368010647
17786 0.022765262497911495
17791 0.0413575904768487
17827 0.10216731087795301
17850 0.0026443282732526554
17852 0.017311183231268432
17854 0.04553052499582299
17870 0.011280085021487678
17881 0.006031980229750425
17984 0.1228969101865232
18029 0.002585626096820098
18032 0.012711567892234845
18711 0.007717038134885254
18768 0.0871889293914346
18850 0.02965341572022833
19217 0.00965001493167732
19461 0.05975707928099836
19462 0.046821182716149996
19515 0.007253966469521044
19651 0.006512818920078712
19814 0.02073321956691956
19856 0.025088422493698522
19884 0.06566712008900918
19886 0.02019499092556665
19889 0.03384025506446304
19892 0.014861595695965964
19936 0.07258489492087723
19959 0.016152165338800192
19962 0.12114124004100144
20304 0.022652157584551542
20322 0.002770029374880074
20524 0.009257592882699684
20581 0.024508343360896245
20621 0.01284194294753982
20626 0.013463327283711102
20633 0.015505751546565107
20652 0.014350595270889768
20670 0.014029013304035096
20675 0.023049563857964726
20676 0.023686834644888546
20685 0.0658994440729017
20691 0.027219335595328964
20775 0.01215620812995274
20831 0.01979588043296652
20839 0.0439329627152678
20881 0.028136841289553537
20889 0.037375804101048724
20895 0.02707220405157043
20907 0.016208277506603655
20911 0.0177601338636189
20920 0.008183591094020472
20926 0.009088839017009753
21056 0.037375804101048724
21082 0.006616060435324345
21099 0.05850263670527818
21104 0.014147903247289631
21211 0.01361137528550578
21213 0.012986044108530017
21216 0.02196861866028523
21217 0.02191185220379871
21218 0.031374928714125117
21268 0.021799194865989975
21272 0.009538680318189089
21275 0.00783780555483651
21278 0.017684707159247887
21279 0.011157750657358722
21292 0.005147335816588417
21302 0.08943495981322373
21316 0.011784371175389479
21317 0.011129683887867843
21318 0.011620319604502388
21322 0.011647343603582626
21349 0.010221138264368428
21356 0.01203932151331858
21374 0.023672525043315126
21378 0.01065608031817134
21385 0.009139338959015563
21389 0.004765326117545699
21390 0.006468258430869641
21394 0.03623883249089787
21398 0.01203932151331858
21401 0.00974388667225784
21404 0.01218578527868742
21407 0.010543911051664271
21417 0.011105006096542193
21427 0.010369270702982464
21436 0.009378947096517846
21450 0.010138376011215646
21451 0.005927050591172225
21459 0.008769272805449948
21460 0.014016341822925785
21465 0.006546872875216378
21481 0.006339693353848772
21486 0.008387622950415528
21567 0.012552275061505086
21647 0.008417407982421058
21648 0.010531664448128171
21656 0.01495032164041949
21657 0.008959495079678944
21658 0.013546145052508148
21699 0.01063345594382278
21700 0.0209379921058521
21742 0.011868146325925425
21743 0.006487510038264935
21745 0.0033433629836719155
21774 0.008532125638058824
21846 0.016313868891011496
21858 0.012245373470759241
21860 0.0048203635702988735
21881 0.006130180843990855
21930 0.006946404645687281
21987 0.006412749999411689
21999 0.006985157251799901
22319 0.00889583969723007
22371 0.0005866648412253168
22377 0.015553906054473692
22379 0.01889946320581332
22462 0.020610525718273785
22496 0.0081969848601318
22504 0.008381659584714447
22583 0.014147903247289631
22600 0.0009882316001461186
22639 0.017093371158841398
22698 0.0056176382251373145
22703 0.0132291525785805
22755 0.016725614995799016
22952 0.008769272805449948
23025 0.004565503873783527
23046 0.020482818364420532
23197 0.00791209755061695
23276 0.0069754286205299856
23279 0.017035230440614044
23487 0.008013372399264848
23597 0.01801567535805946
23796 0.008833082450688763
23864 0.01880240976246142
24317 0.030170829816509214
24355 0.002820986960369295
24554 0.013901453775196885
24658 0.02542313578446969
24736 0.006260447186925662
24739 0.04445237615878976
24902 0.025853313423384452
24921 0.0007174269803094871
25006 0.06344174073147664
25010 0.17270199136346653
25045 0.012679386707697544
25073 0.03299566849365798
25338 0.005969437126985136
25664 0.004663275372011666
26048 0.04135938205187454
26689 0.038824478678608755
26805 0.019446634454188434
26829 0.004142592478197411
26915 0.07437303283277386
26955 0.008774901509691388
27116 0.009767562474352906
27564 0.0025513793935509573
27991 0.01297502007652987
28044 0.016060391672102464
28442 0.004886202682478565
28993 0.0029811653271074583
29353 0.016692690556830907
30217 0.04208703991210529
30262 0.022259367775735686
30269 0.029811653271074576
30903 0.005665563065091097
31044 0.031900367831468344
31047 0.16422814248799866
31052 0.05756733045448884
31172 0.06448221545541052
31476 0.04637368286611601
31482 0.11777620559541806
31531 0.06339693353848772
31544 0.08488741948373779
31701 0.017270199136346653
31747 0.019185264259887105
31908 0.00688907530885905
32123 0.07154796785057899
32161 0.06931967311222208
32181 0.014559179504478282
33297 0.038720944305342925
33327 0.0017081711287655285
33730 0.027518449173299615
34210 0.010326510823794906
34681 0.006026927365223952
34695 0.033167932116162445
34698 0.02542313578446969
34699 0.04071835568732138
35020 0.02329468720716525
35118 0.0017468984128149736
35337 0.003048126097365241
35377 0.0023133292145683737
35398 0.03361313925866127
35445 0.023330705980371323
35672 0.09820309312824567
35794 0.0029858756348134156
35890 0.053280401590856695
36221 0.03852582884261946
36408 0.008968089692177402
36526 0.022072983416899394
36928 0.010935278929127793
37096 0.007789047821991492
37201 0.013632191210724337
44696 0.03996635654643482
46671 0.030104322055918568
47329 0.007377417195184983
47463 0.013499616575580943
47498 0.018439651086371783
47590 0.08488538731364259
47597 0.12162152679421882
47601 0.03542664709938783
47829 0.010077178570504084
47926 0.015008649208619647
47930 0.009343951025262181
47966 0.013950857241059971
48058 0.012396925122625073
48149 0.020780523837283484
48157 0.013338326293441517
48159 0.007752875773282554
48239 0.07258489492087723
48242 0.02177546847626317
48310 0.004313830964289862
48318 0.020610525718273785
48323 0.1304597969672323
48388 0.03275438243279245
48415 0.01709654597352843
48441 0.02767048480409132
48478 0.05058947221758111
48544 0.012986044108530017
48670 0.23303550287602473
48911 0.007866314288376718
48935 0.024159221660598574
49226 0.020610525718273785
49500 0.025774731923617327
49524 0.024437714129308646
50301 0.0022092447064581073
50562 0.0008096130229969543
50736 0.0031426284134103795
50784 0.006695665440562205
50917 0.04794355838844568
50918 0.02245900336116829
50935 0.011289582297778641
51069 0.0177601338636189
51414 0.0022469228412480393
51416 0.007920090030616085
51419 0.010610927435467224
51429 0.044717479906611866
51431 0.042443709741868896
51433 0.03210485736884955
51970 0.034236485730397115
51972 0.06566712008900918
51977 0.07365231984618426
52150 0.018760811510774557
52156 0.02542313578446969
52215 0.010455861690063734
52315 0.014309593570115799
53099 0.011647343603582626
53154 0.006456099782987416
53400 0.002526921165257583
53830 0.026085196612190255
53929 0.004565503873783527
53983 0.025167626882113214
54405 0.050475516683750596
54452 0.03040142746364862
54571 0.10221138264368426
54573 0.08488741948373779
54574 0.07154796785057899
54598 0.004934342610384758
55051 0.0355202677272378
55700 0.005023629622553378
56096 0.012679386707697544
56280 0.021870557858255587
56475 0.0027675870766547326
56822 0.01946407614672577
57185 0.03430382020233239
57224 0.008195855904197823
57390 0.030726121162825335
57588 0.23434148737646415
57943 0.017951103044948135
58770 0.16422814248799866
58771 0.1843453652797848
58870 0.005583453455452095
59016 0.006860764040466478
59161 0.003811535578036932
59610 0.006799509337122421
59680 0.010016715499081058
59736 0.02245900336116829
60562 0.009781948729571346
60859 0.00974388667225784
61260 0.004658937441433051
61516 0.01762970229286923
61807 0.00905003927734269
61974 0.008650013384353245
62004 0.005222479405151751
62250 0.0046838685914580725
62358 0.0015529791471443502
62449 0.019162754531794998
62516 0.01036660978345978
62612 0.004156313485095875
63370 0.0025471420164375294
63505 0.04254230031059578
63888 0.0072077048971525524
64126 0.055648419439339215
64147 0.0029084539776658125
64233 0.012245373470759241
64235 0.006512818920078712
64559 0.016639062290832323
64640 0.023819906749635113
64716 0.2504178874770265
64807 0.015085414908254607
64852 0.018828412592257628
64917 0.10434078644876102
65187 0.0041085789577855044
65216 0.007014506652017548
65412 0.05443867119065793
65443 0.01801567535805946
65841 0.015222971883101913
66123 0.015602360590468939
66356 0.08943495981322373
66381 0.013721528080932957
66512 0.0022239599243075174
66610 0.012775169687863332
66941 0.004111952175320632
67034 0.018158215851970236
67053 0.019563897459142693
67054 0.008864349999186777
67133 0.020730968676986025
67362 0.010242040387608446
67418 0.016367182188040945
67592 0.04862483251981096
67873 0.039127794918285386
67986 0.039128738295461644
68018 0.036394363960815884
68075 0.08547010672642472
68109 0.05888810279770903
68134 0.01600114296977805
68149 0.009732423335667486
68279 0.0286482662259125
68312 0.05888810279770903
68325 0.039625639265748136
68339 0.07365231984618426
68408 0.01716576275884636
68422 0.013270558376948512
68493 0.006543122533078781
68720 0.022560170042975357
68765 0.008091301862380227
68839 0.006956052429917402
68928 0.0767197161987731
68965 0.019717943895828857
69543 0.012108987464552898
69607 0.03577398392528949
70228 0.03682615992309213
70289 0.00610503009565882
70834 0.03802639821914843
70904 0.050777765286647306
70953 0.009396543620151087
71025 0.012396925122625073
71030 0.025774731923617327
71031 0.042990126943040094
71033 0.037375804101048724
71187 0.005255359653242948
71338 0.004255189251946075
71522 0.018972204186339197
71535 0.008278277271967817
71549 0.01887001996271439
71626 0.032521803568445
71631 0.013320100397714174
71678 0.013757331307895176
71789 0.015085414908254607
71816 0.022974118117158392
71830 0.027712048375392484
71843 0.04845649601640057
71919 0.022025680007454806
71920 0.005247454704746349
72051 0.030538766765491034
72322 0.001257359879804136
72324 0.010109118995532386
72397 0.15999786420509624
72607 0.07125955296529496
72665 0.011486995758723405
72673 0.2056195613611983
72710 0.01995361653203398
72716 0.03623883249089787
72720 0.01652923349683343
72935 0.009724966503962193
73034 0.017593126147033403
73350 0.04901668672179249
74199 0.00594662468644467
74277 0.0035419786064643066
74394 0.00602690463241941
74726 0.0029817308139665007
74741 0.021199717007175253
74806 0.022765262497911495
74838 0.004302712843247877
75281 0.008305734244677496
75295 0.011459306490365001
75336 0.017390131074793504
75337 0.13912104859834803
75873 0.012926656711692226
76831 0.01869670756893303
77451 0.0033083415546842666
77600 0.005715389406868904
77616 0.05718380792440034
77620 0.01771209114582386
78118 0.0033703618772143538
78223 0.029811653271074576
78247 0.0500835774954053
78566 0.009576209846157799
78799 0.03533286167862542
79557 0.009631457210654865
79558 0.017329957610866885
79563 0.013797128786613029
79579 0.012552275061505086
79666 0.03130223593462831
79918 0.0003892356009763197
80282 0.008725361932997437
80402 0.012711567892234845
80616 0.0015734708606787713
80927 0.08758834266026595
81336 0.0007398962549180867
81862 0.0012464802761424911
82359 0.010162518344233427
82369 0.00501337112066119
82371 0.026666310700849374
82391 0.044162189576604685
82428 0.01317988881458034
82429 0.012215506706196413
82438 0.012489670198355434
82441 0.04287064512924079
82467 0.010455861690063734
82468 0.008013372399264848
82469 0.028593356442773787
82473 0.027354473557645486
82476 0.0034804431893957813
82480 0.02052605635057594
82482 0.003146525715350687
82865 0.011784371175389479
82938 0.0116481961577886
83305 0.0500835774954053
83312 0.01045830957137504
83852 0.007728947144352669
84034 0.011812164503633324
84043 0.007634691691372758
84232 0.0016415462961456996
84533 0.03966264573295062
84765 0.028843152390714628
85178 0.01652923349683343
85569 0.016583966058081222
85665 0.019312334492488238
86605 0.05255300559615957
86611 0.011331126130182194
86613 0.014995083082456676
86675 0.025816277059487264
86688 0.004013107171106194
86690 0.050005924084517456
86721 0.04239943401435051
87030 0.02504178874770265
88189 0.008166745236388434
88257 0.011105006096542193
88507 0.02279539463137124
88762 0.009530634654066724
88960 0.09106104999164598
89118 0.038824478678608755
89728 0.028619187140231598
89744 0.07292969895960842
89859 0.13912104859834803
90017 0.00997680826601699
90025 0.019316370849362417
90054 0.010083099646694531
90154 0.01342350079084536
90325 0.009681697997193497
90384 0.03677358724984514
90385 0.012193272760129832
90398 0.03175987566618015
90431 0.007131064245757021
90492 0.023887005078507325
90529 0.010368356939192745
90573 0.00538533091348444
90649 0.00877120446504471
90653 0.022974118117158392
90695 0.034896653509753496
90857 0.004685956807504198
91152 0.023819906749635113
91453 0.06495334704456343
91508 0.00160833582194622
91786 0.00974388667225784
91863 0.01284194294753982
92638 0.020632327987518493
93531 0.0781124590645893
93753 0.013519701194796008
93982 0.002331637686005833
94508 0.003875558526644024
95199 0.009706119669652189
95426 0.028660469679135905
95428 0.02467171305192379
95633 0.012552275061505086
95902 0.01335562066544141
95999 0.022198656552015972
96239 0.013585237620253834
96287 0.00997680826601699
96312 0.01782333718697697
96470 0.05163255411897453
97002 0.014559179504478282
97020 0.01998213140538387
97059 0.00505894722175811
98122 0.04862483251981096
98145 0.014773916665311295
98723 0.14133144671450168
98761 0.015651117967314155
98890 0.010284102155114024
98955 0.014905826635537288
98959 0.011513466090897768
99033 0.03312455782371133
99139 0.029811653271074576
99305 0.033167932116162445
100021 0.028295806494579263
100032 0.04988168707570647
100072 0.060267802467937434
101314 0.06169177963811696
101454 0.037375804101048724
101770 0.0177601338636189
101839 0.029990166164913352
101971 0.09274736573223202
102548 0.0018660051227796309
102784 0.005671979331302978
103523 0.024793850245250146
104013 0.010390783712739687
104145 0.07247766498179574
104181 0.07588420832637166
104226 0.039435887791657714
104243 0.027283921901219598
104274 0.03338905166360353
104280 0.01098324067881695
104292 0.03175987566618015
104389 0.01361137528550578
104427 0.012647368054395277
104472 0.012828875647307262
104676 0.1510645706502198
104918 0.026499247352066293
105531 0.025388882643323653
106127 0.016367182188040945
106146 0.003107323855943606
106152 0.00363060487710947
106266 0.018549473146446407
106694 0.02762178111684072
106800 0.0314991053430222
107051 0.008333373959302046
107056 0.026085196612190255
108591 0.04958998130333392
108705 0.06424156668840986
109128 0.023942003720139528
109422 0.02431241625990548
110273 0.03670946667909134
110283 0.013249623676033146
110863 0.05637460309528147
111032 0.06501989348599099
111140 0.012012115564836475
111240 0.0004212243691791866
111720 0.0007611485941550957
111971 0.029118359008956565
111978 0.01834563278219974
111979 0.004120450341530662
112177 0.022662252260364387
112755 0.017635062498382145
112992 0.005621052468620123
113418 0.026011922708190496
113720 0.008264616748416715
114038 0.0067046288481131585
114482 0.23698525716205907
114600 0.0038378220302992564
114626 0.015316078744772262
114918 0.01801567535805946
115255 0.0647320841322291
115645 0.004022716699653748
115698 0.04237009143200449
115930 0.0029670702599265573
115960 0.002213149690473058
115976 0.05443867119065793
116156 0.009762880603392844
116180 0.07989788670035133
116237 0.030503189938381657
116706 0.015746265950197198
116722 0.02230204537659418
117632 0.05561275996035825
117676 0.02551116776512601
117677 0.06278371031689904
117696 0.017200581750243613
117850 0.010543911051664271
117854 0.009326550744023332
118046 0.07272596205831987
118168 0.017450723865994874
118525 0.012245373470759241
118976 0.002281711958788396
119050 0.031107812108947384
119071 0.0020954148961786117
119902 0.057686304781429255
120205 0.030030288912091186
120299 0.04221124947482697
121195 0.009431935498193086
121206 0.11306515737160133
121226 0.013110884161100863
121492 0.06339693353848772
121649 0.016863157405860366
121675 0.0017499502968345664
121851 0.026091959393446464
122125 0.011179369976652967
123443 0.19110183853148935
123501 0.015410331537047782
123835 0.014133144671450167
124141 0.0010132222839450797
124804 0.01481762647793056
125552 0.04239943401435051
126145 0.055788728966250666
126538 0.01801567535805946
126801 0.013572785229107126
127158 0.004958588322158173
127412 0.057296532451825
127415 0.10221138264368426
127868 0.011434606734110796
128766 0.0014563413054784907
128814 0.009108363912857251
128932 0.40380413347000477
129042 0.039127794918285386
129155 0.013684037567050627
129614 0.003432733207361569
129620 0.09976337415141294
131357 0.027092290105016296
