185 0.008021186623961413
355 0.013293956725954582
444 0.012128851621200249
472 0.018523635258058748
682 0.0038254038742032573
736 0.00490693167109842
825 0.02533037700485941
1093 0.03675388035999208
1095 0.018620343361188042
1123 0.013351925598349277
1125 0.03793286264000875
1214 0.003843707242022412
1283 0.025661281059750476
1292 0.2343059872949495
1308 0.006112330103346509
1485 0.03424873569295754
1535 0.003991017526670538
1572 0.001656360440376668
1751 0.005470178691710884
1753 0.025677368470679397
2093 0.006817572606526102
2178 0.006646978362977291
2385 0.0017228381418746288
2440 0.0021140389831123267
2457 0.01663711152390174
2529 0.02485939562047571
2570 0.00414503636162046
2593 0.0019251433396366958
2633 0.024944559998470936
2635 0.10879263079657649
2667 0.0064487886411454
2708 0.008418179184249685
2713 0.045741155743785594
2761 0.0021140389831123267
2800 0.0019786571763120296
3038 0.005798507017443481
3083 0.0017594942725528125
3194 0.0020990457988349343
3199 0.0017834899128064663
3205 0.003303660139709298
3215 0.0017415124481507552
3224 0.0033209447236282512
3227 0.0019926802604814985
3262 0.002364736625348523
3278 0.0019457936661172277
3287 0.0021228175519361226
3337 0.0032922366952428065
3350 0.0032440029037963188
3355 0.0018978547739044174
3376 0.002183822794205355
3385 0.0018844985573320337
3390 0.0019717193881762934
3391 0.0019317566798621741
3577 0.010499963497813462
3631 0.011314574839192734
3672 0.011360290293088462
4077 0.029136495829423775
4200 0.02130010855177225
4683 0.01324674565666891
4822 0.040693855799643734
5125 0.006830092197017358
5414 0.0017118245647119602
5457 0.007847341140471113
5510 0.02854489185319182
5789 0.012751346247344192
5865 0.02836831293725164
5920 0.010782727658711433
5949 0.020300879765627396
6035 0.012751346247344192
6213 0.031068197210380046
7136 0.008848651043347765
7277 0.02036189754793786
7345 0.013816569275377858
7357 0.03387556442818548
7460 0.06463613442619297
7492 0.008126219212541601
7601 0.002804660197046777
7701 0.011913863760760144
7725 0.019940935088931872
7767 0.037995565507289115
8892 0.01939084032785789
9059 0.03727487041723779
9145 0.013816569275377858
9180 0.04399175967074797
9469 0.024332408622467386
9719 0.006633624610397236
9822 0.07920202387434913
10102 0.011754504348940984
10203 0.015534098605190023
10534 0.0034080870879265386
10622 0.02010428991805227
10935 0.013682101447880264
11285 0.007212991305031967
11755 0.015280825258366272
11800 0.03535815993121642
12091 0.001629010340405211
12444 0.004221729500809901
12450 0.08520217719816346
12504 0.023333376328127754
12600 0.043932372617803035
12829 0.016299546942257357
12872 0.035590782880245496
13005 0.023165811490613617
13113 0.08520217719816346
13181 0.010132150801943763
13352 0.056233436950787884
13494 0.011429560355851198
13712 0.005944337944057916
13849 0.036340261536802275
13905 0.0064414017125759325
14004 0.0026550253517841306
14538 0.021966186308901518
14593 0.013953706439401461
14618 0.03514589809424243
14815 0.005370910883551851
14817 0.006354060672405411
14839 0.03367271673699874
14918 0.021165541561838492
15012 0.0012402610708157893
15024 0.009980239541553665
15030 0.010834958950055469
15031 0.01945793666117228
15042 0.008520217719816345
15069 0.006600168656195761
15367 0.027203281493263416
15582 0.00809114200730761
16073 0.004678322541662886
16236 0.007609396069118794
16293 0.08425795152780705
16413 0.009419336172661287
16424 0.015880418165923792
16425 0.017409732802101514
16429 0.0268820459724298
16465 0.01751820465756632
16489 0.021140389831123263
16804 0.01925802635300955
16824 0.012067261148237744
17311 0.011642533530183827
17679 0.0034499041074103
18209 0.05231400287166042
18310 0.01072838016536062
18988 0.005038838436450527
19281 0.005078946298757712
19853 0.022777867279048312
19877 0.013316291640059015
20162 0.022942526560583605
20826 0.009114009230273563
20955 0.07399136440893142
20957 0.015663910014147044
21698 0.006325470973092001
22315 0.009026233860479595
22330 0.054889386892542705
22334 0.07599113101457823
22339 0.0031520984837885586
22371 0.0017188434148513359
22742 0.012608393935154234
22888 0.004733454288786859
23466 0.0019185751262636606
23716 0.003253981039864045
23773 0.0021991958134840784
23855 0.036047074968453774
24228 0.02374351252529226
24269 0.026777827119422806
24596 0.02336874887504294
24627 0.02615508695385483
24854 0.018317080439996053
24935 0.001661253676537308
25011 0.017851884746281868
26082 0.058953257163554484
26263 0.014759432270548002
26272 0.0447002278058319
26303 0.004894119839058997
26921 0.01280943894095396
26922 0.002492616886116484
26923 0.00264627938591943
26969 0.005052420211211849
27022 0.008841735369620737
27141 0.036047074968453774
27914 0.014530603863252684
27951 0.006615698464798574
28062 0.02755431899426202
28166 0.0016602727177675786
28389 0.09723065553901325
29926 0.0022226654921260035
30662 0.0035590782880245498
30786 0.005132694621370456
30931 0.013517653113170165
31198 0.031319567508691436
32477 0.006678555457338229
33144 0.015840404774869827
33167 0.0401667406791342
33783 0.011241025410439429
33942 0.002876390636868945
34060 0.004472122368549646
34214 0.0033231161346706983
35344 0.01356288963339344
35904 0.023336148339809303
36408 0.008123846862322693
36804 0.005376045597589664
36965 0.006791477892607232
36987 0.02652520610886221
37001 0.02883765997476302
37002 0.02797683430387457
37005 0.04157706778446374
37006 0.044284411733219516
37007 0.046902209471143826
37008 0.03462235826415344
37009 0.050376447209747065
37010 0.04308212001195564
37011 0.04577475251270286
37012 0.020300879765627396
37013 0.029568784231808063
37016 0.048330703160620284
37018 0.032275079737770156
37019 0.025872686202832056
37020 0.035263513046822945
37025 0.028851965220127868
37027 0.05231400287166042
37028 0.057770733199156904
37029 0.03793286264000875
37030 0.030035168841142573
37031 0.04157706778446374
37033 0.04933237576498547
37034 0.05011130801390629
37035 0.039837441517331366
37059 0.05440656298652683
37061 0.05471924438300113
37064 0.013749006589434691
37121 0.037337837343694884
37141 0.004831664877374335
38454 0.01606669627165368
39083 0.006394324058188177
45363 0.015795909255839295
45444 0.02171175171845092
46205 0.004073436172667382
46223 0.048330703160620284
46224 0.03195016282765838
46225 0.05231400287166042
46226 0.04932757627262095
46227 0.05567923112656255
46229 0.024992638644794615
46230 0.03039645240583129
46235 0.07920202387434913
46239 0.05471924438300113
46244 0.057012865405043085
46308 0.047368898122597994
46316 0.027701200468368416
46318 0.03967145217767582
46319 0.034125980367893174
46320 0.03886183070466202
46321 0.046672296679618606
46322 0.04644462693971803
46324 0.2226644939980506
46325 0.11569821746957532
46329 0.03675388035999208
46332 0.02392912210671825
46334 0.033078492323992875
46529 0.010150439882813698
46749 0.0048435346210842275
47391 0.03881979665097593
47699 0.037782335407310304
48442 0.035590782880245496
48673 0.02397375580746572
48711 0.048898640826772075
48713 0.027840447231139886
48803 0.003184226327904184
48833 0.004068866890018032
50216 0.004885615721180529
50668 0.0068661095178007185
50690 0.023627494517137766
50730 0.010752091195179328
50797 0.021149136526696564
50833 0.013357110914676458
50852 0.018257609399606457
50935 0.010226797553858427
51172 0.07303043759842583
51292 0.007428459306576999
51335 0.012959415397270871
51336 0.01261716786980727
51625 0.002838188102835365
51627 0.0028515941658614546
51629 0.009636919873739856
51759 0.03388624583385254
51761 0.0064763288369718165
52637 0.04725498903427553
52654 0.005173269268701737
54452 0.012462236286180886
54520 0.02130010855177225
54812 0.06390163289862259
54826 0.019671794468269
55317 0.23431377626059832
55385 0.010685913044491803
55681 0.05738105811304886
55700 0.006991242998753959
55838 0.01101720307898654
55981 0.008968650231385628
56043 0.010940357383421768
56438 0.10413599435331089
56549 0.06390032565531675
57611 0.002627730698634948
58055 0.01546686524494978
58156 0.008639251963321144
58517 0.07934290435535164
58734 0.007897954627919647
58979 0.009093742619524543
59100 0.01762803666168899
60412 0.013452975347078441
60723 0.006523600574337342
61326 0.003200537105907108
61756 0.04534954592805474
61807 0.01918793241058119
62228 0.007756336131143156
62509 0.009173480742379753
63066 0.028258008517983862
63551 0.009662102568863897
63591 0.0059506282487606236
63700 0.006132326821241863
64083 0.0014400367977154386
65095 0.014398018616100433
65331 0.01682181717781307
66605 0.02959654576357257
66632 0.03536694147848295
66689 0.03091281987870843
66748 0.006192587882677313
67483 0.045555734558096625
67512 0.00846889110704637
67800 0.010485846390575107
67930 0.007284123957355944
68077 0.015702264339488712
68273 0.002560721172622399
68720 0.07462101469801266
68913 0.011060185737485176
69146 0.03552667359194849
70280 0.021300544299540865
70290 0.032504876850166405
70390 0.004420867684810368
71284 0.006787533308146486
71522 0.010150439882813698
71532 0.020523152171820394
71787 0.000991532362787488
71838 0.09318717604309447
71868 0.007810199576498317
72030 0.0017291954781915094
73813 0.011961241862615825
74089 0.029363136433710295
74103 0.02792125666463987
74457 0.01178898049282765
74795 0.013325458993077698
74799 0.0015860650545797429
75087 0.01837694017999604
75092 0.008520217719816345
75116 0.018257609399606457
75407 0.009531890108961803
75633 0.06390163289862259
75708 0.0022592783025627916
75950 0.0008143301849676869
76116 0.001395040076577611
76285 0.04932757627262095
77315 0.003642061978677972
78025 0.003110256468517029
79343 0.009114009230273563
80035 0.011964561053359125
80171 0.012927226885238594
80192 0.00918847008999802
80221 0.001011070783233095
80601 0.010005949635371509
81034 0.014916031021429146
82131 0.04609298110720319
83016 0.010299164276701078
83124 0.000321095397423559
83150 0.007767049302595011
83507 0.025677368470679397
83517 0.015233837636227513
84453 0.04621916758564173
85892 0.009158540219998026
86354 0.0007033363043244198
86374 0.0007728874308662441
86375 0.0013037553294167796
86379 0.0005949998619277102
86574 0.0010754147437519199
86577 0.001551180925813326
86628 0.021854107744253115
89057 0.002870409563654566
89420 0.0831943647267938
90089 0.007777792109375918
90647 0.007274700769830257
90801 0.028851965220127868
90956 0.044986749560630306
91579 0.004427811174588369
92861 0.005867491626674947
94721 0.07303043759842583
95458 0.001318486212210736
95558 0.009203508502583942
95624 0.004068989649116344
96030 0.02413452229647549
96158 0.026033998588327723
96254 0.03185743319799771
97023 0.0385160527060191
97059 0.009617321740042623
97212 0.06752587604710777
98167 0.19447758478558844
98168 0.20346927899821868
98189 0.07399136440893142
98238 0.2491908414200014
98241 0.3371776623399052
98243 0.10814122490536132
98664 0.08925942373140934
99290 0.026033998588327723
99876 0.11071102933304879
100307 0.07810199576498317
100308 0.04534954592805474
101314 0.03808459409056878
102077 0.010242884690489597
102574 0.030897492830103235
102815 0.001085168601906366
103315 0.048898640826772075
103343 0.019062182017216232
103509 0.008585382821628665
105467 0.006125646726665348
105911 0.021966186308901518
106133 0.06390163289862259
106138 0.021745360925841357
106196 0.008869627279304083
106239 0.019391666492462496
106257 0.04154474721425883
106258 0.046113241753283865
106286 0.015335098682848105
106511 0.0432971859187859
106557 0.022755309427141227
107672 0.08734998644625867
107804 0.022363280640256538
108121 0.12496319322397308
108143 0.028986307706591694
108703 0.016588034498757488
110842 0.04308212001195564
111458 0.07212991305031967
111686 0.008250561978026167
111755 0.026777827119422806
112168 0.03376293802355389
112277 0.01096168361613799
113886 0.05503554059330749
114579 0.00430577618306186
114595 0.0016721212295803711
115322 0.0026726918702845953
115923 0.0069599038908203185
116026 0.00564651587650559
116072 0.05600675601554233
116680 0.0385817439242802
116697 0.05626889967548419
117269 0.006570840940401792
117669 0.013485236678846015
117851 0.013410068341749572
117985 0.03748483670331573
118162 0.011457459112686155
118258 0.019273580005348574
118393 0.02090462340177988
118652 0.01298693694013577
118696 0.012041421188605543
119289 0.004335654352412327
119309 0.02372718858683033
120081 0.07934290435535164
120876 0.040554014370778976
121206 0.12694864696856262
121369 0.027165911570428927
121454 0.009018113810622045
121557 0.0017605960222538473
121924 0.009805508262247369
123326 0.01709223007622732
125151 0.007002918673821654
126136 0.0058376140543483735
127745 0.014995583186876769
128107 0.021381534962276762
128211 0.0004093190543218462
129038 0.0007358471205284988
129359 0.012594683225076503
130424 0.01713787145620128
131409 0.004321901281271991
