13 0.0034857605609886705
75 0.005286980273867298
99 0.004102519501994053
180 0.010380731807796417
206 0.0030446673127127333
243 0.0033810829688297617
262 0.002830207163967469
297 0.003780589411916163
357 0.004187725360188548
734 0.001338784346920436
774 0.0030560008579291107
899 0.01021477068374466
1030 0.009276461894423646
1037 0.002363524067781344
1038 0.0019005240579251183
1042 0.0008718237498160511
1043 0.001276879315973042
1074 0.001386030384987687
1075 0.023304001345049237
1123 0.004043153091382099
1148 0.0012699129029519654
1152 0.00147720254236334
1166 0.003312801818455819
1167 0.0062962025201299746
1183 0.01709009710549587
1248 0.03219873367702121
1330 0.006610549009973444
1332 0.012926757611191005
1333 0.022703227800758778
1390 0.0011814478190451813
1443 0.02725859757142451
1468 0.0026230373361445848
1490 0.0032013150197614743
1494 0.03642151842154858
1506 0.0015016644972723643
1517 0.002521807745419368
1524 0.023658405439349578
1547 0.009415986144822483
1551 0.0006192927174116971
1615 0.004633394418591164
1637 0.012773128912925577
1686 0.009872737999997582
1687 0.006723162817615345
1688 0.017047139247584248
1689 0.011583884258425445
1692 0.001341613903209217
1693 0.010333547087044015
1796 0.003000287135333509
2038 0.047316810878699156
2176 0.0026360802136346055
2217 0.013030572573105357
2226 0.002433420179314856
2250 0.0013833827046789934
2260 0.0010034835698800647
2293 0.0014142028158589835
2416 0.0015129129204729064
2420 0.0015212000162372224
2461 0.0014315158657954017
2549 0.002399257692996181
2628 0.0015995051286641204
2735 0.00198013602826601
2773 0.0036655047569102268
2781 0.0012418740210813099
2784 0.0015118833778254258
2795 0.0013937971290554976
2826 0.0015129129204729064
2868 0.0015290520466032093
2874 0.006953717132126646
2888 0.002503618279438657
3062 0.0007785921232572151
3066 0.0006802549368384762
3082 0.0012322310724983158
3115 0.0014061472301990275
3118 0.00268887740139345
3119 0.0014708458283445637
3120 0.0014659931532263037
3133 0.001419624679689753
3154 0.002656702800009254
3158 0.0014169085610423872
3181 0.0025598410785005665
3206 0.0015712253350173009
3209 0.0015801654507215245
3213 0.0014468984849980225
3217 0.0022667589423661237
3220 0.001405257826511362
3221 0.0014915828289455947
3228 0.0013592613176595064
3234 0.0026342342190872428
3243 0.0014483133140250739
3250 0.0014752407859989795
3252 0.0012404872270879192
3264 0.001456383234162218
3280 0.0013526408667972382
3305 0.03642151842154858
3324 0.0015201591677827322
3330 0.0015607394616891208
3344 0.0014137528626881725
3354 0.0026250428924330656
3358 0.0014361426139072161
3362 0.0016933785241726093
3365 0.001664827743510276
3391 0.0015264257119302395
3395 0.002890270045990459
3396 0.00238458729943365
3400 0.0016444949102253615
3402 0.0014483133140250739
3403 0.0017809319628973653
3407 0.002758178303804424
3500 0.009638666480323051
3515 0.02524621788494351
3544 0.0065248535204536365
3820 0.009354579468271425
4061 0.002257838032230146
4146 0.02660733681095166
4176 0.021535858725248228
4214 0.0016940241126301664
4255 0.0005497927799342894
4256 0.0028266063914942283
4263 0.047316810878699156
4474 0.002316697209295582
4503 0.007505785890927242
4504 0.008922540657487803
4518 0.0072723817470195205
4651 0.0047020372988665895
4760 0.006719468068439418
4793 0.007991772027749868
4963 0.0012831144231674637
5066 0.004552689802693573
5162 0.0032596936437232086
5197 0.014505226555400005
5305 0.007894410209562608
5515 0.002626137853090382
5600 0.0012708400219110078
5773 0.019152695032021234
5786 0.0021611990503058983
5807 0.011976887459377162
5809 0.009607255908053334
5927 0.0034365237799140968
5960 0.049866453625842154
6129 0.0006609289375916892
6212 0.0017811015458601242
6382 0.00548571018201102
6440 0.0007872829991901004
6541 0.002998262650086995
6749 0.02219136763920701
6846 0.05318735000783447
7099 0.007383235810001966
7163 0.009101228547554453
7164 0.010315962181854587
7296 0.0810871898089781
7314 0.01651830946999601
7458 0.0020852027790770307
7546 0.003666192448373702
7575 0.019850588205047925
7722 0.05049243576988702
7824 0.022904253852726427
7986 0.004824565958120442
8154 0.003196708811099947
8155 0.008274534911413271
8231 0.017255442499342123
8234 0.01127724955483338
8242 0.012318397395023094
8243 0.030023143563708967
8244 0.057872099459332034
8292 0.0034943673616874894
8313 0.013984969586505868
8431 0.010277831871192846
8565 0.0063659387498981755
8724 0.015482317935292427
8926 0.006712146594105313
9339 0.0004910947444108009
9354 0.03522697877740001
10469 0.003820657994349894
10535 0.020725545260917813
10542 0.03173875176734948
10585 0.00423586772872157
10591 0.04224430522708129
10618 0.10579583922449824
10621 0.013885703898215397
10631 0.032914261092066126
10644 0.012916933858805019
10658 0.016041246380609844
10704 0.004717011939945782
10748 0.05743032770773408
10805 0.009161701541090571
10810 0.029160360192686686
10826 0.011112810826755044
10827 0.03307993202751125
10842 0.006622094258463378
10937 0.012002942341312542
10938 0.019836719854593423
10939 0.011847831385375063
10961 0.015062458465860767
11137 0.02658435664209599
11285 0.005699524946752398
11379 0.016457130546033063
11386 0.005948360438325203
11408 0.0067134822376043795
11451 0.022258499792050784
11560 0.008869112270317218
11565 0.014664769793494807
11649 0.03212314713588176
11714 0.024963063187802958
11732 0.08966371950031234
11756 0.020449620236913338
11765 0.02279809978700959
11769 0.03522697877740001
11771 0.010333547087044015
11786 0.02585351522238201
11787 0.020097040577656215
11788 0.04274643710064298
11858 0.09064304734594175
11860 0.019490603444852758
11870 0.01791279268979325
11903 0.04702108081070728
12109 0.08400925070299534
12115 0.002687724223854408
12151 0.043426375661827395
12234 0.0215569424920148
12415 0.003810827827983642
12617 0.014910822977949418
13021 0.009852384140640635
13045 0.010030305298936629
13097 0.0012325728841689116
13132 0.0025939435186391867
13336 0.01009869374415665
13345 0.0011649694843160676
13556 0.012377229101473333
13651 0.03161081062904691
13733 0.02358424115897544
13755 0.004314005094591191
13809 0.002552225874456592
13879 0.008383821221564013
13919 0.00519091734512725
14093 0.021159167844899653
14247 0.010362772630458907
14249 0.009163669829126876
14256 0.0007082154692378015
14319 0.010314514214005257
14417 0.01871485803411235
14460 0.0017220732831084917
14506 0.008321021062600987
14544 0.0016604728129405557
14599 0.0062849013400692036
14822 0.011632003265520751
14859 0.022217126237144634
14864 0.0018099491842887686
14891 0.022441541653681448
15052 0.019235607131726954
15056 0.08851026976133135
15142 0.014580180096343343
15170 0.04480205828864
15171 0.060725185069023364
15172 0.24539544284296008
15173 0.28257657054643887
15174 0.02533974681530566
15175 0.044139575142844
15176 0.2520617891675634
15252 0.005258491417075653
15257 0.004043153091382099
15346 0.05095643075427586
15347 0.009576347516010617
15479 0.0009348675041929153
15664 0.001944606235198655
15737 0.015198733191339728
15957 0.01124917784159222
16015 0.018216399345552456
16198 0.07304245562828315
16203 0.04399633292229921
16242 0.02718666713712094
16442 0.01670460619334183
16786 0.00180774013320949
16878 0.015590965780452375
16897 0.015322156025616988
17052 0.011690540917306948
17056 0.0032624267602268183
17126 0.043140050945911904
17127 0.013885703898215397
17133 0.009237890327295066
17282 0.02796792910674039
17409 0.005403002004523725
17517 0.13678859872205754
17571 0.006197245812313705
17575 0.03284657875837936
17601 0.00919963819343463
17612 0.02539100141387958
17646 0.0053018836713975784
17721 0.0016914057845578158
17830 0.009513017262512823
18125 0.0015607394616891208
18436 0.009392475567681854
18499 0.00118124869362744
18664 0.012868107538831799
18745 0.01055445426942738
18800 0.016099366838510605
18845 0.02576497578668892
18951 0.00277540615079883
18994 0.00569669903516529
19010 0.01957456056136091
19080 0.004614148751224223
19099 0.0569669903516529
19131 0.006267172422325707
19294 0.0019152695032021235
19348 0.010742979343462414
19349 0.0018810219286850105
19461 0.022217126237144634
19497 0.0548571018201102
19534 0.019235607131726954
19570 0.003973168652762029
19672 0.00648675218602763
19972 0.004272524276373968
19992 0.0008854972593521178
19994 0.019390136416786507
20052 0.007700910307502472
20302 0.0019094855151556257
20671 0.0019171518972106256
20793 0.005975673494609345
20845 0.02988790650010411
20867 0.10305990314675569
20945 0.015113691317785465
21107 0.0008746900093364029
21116 0.01500358365601057
21433 0.0007541454934536535
21497 0.005032191673192443
21732 0.006110764631738193
21793 0.05572868836824566
21835 0.06426254916362062
22371 0.0010923072306468881
22420 0.04023194080060516
22593 0.018591737436941116
22600 0.002092210065508564
22745 0.031390723100646264
22747 0.0008776269499168333
22781 0.03993674025238454
22971 0.019925673755286668
23158 0.0026669170257756698
23268 0.022062677213235085
23285 0.003973168652762029
23387 0.016457130546033063
23540 0.019748556655239675
23563 0.030458999715437914
23564 0.02342650861210432
23578 0.0076347512842421415
23854 0.01383545833597739
23974 0.03242605691742325
24367 0.006112001715858221
24770 0.001988109730393256
25033 0.003158084752970097
25563 0.013090519274070869
25604 0.00038000729046685426
25776 0.003401771129931794
26444 0.03344896092112746
26472 0.008396621573340587
26615 0.019925673755286668
26654 0.020169900615852988
26702 0.03642151842154858
26730 0.014196246796897528
26922 0.0019696033898177864
26932 0.009597030771984724
27047 0.00986775325717723
27347 0.0011080860966156923
27420 0.008012111746233402
27504 0.06902176999736849
27540 0.005507593652791482
27564 0.006970590063312094
27586 0.012904584785099768
27916 0.01725422961563678
27928 0.023889383050693155
28114 0.01026381027245998
28122 0.038386895991112883
28280 0.010406148120442452
28477 0.008588772075339196
28483 0.015482317935292427
28581 0.016767642443128027
28846 0.011693224335339281
28847 0.016276282957615115
29045 0.002186980974235843
29046 0.00240831130846517
29067 0.049172372089628526
29072 0.0049870092563736555
29123 0.0011496596775234054
29204 0.00908675919719617
29319 0.19537211243238048
29393 0.06631977981237204
29448 0.007109480395886283
30169 0.04425512328896151
30493 0.00772769608248509
30499 0.08549287420128596
30712 0.009842246803482328
30734 0.007674309581051687
30798 0.06907427280024062
31061 0.0019005240579251183
31319 0.049977768541844464
31321 0.10579583922449824
31401 0.004421318654158135
31573 0.009879435611012543
31574 0.0075008597722471156
31651 0.012587606933226421
31881 0.0018622905479584772
32003 0.108376225547047
32006 0.013263955962474408
32078 0.004430134842900226
32113 0.003740256942280241
32156 0.03799683297834932
32169 0.0039357176682275705
32485 0.005610385413420362
32507 0.016193913829200997
32508 0.017980233803348605
32509 0.010139316616864104
32512 0.03955468998380634
32542 0.010626232951572267
32669 0.002110890853885476
32676 0.0046772897341357126
32725 0.007788170734692718
32815 0.006419260178936148
32867 0.014061472301990273
33072 0.016189282687556393
33076 0.023312567070081208
33079 0.010084950307926494
33121 0.005418811277352349
33122 0.005056030194699708
33155 0.014860954004779018
33171 0.0011999528078392996
33178 0.02053970666967507
33315 0.004666954494717167
33354 0.012001321528999334
33477 0.05869924454246409
33532 0.012240840902008063
33701 0.02403357429905279
34006 0.03242833159359123
34054 0.01813642958134256
34055 0.008994787950260985
34059 0.014106111896599768
34060 0.002087094996443836
34176 0.018988996783884302
34186 0.06836038842198348
34285 0.039673439709186846
34393 0.13932172092061415
34440 0.03841782830433842
34533 0.037616864648565826
34537 0.02137321855032149
34548 0.011664144077074674
34617 0.024549310759275838
34684 0.009993704629592273
34885 0.05743043754776259
35119 0.023774261461877586
35152 0.004095322808690255
35176 0.004097697674135711
35184 0.005412211020010872
35186 0.012879493470808483
35189 0.015146489023585737
35337 0.0027043037130528988
35422 0.023196584149334534
35424 0.01876262943266093
35440 0.00869754095920597
35641 0.01770170385976194
35644 0.008803980487249747
35778 0.008984167146856206
35782 0.022670536976678195
35830 0.018437449159456127
35879 0.01592625536712877
36137 0.018591737436941116
36196 0.01268143493445935
36202 0.0044257223579969385
36239 0.025684539002479342
36260 0.003077044143031969
36429 0.007983755845918221
36430 0.02613779557311133
36434 0.036425886047001886
36435 0.006316853845267142
36487 0.014062968442221623
36493 0.012805260079045897
36494 0.008259154734998005
36495 0.012805260079045897
36497 0.016642042125201973
36500 0.013580095540998491
36545 0.014346195120049973
36614 0.04066688070115225
36661 0.016831156240261085
36705 0.042266140054568344
36706 0.005561233100661986
36707 0.024113374774721683
36708 0.01680890855056466
36710 0.015076899658743818
36795 0.0036631700308564935
36804 0.004248016488937788
36810 0.04262700403203003
36828 0.021252465903144533
36830 0.016457130546033063
36854 0.008903399916820313
36951 0.02585351522238201
36952 0.010732911225673736
36965 0.011262109695691405
37190 0.021260407882435054
37412 0.007836156998346624
39270 0.006477296279050913
39271 0.030645435294790184
39273 0.026965494371731773
39338 0.03152826795917429
39911 0.003338411155093108
40067 0.0037090360996902562
44664 0.029426657267741237
45318 0.14525096728763567
46267 0.01966117366118994
46403 0.004313860624835531
46469 0.030833495613578545
46473 0.02252421939138281
46488 0.011693224335339281
46506 0.012731877499796351
46510 0.0062938034666132105
46521 0.15702499380147747
46523 0.06269477441427637
46749 0.009986944273650227
46755 0.05955107511560197
46763 0.011955162600041645
46764 0.003286557135672283
47146 0.0009867699861045806
47295 0.03242605691742325
47342 0.0015170045270916678
47468 0.002732733854507335
47883 0.014275849961505058
48018 0.009796058502230682
48063 0.002603061070550045
48144 0.006259045698596643
48257 0.10098693744156652
48418 0.02302292874315506
48436 0.015812901236401875
48630 0.013107449107459961
48677 0.00980549613883542
48736 0.011849133993143805
48737 0.015011571781854484
48823 0.0029434166391679047
49067 0.037028543728574385
49307 0.059245669965719026
49389 0.016396403127044008
49603 0.016022382866035193
49637 0.020224120778798833
49705 0.02259271150064013
49818 0.004024841709627651
50097 0.007630195669080289
50098 0.007075517909918673
50299 0.06836038842198348
50562 0.0011070118676444448
50623 0.007505785890927242
50773 0.012394354085194669
50856 0.009744353612782733
50993 0.005886833278335809
51013 0.01009869374415665
51134 0.019235607131726954
51211 0.024281012281032386
51212 0.017289592402447186
51261 0.01269550070693979
51511 0.009808885755913745
51706 0.008305467752203602
51793 0.008706841109274027
51801 0.00833663273438823
51806 0.046772897341357124
51860 0.009374314867993516
51883 0.0553978473452698
51999 0.038617868378926716
52256 0.015751734506811627
52386 0.0011842817823637863
52638 0.09454096271125376
52671 0.05351549317820987
52886 0.019235607131726954
52987 0.031291727094569906
53182 0.005540430483078462
53398 0.005445374077731528
53407 0.007192517141217175
53462 0.04109814190696668
53587 0.0036610087249212483
53913 0.017917037288019865
54047 0.042755325048376626
54431 0.02904777192939446
54551 0.015778387187872223
54775 0.04622725775095148
54814 0.09404216162141456
54824 0.0027210197473539048
54837 0.05105697124731955
54909 0.05275283886565872
54978 0.15825851659697618
55301 0.0035805199415221
55360 0.06171423954762398
55364 0.021570025472955952
55424 0.017536999836161225
55425 0.005582192521895637
55437 0.042972473861900846
55614 0.029821645955898837
55818 0.009105379605387145
55839 0.009954320557391249
55935 0.004793338993990212
55992 0.03249138267607137
56281 0.06837498630269144
56309 0.0064856663187182455
56515 0.0037913184705024973
56527 0.028983585304478313
56729 0.04646057869032479
56786 0.03773423705337154
56850 0.01151146437157753
56863 0.059245669965719026
56886 0.007878413559271146
57200 0.003639168916813208
57229 0.04179651627618425
57239 0.010144806500979283
57304 0.02322028682010236
57326 0.004137267455706636
57331 0.06631977981237204
57375 0.005478946051083756
57608 0.11234972081966846
57625 0.013263955962474408
57670 0.030644312051233975
57709 0.049371391638099185
57799 0.001627032313229193
57870 0.012435327156550685
57966 0.013068897786555666
58155 0.0014900822425985669
58216 0.01175072655801161
58481 0.06542063417141883
58559 0.0015036972072517518
58671 0.01919227788192134
58734 0.013096947792180453
58786 0.011364258944831016
58791 0.0018004154163002134
58832 0.0318786988547168
59024 0.057919421292127224
59116 0.002185232246835265
59306 0.0201973874883133
59385 0.006997520074691223
59559 0.0597093089659775
60067 0.03391927669793074
60097 0.004142826503146016
60183 0.029160360192686686
60222 0.02550295908377344
60286 0.02020007369635525
60359 0.019319240206212725
60409 0.0026873276161476895
60762 0.002190516050747588
61041 0.05104927782023341
61326 0.011130558659417023
61449 0.00764346461314138
61476 0.05163497469540241
61535 0.035428001019042483
61557 0.026929849984417737
61562 0.01575682711854229
61627 0.004589737564154801
61642 0.0011696786271320218
61730 0.0020807144058079675
61808 0.04337221780480224
61836 0.0051488125694425565
62024 0.00818702969976513
62158 0.007213352674397609
62172 0.01592625536712877
62212 0.002503618279438657
62358 0.0023328288154149347
62476 0.017462597056240606
62599 0.01777370098971571
62645 0.09767696464816314
63188 0.008886850494857854
63488 0.011129249896025392
63603 0.037339707961587615
63695 0.0034039552526476417
63701 0.0077822926664471255
63859 0.021817532123451444
63944 0.011574419891866408
63980 0.0015385821493867475
64010 0.019903102988659164
64078 0.0018026807061113051
64083 0.0011378809852570875
64440 0.0034153921963327644
64755 0.01021477068374466
64823 0.007754668843680501
65017 0.0022939727658383723
65199 0.00846366713795986
65370 0.03724442044412458
65549 0.01358845641415574
65580 0.005506103156665337
65683 0.045710915823688636
65858 0.000925514232256379
65993 0.0031217315061050476
66037 0.0020210636746919846
66038 0.0034508459231273555
66040 0.00403018501971078
66048 0.02180687805713961
66050 0.014762210124348593
66174 0.0018375017790426187
66266 0.0018576192505973773
66384 0.01586937588367474
66395 0.03672252270602419
66400 0.006302730847416917
66478 0.004658434030417001
66572 0.07064414263660972
67057 0.012095454870921488
67058 0.047316810878699156
67061 0.01371427545502755
67074 0.03391927669793074
67144 0.00036078477163274816
67175 0.020289613001958567
67183 0.0031116423301323017
67245 0.03715150130690232
67281 0.003946203594519473
67300 0.018908192542250752
67396 0.014568607368619431
67606 0.02794607073854671
67826 0.0044928465595843545
67830 0.008020653443191007
67908 0.0015976582989409992
67972 0.0038601195124233784
68050 0.004557359228132232
68217 0.009174845036235568
68250 0.001198334748497553
68284 0.0014573385527808878
68562 0.026980459572512477
68713 0.02004034654332265
68729 0.010285706591270663
68736 0.00546546770901467
68881 0.001561287859251204
69000 0.00857853241700475
69096 0.023264006531041503
69190 0.004095322808690255
69211 0.06542063417141883
69239 0.004207789060065271
69255 0.004532152367297087
69374 0.08620585863412522
69616 0.011724077169997167
69814 0.003422826628622914
69957 0.010285706591270663
69981 0.0013015305352750224
70065 0.025984942967420623
70320 0.009161701541090571
70349 0.018487294352185872
70357 0.015062458465860767
70364 0.016041246380609844
70523 0.03642151842154858
70524 0.012994556784692916
70530 0.007320990790251394
70532 0.013885703898215397
70533 0.009617803565863477
70534 0.011080860966156923
70541 0.017383571666728506
70542 0.037977993567768605
70546 0.014193343726076838
70555 0.010569591888521345
70581 0.014333629830415893
70589 0.014151035819837347
70590 0.005972345762673289
70591 0.01695963834896537
70592 0.018530475196337846
70593 0.011786273865859221
70595 0.00583892936587244
70600 0.023510186494332945
70603 0.011849133993143805
70661 0.02644895980612456
70673 0.010758898904186263
70675 0.01586937588367474
70685 0.03830539006404247
70686 0.02613779557311133
70688 0.031291727094569906
70689 0.032672244466389166
70723 0.051667735435220075
70734 0.011786273865859221
70735 0.016831156240261085
70769 0.01722257847840669
70776 0.0022740149679779565
70933 0.008628010189182382
70934 0.009888681684021721
70937 0.027260277591588507
71027 0.0011647248354990634
71111 0.012342847909524796
71119 0.009142850303351702
71179 0.012842269501239671
71181 0.008796673937235936
71182 0.0038010481158502365
71184 0.009354579468271425
71185 0.0074679415923175245
71187 0.004662565842003071
71209 0.015416747806789272
71211 0.013107449107459961
71213 0.010168021161164591
71230 0.020725545260917813
71239 0.007041878363595763
71242 0.007546010962600967
71243 0.01975314412470815
71244 0.0053605373563143386
71297 0.00467290244081563
71382 0.01971464445672829
71392 0.012074525128882952
71537 0.031503469013623255
71540 0.006360864139176318
71546 0.0025773802431357192
71577 0.003908245677773072
71656 0.012481531593901479
71657 0.011614846080718272
71658 0.009236341996513417
71659 0.005399058623850457
71660 0.03173875176734948
71661 0.028302071639674693
71731 0.011541364279036173
71734 0.030707644611074145
71737 0.010656335594494568
71787 0.00037333433434959897
71812 0.032914261092066126
71945 0.07531229232930384
72297 0.007405708745714878
72458 0.16007176446198224
72546 0.016388447852429672
72576 0.0014347514521888688
72603 0.001850384026001897
72616 0.00400669544402969
72655 0.0070641999340029715
72733 0.005582192521895637
72737 0.005362347063231051
72801 0.006745114893128119
72814 0.005976221937726321
72842 0.010998577345121106
72878 0.004614148751224223
72928 0.007850574642100577
72931 0.007878413559271146
72984 0.018439639533610698
73054 0.005125057955512026
73078 0.0006811935071943778
73271 0.02510409744310128
73302 0.010455118229244532
73305 0.0313973967273821
73327 0.013068897786555666
73593 0.002968219938162276
73704 0.01592625536712877
73747 0.00976576977456907
73968 0.01798957590052197
73970 0.02238386544731258
73978 0.006322052086801683
74037 0.0173974381120009
74040 0.02058897206213088
74041 0.02759891458030389
74042 0.018514271864287193
74050 0.04114282636508265
74051 0.046285679660717984
74053 0.02524673436039163
74107 0.043779468676208834
74117 0.01689515303204915
74175 0.004099100781761002
74176 0.0032624267602268183
74177 0.010953843607435333
74178 0.0061204204510040315
74181 0.004616663383072839
74202 0.015482317935292427
74235 0.006045476527114186
74321 0.0028778660928943825
74379 0.004176151548335457
74422 0.003085711977381199
74428 0.007836728831444314
74429 0.0062938034666132105
74431 0.006804632844454712
74435 0.004757414611808273
74464 0.003526527974149942
74470 0.014333629830415893
74471 0.00361548026641898
74472 0.01686846847032151
74473 0.005089834189494762
74474 0.003546229247748545
74478 0.01733276362087822
74481 0.008168061116597292
74489 0.023148839783732816
74494 0.011849133993143805
74498 0.007050958697013275
74500 0.012394354085194669
74502 0.003037201126062151
74504 0.009993704629592273
74506 0.010012817186276265
74508 0.013068897786555666
74511 0.01385519876558594
74513 0.0032128888267743505
74514 0.0032504939630057985
74516 0.003887511152606235
74518 0.00679422820707787
74535 0.036003964586998005
74539 0.03559170545050566
74552 0.003850455153751236
74559 0.00389091527795878
74561 0.012828308697328561
74562 0.009390762163174705
74563 0.0025318662378512402
74568 0.0074180721993805125
74569 0.0064397467354042415
74570 0.01345602716887804
74595 0.0075410179394022605
74670 0.013410646933535053
74703 0.003249837118666594
74753 0.020782798148378908
74784 0.000695578118501587
74803 0.051073853418723295
74838 0.006463378805595502
74850 0.017820706910920005
75061 0.0018406898290923472
75127 0.015645863547284953
75179 0.005452055518317702
75181 0.010224810118456669
75206 0.006348930446367311
75233 0.011080860966156923
75259 0.010758898904186263
75317 0.005258491417075653
75428 0.010837622554704699
75695 0.003348171257845268
75709 0.030178080349619687
75965 0.009617803565863477
75971 0.011335268488339097
75988 0.01181762033890672
75995 0.012009257425483586
76064 0.03022738263557093
76313 0.0063659387498981755
76654 0.0014302990360671418
76699 0.0011449176107778734
76700 0.0006640223238934832
76702 0.0005489776683257878
76732 0.005254370967293064
76745 0.029041995081234815
76756 0.054915130873818725
76934 0.03786900218570501
77013 0.0052960968384135
77205 0.010579583922449827
77224 0.00939413371549456
77274 0.015480191213401573
77290 0.028072287051168526
77333 0.004580850770545286
77371 0.0038672108332714764
77433 0.0013617607255375197
77475 0.05238779116872181
77809 0.03671270404737198
78052 0.03589734458733101
78058 0.00039865265630103673
78151 0.007190008490985319
78403 0.019798358445928838
78416 0.01607763246212497
78421 0.0037848596656123736
78442 0.026490749752511145
78443 0.004516884418273437
78461 0.018062704257841167
78462 0.0329398929025793
78556 0.005610385413420362
78560 0.0015332730322391052
78585 0.012794851921280893
78695 0.0292330608383482
78733 0.016457130546033063
79007 0.003366231248052217
79015 0.03628415108183846
79022 0.07356595857140666
79025 0.026767621972463414
79027 0.023186868243582653
79029 0.0097018018502815
79032 0.024043810911558737
79033 0.01806015986037282
79044 0.04733516156361666
79050 0.011108563118572317
79052 0.012842269501239671
79080 0.012145842625426577
79082 0.013292178321047995
79083 0.012838520357872295
79085 0.006515286286552679
79086 0.007236848937180663
79091 0.025524638910116706
79101 0.019386750162229696
79104 0.020469730911191898
79254 0.0019687307254891125
79458 0.046155662145479545
79462 0.032914261092066126
79504 0.008064292645061573
79715 0.016767642443128027
79791 0.02644895980612456
79804 0.004757414611808273
79841 0.0041611575938679006
79895 0.005999499943949892
79911 0.004915293415297485
79944 0.051667735435220075
79963 0.013799457290151945
80106 0.014568607368619431
80117 0.0032128888267743505
80439 0.030382007484233246
80466 0.012361239127620379
80489 0.0008704634418859532
80496 0.0026864723382278876
80522 0.046155662145479545
80548 0.001333560998628129
80619 0.011944691525346577
80628 0.005125057955512026
80737 0.012240840902008063
81069 0.009299595710399462
81077 0.009962836877643334
81083 0.01675584171428322
81323 0.00730826520958705
81362 0.010449129069046062
81712 0.030214349115313916
81724 0.024963063187802958
81727 0.029509578569723048
81735 0.01575682711854229
81760 0.03151365423708458
81763 0.008528647307925004
81764 0.015812901236401875
81803 0.007192517141217175
81849 0.02188951761366136
81956 0.0055751885162219905
81979 0.00552664831769767
81982 0.006622094258463378
82047 0.0072843036843097154
82051 0.007132303767943702
82182 0.02137321855032149
82293 0.07460021462425986
82482 0.003460121271997211
82496 0.03589734458733101
82555 0.0021528223098008364
82772 0.010052998297350514
82987 0.0026543758945214613
83047 0.05172351518047513
83105 0.0018916242006934553
83153 0.000616371930563036
83154 0.0006760117522332156
83186 0.0018209386502699636
83330 0.005964329191179767
83334 0.01021477068374466
83530 0.02613779557311133
83552 0.0012615025470823164
83614 0.03466992133508371
84101 0.05373837806937975
84102 0.018361261353012095
84454 0.0620077228771778
84491 0.0074679415923175245
84671 0.016157909990650643
84685 0.0063565281718012834
84902 0.023889383050693155
84968 0.004072800410109007
84979 0.012009257425483586
85020 0.010529443714286556
85062 0.00546546770901467
85074 0.013505851815893394
85102 0.004339282468192311
85126 0.020333440350576125
85152 0.007375855813444279
85216 0.007064269073813874
85353 0.0038043024378672315
85391 0.006028343693680421
85421 0.002746245517570412
85443 0.007674309581051687
85465 0.005119153510862819
85482 0.00897661666147258
85493 0.005980383913094114
85554 0.010655696036999823
85601 0.006608807107039321
85648 0.004520269834617422
85843 0.005859324711614614
85933 0.015011571781854484
86134 0.012954592558101826
86305 0.014780693378611326
86346 0.00990801422503292
86362 0.012141962015667297
86378 0.004708401692716431
86384 0.0008233139239260564
86418 0.00389947799780041
86428 0.008781472821005783
86473 0.006839429936102877
86487 0.018041661701950037
86503 0.007531229232930384
86504 0.008259154734998005
86512 0.016541841828389085
86535 0.00400669544402969
86574 0.0008497657769036004
86605 0.022217126237144634
86621 0.00020824000597192456
86696 0.010285706591270663
86710 0.00796045090990796
86776 0.008415578120130543
86784 0.004515676064460292
86805 0.0075764077842025825
86811 0.0016667011430716154
87004 0.006025217214566992
87005 0.018177440210589632
87006 0.013434594517344937
87014 0.017728187885993313
87023 0.04337513219215954
87024 0.04733625273213126
87025 0.01179212057948772
87028 0.011948122577737617
87091 0.01717665052445928
87110 0.012516690837827964
87125 0.008006171616989056
87163 0.05353524394492683
87254 0.012353650130891897
87255 0.006329068627712611
87270 0.031826030129803694
87276 0.04330423821043022
87712 0.014279362440526988
88749 0.0220568191195602
88751 0.0051223771072451225
88771 0.007582636941004995
89111 0.0019319240206212725
89112 0.00031734218307591253
89190 0.14195043263609744
89196 0.0069865176846366775
89505 0.03444718824465656
89663 0.014150268327818639
89744 0.015645863547284953
90007 0.019585882266398503
90076 0.012076040015590955
90197 0.004180080195135397
90209 0.020763669380509
90476 0.05572868836824566
90507 0.022062677213235085
90549 0.042504931806289066
90671 0.010656335594494568
91021 0.006742678675916429
91220 0.003810827827983642
91258 0.0010800741972360054
91299 0.014010005455704218
91302 0.009728209318104258
91320 0.02524673436039163
91335 0.024149050257765904
91336 0.02510409744310128
91339 0.024414424436422676
91341 0.04777876610138631
91346 0.0569669903516529
91397 0.03391927669793074
91398 0.03830539006404247
91494 0.020913847360941623
91506 0.012665610992783106
91511 0.0014398656018888292
91576 0.0021019040905529453
91577 0.0006598493090925046
91632 0.03315988990618602
91634 0.026767621972463414
91635 0.03444515695681338
91636 0.04114282636508265
91638 0.03765614616465192
91644 0.04777876610138631
91675 0.0024241272490065063
91676 0.03672252270602419
91689 0.060868839005875704
91719 0.01715608203640512
91760 0.008108440232534538
91804 0.02415592146189149
91815 0.005527827281199975
92066 0.06732462496104434
92077 0.03340921238668366
92078 0.014062379307875076
92081 0.03366231248052217
92439 0.037339707961587615
92451 0.016216880465069076
92772 0.057919421292127224
92936 0.015260391338160578
92977 0.014713328633870619
93147 0.004861515587996637
93474 0.0033434350996455428
93734 0.0009651227731166217
93871 0.038374596000133675
93905 0.0016291102075528445
93941 0.0072107228244452206
94070 0.009311105111031144
94076 0.03391927669793074
94077 0.04443425247428927
94141 0.051667735435220075
94197 0.024549310759275838
94199 0.027160191081996982
94242 0.02136262138186984
94347 0.010285706591270663
94494 0.026491553488728645
94563 0.008431546959068172
94730 0.022904253852726427
95144 0.02087267837007363
95300 0.018669853980793807
95313 0.0034741401465433358
95477 0.004434556135158609
95478 0.010406148120442452
95488 0.009597030771984724
95556 0.009218724579728063
95623 0.014196246796897528
95644 0.05685991968312489
95938 0.008012111746233402
96058 0.025536926709361647
96102 0.017917037288019865
96355 0.05409062616929542
96452 0.002260134917308711
96575 0.01391704480771114
96753 0.019235607131726954
96947 0.09404216162141456
97025 0.017785751606886915
97038 0.009276461894423646
97074 0.013030572573105357
97095 0.010030305298936629
97106 0.020333440350576125
97111 0.010030305298936629
97219 0.02252421939138281
97233 0.01835635202368599
97263 0.016985476918091956
97279 0.012904584785099768
97283 0.02391032520008329
97354 0.012240840902008063
97440 0.016767642443128027
97464 0.01097142036402204
97695 0.01575682711854229
98253 0.11755270202676821
98354 0.05117940768512357
98357 0.007381105062174297
98372 0.012411802367119907
98373 0.01151146437157753
98527 0.00278584655011218
98569 0.03466552724175644
98795 0.022441541653681448
98883 0.016607887262059966
99019 0.009597030771984724
99081 0.03391927669793074
99114 0.008611289239203346
99209 0.013938754600945414
99510 0.013547028193380875
99542 0.007368864423596894
99552 0.033512083646215954
99615 0.01160163249981443
99676 0.01686854916976046
99719 0.00946336217573983
99902 0.0047676236560396205
99952 0.0807895499532532
99973 0.005095671155308403
100009 0.03642151842154858
100052 0.005258491417075653
100100 0.005733451932166357
100140 0.007296264774103328
100148 0.06465439397559393
100172 0.004038310751322149
100304 0.06577855041693212
100329 0.014473697874361325
100365 0.0146165304191741
100405 0.017289592402447186
100626 0.020782798148378908
100667 0.01604133224205356
100801 0.010529443714286556
101024 0.06599449938344881
101178 0.0024813802096946467
101432 0.03027373969114338
101505 0.03628415108183846
101519 0.0274285509100551
101594 0.07011298366941715
101611 0.018669853980793807
101723 0.025833867717610037
101763 0.046155662145479545
101815 0.059019157139446096
101964 0.005231830966420838
102001 0.10596299901004458
102032 0.024963063187802958
102033 0.0584661216766964
102143 0.027260277591588507
102446 0.06038980365472872
102485 0.027260277591588507
102547 0.052095121944315544
102740 0.009343714256545572
102782 0.009369082104250517
102804 0.041337213899522884
102864 0.010579583922449827
102878 0.03151365423708458
102895 0.013829729650208024
102912 0.015113068984543928
102928 0.024036335238700208
103370 0.007260498770308704
103593 0.025833867717610037
103596 0.051519485237748526
103674 0.012455915446544976
103677 0.021159167844899653
103962 0.009962836877643334
103991 0.027670702753805586
103992 0.0327341668401752
104303 0.04003085808494528
104400 0.024747937268793308
104437 0.06757265817414843
104444 0.021058887428573113
104463 0.046285679660717984
104472 0.006722277227577802
104524 0.020391001176918083
104538 0.028122944603980547
104614 0.00919963819343463
104702 0.03554740197943142
104703 0.043994309380484424
104923 0.04231833568979931
104967 0.07254371058664749
104999 0.013842446253672668
105045 0.006358264741320717
105049 0.005800503617066414
105051 0.004278983297819775
105134 0.015062458465860767
105402 0.013506953195176238
105454 0.04560652393498794
105470 0.010969669695280605
105471 0.02539100141387958
105537 0.0033427578847525516
105727 0.06070598063721421
105876 0.015113691317785465
105910 0.0292330608383482
105943 0.06216684552021655
106009 0.02709405638676175
106125 0.037768215966475296
106148 0.1828158726206449
106153 0.13198899876689763
106156 0.14570354418800754
106182 0.1343459451734494
106183 0.1275147954188672
106186 0.1343459451734494
106187 0.15825851659697618
106189 0.15541711380054138
106190 0.1275147954188672
106330 0.032914261092066126
106358 0.02136262138186984
106389 0.0010990416145013422
106484 0.049371391638099185
106499 0.031088317891376713
106539 0.108376225547047
106541 0.0003304890477819953
106599 0.05720875354621155
106617 0.04144456368014437
106711 0.011279419684727385
106712 0.014175562315504549
106714 0.02821129513797546
106717 0.010430575698189969
106718 0.012481531593901479
106785 0.04277535242216735
106841 0.042785395947261676
106931 0.001588049527934687
106939 0.056386247774166905
106963 0.04882212998969886
107004 0.019836719854593423
107040 0.06258407267135895
107054 0.20790824729406673
107137 0.00389091527795878
107477 0.040448241557597665
107839 0.0467290244081563
108057 0.018041661701950037
108272 0.0052100920565880645
108301 0.02539100141387958
108487 0.038581399639554696
108502 0.03599699966369935
108569 0.0022839626380428556
108760 0.02136262138186984
108878 0.047316810878699156
108885 0.06770535266041112
109172 0.009896270038817209
109255 0.017845081314975607
109333 0.02510409744310128
109334 0.0014711327590365985
109403 0.008922540657487803
109491 0.002107886739767043
109542 0.027260277591588507
109567 0.05412498510585011
109823 0.041527338761018
109938 0.01640342297364598
109939 0.01391937851345488
109973 0.05042672565169398
110179 0.034987600373456114
110268 0.047125869386655125
110685 0.02776152372587884
110877 0.024890423971824893
111352 0.06856637373553295
111364 0.015322156025616988
111374 0.03366231248052217
111445 0.016831156240261085
111474 0.04272524276373968
111486 0.03151365423708458
111536 0.054215272256002804
111606 0.05624588920796109
111683 0.001276112937228296
111770 0.03444515695681338
111916 0.01695963834896537
111998 0.0072723817470195205
112050 0.021687018374679578
112132 0.06975868823682503
112157 0.021058887428573113
112160 0.07022066630461855
112217 0.04806714859810558
112292 0.021159167844899653
112346 0.07573800437141003
112361 0.05517767353865374
112395 0.002082306374124873
112400 0.08179848094765335
112427 0.03173875176734948
112442 0.013885703898215397
112455 0.001966117366118994
112615 0.059905766169476855
112618 0.058776351013384104
112868 0.01722257847840669
112879 0.0032938660099547266
112946 0.046285679660717984
113005 0.014380016981970637
113030 0.04751984549880293
113118 0.04231833568979931
113416 0.07375855813444279
114423 0.000541550913763428
114502 0.031072903828174313
114568 0.00011262864360308544
114594 0.00037532099395463524
114648 0.008781472821005783
114661 0.006473333706958122
114675 0.012623367180195815
114733 0.05832072038537337
114805 0.017702889431987754
114806 0.02759891458030389
114827 0.06116563357490378
114830 0.008399669654875097
114864 0.027260277591588507
114881 0.04483185975015617
114937 0.008004314873847625
115148 0.03680902318002513
115158 0.00648675218602763
115159 0.004039477497662661
115160 0.007493128579138156
115209 0.004920736708116198
115219 0.002848349517582645
115220 0.006267172422325707
115338 0.000818611873144607
115443 0.007754668843680501
115587 0.001814383522837455
115700 0.008611289239203346
115827 0.0032457452501306987
115880 0.0017738224540634437
115902 0.04727048135562688
115960 0.00196351093567341
115965 0.051667735435220075
115969 0.029426657267741237
116021 0.006197245812313705
116026 0.007021430614350313
116199 0.0097018018502815
116200 0.0008607952823380331
116242 0.006467867900187666
116257 0.022441541653681448
116337 0.07919339926013858
116433 0.009374314867993516
116535 0.060672362336396495
116553 0.08269983006877814
116601 0.0810871898089781
116632 0.06322162125809382
116637 0.04461735324417456
116792 0.035265279741499414
116794 0.037339707961587615
116868 0.014860954004779018
116873 0.029622834982859513
116879 0.02794607073854671
117016 0.0014855985447773073
117078 0.08717926542637529
117481 0.00459506230344253
117505 0.04076536924246722
117577 0.001032154529019495
117723 0.042755325048376626
117854 0.008274534911413271
118045 0.0011935066471740335
118071 0.0097018018502815
118091 0.03196708811099947
118329 0.0505402761890714
118363 0.018361261353012095
118406 0.020840368226352258
118443 0.012074525128882952
118485 0.0010028041632653864
118499 0.016642042125201973
118501 0.024685695819049593
118626 0.0014587738829379272
118627 0.0597093089659775
118774 0.0501558195314211
118974 0.0016481547653668127
118976 0.0020243395204687592
119014 0.0012045067084383101
119071 0.002113899643540152
119095 0.03471425974553849
119649 0.002443161431335807
119765 0.017418360171654622
119822 0.07566434412121094
120023 0.014980416410475343
120073 0.009720120064228895
120152 0.01717665052445928
120440 0.011080860966156923
120444 0.004156618566350727
120609 0.0019169220221867673
121043 0.016767642443128027
121128 0.043994309380484424
121158 0.0036332177002689507
121448 0.032914261092066126
121450 0.02658435664209599
121453 0.01798957590052197
121455 0.005026499148675257
121714 0.04003085808494528
121715 0.010919264048930575
121797 0.029952883084738428
121891 0.07643464613141379
121940 0.0005952344604727295
121941 0.0002661052370001753
122185 0.03897741445113093
122205 0.01882807308232596
122206 0.0006433220280047671
122386 0.04323777545812164
122393 0.07573800437141003
122536 0.04272524276373968
122765 0.04882884887284535
122774 0.0008546692147391665
122781 0.010333547087044015
123006 0.03366231248052217
123143 0.0292330608383482
123203 0.029622834982859513
123275 0.06757265817414843
123285 0.005808399016246963
123314 0.0677781345019204
123392 0.0015524913185540994
123410 0.022904253852726427
123453 0.08712598524370445
123455 0.037028543728574385
123457 0.03196708811099947
123459 0.04702108081070728
123494 0.024376036374244864
123501 0.013672077684396697
123584 0.02776152372587884
123949 0.0018322876107435863
123959 0.023292176252981935
124228 0.058776351013384104
124564 0.0008733147105795847
124684 0.03435330104891856
124712 0.07573800437141003
124741 0.03315988990618602
124809 0.07064414263660972
124958 0.014713328633870619
125156 0.0016362272574408797
125466 0.02510409744310128
125663 0.031291727094569906
125706 0.00887190203975609
125969 0.0008321021062600986
126932 0.044255134880665674
126947 0.001421381622843976
127151 0.05095643075427586
127206 0.03243376093013815
127227 0.03022738263557093
127247 0.07573800437141003
127576 0.0008574730311518578
127631 0.02136262138186984
127733 0.07284303684309716
127804 0.021133070027284172
127874 0.001335163836366865
128042 0.02019680116570934
128064 0.002317905710708882
128160 0.002257838032230146
128168 0.002094967113356401
128382 0.0008639753543513371
128584 0.0024441282989158012
128609 0.009878206385627631
128610 0.004866840358629712
128637 0.31738751767349477
128699 0.010442359269913194
128783 0.017632639870749707
128872 0.032672244466389166
128907 0.03222893803038725
129042 0.03471425974553849
129088 0.02001542904247264
129142 0.0018472715586435188
129194 0.020782798148378908
129307 0.009124076483426955
129330 0.005682129472415508
129483 0.012580891186811313
129522 0.001062004122234447
129551 0.018305043624606242
129770 0.04023194080060516
129849 0.0009533201560671372
129853 0.053285867588757044
130126 0.003939206779635573
130413 0.02001542904247264
130575 0.0008507419581521974
130792 0.01710213001935065
131023 0.0330337387513046
131076 0.014767856005567414
131270 0.01528692922628276
131554 0.008561513000826448
