6 0.039475696750107696
59 0.006941062173361143
60 0.003112194663647816
242 0.0064783246951370665
765 0.0046599202570519185
771 0.01991401500221711
1106 0.08483701658877064
1498 0.002478950776200408
1910 0.014167453319590803
2063 0.004470960812088258
2363 0.0029638533070472546
2450 0.01239475388100204
3147 0.012945142596854706
3235 0.0023942560059228646
3330 0.0025599280934419386
3962 0.004324114470586271
4113 0.018783802273271134
6994 0.14492990333914985
8540 0.053856777461365184
9871 0.01515200682334553
10066 0.02593635331682989
10195 0.06893771978415413
12714 0.039183415494780646
12940 0.07007803155797307
13077 0.006418350101593087
13986 0.037280519158198154
14942 0.025305955840379164
15725 0.015183573504227499
18056 0.07145211060812941
18179 0.2211594005590295
18202 0.01684463468292547
23126 0.008188893575313707
30618 0.001886827498679448
30714 0.019434470510922904
34675 0.006821366413136313
35577 0.08226567894242394
48017 0.003813770424923705
50694 0.1533580912629639
51747 0.038358501484364205
54704 0.024778818958561426
58166 0.15449422517269015
58742 0.009008795157020024
60122 0.003495498936225036
60142 0.05281242957992174
60755 0.03022713101204808
61587 0.14032044304675528
63745 0.002045731406061603
65121 0.0642700616737687
66611 0.02566237775362394
66612 0.06268413234465707
68865 0.05925296977259512
73022 0.057842184778009516
73084 0.0759178675211375
73218 0.019558731831325223
76422 0.004335973173946144
80288 0.01835797300259244
81621 0.02576169486714737
84961 0.034705310866805714
88667 0.2347886953965104
89410 0.031965417903636835
90333 0.10114632656855402
93083 0.04113283947121197
93262 0.034705310866805714
102337 0.002701302921434099
107824 0.07910161436771532
110966 0.03676665454830848
110968 0.03308271271143053
112957 0.003057095336421644
113154 0.05120270473594851
116200 0.0014118782026402944
116436 0.08106240976665623
116479 0.040996185519480366
116480 0.06714898996408487
116481 0.010096276785627403
116482 0.07399954991096241
116483 0.05643884978633331
116484 0.05623135401506002
116485 0.03972708647297747
116486 0.0840380675389908
116487 0.03319005419980531
116488 0.04273117543169037
121550 0.018227255304820666
122079 0.05132475550724788
124141 0.0024964296664704813
124146 0.02239537539267439
125478 0.04706131782183485
126171 0.005934947298069381
127033 0.02750232181897811
127044 0.05053929074370731
127874 0.005714508511754008
