244 0.002175171608277158
532 0.004395017420973606
556 0.026941725212883655
966 0.00471204601246373
1067 0.006387399898495212
1068 0.0014110424280160826
1076 0.013317091412907149
1231 0.0005794905778704576
1567 0.003142159290336573
1903 0.011534878435715113
2773 0.003294500793689548
2907 0.009046304079321766
2942 0.0018273747345155273
2958 0.004448576773057155
3137 0.00855967530815825
3211 0.00220218757928131
3216 0.0019094660302814558
3495 0.004549680790626636
3528 0.0098504199974837
3723 0.0019607471085038644
4044 0.005001276956310205
4065 0.03164841214766453
4522 0.014552894857527442
5030 0.019536650485005958
5211 0.01481089402962943
6399 0.008318719300824036
6962 0.06972769211701946
7362 0.008385977639566616
7617 0.01098365415648625
8289 0.009153045130405208
8636 0.005095044826284673
9056 0.007986827024986784
10735 0.007865354370614362
11003 0.06464338123348679
11657 0.0006029111627722462
12532 0.012639031768665439
12533 0.00624951117665129
12580 0.01020684966844528
13331 0.014740533487920978
13669 0.0018338547867655826
13854 0.04464578847780382
14511 0.09696507185023018
14940 0.04120498070927425
15452 0.007733044943934474
15668 0.04810670231329249
15715 0.027953894587453745
16894 0.003906049380306552
17825 0.01874853352995387
17862 0.01723823499559648
17863 0.06849566058152116
17865 0.05884197061903423
18077 0.0036144729387769603
18208 0.07428237348048065
18221 0.025857352493394714
18239 0.03635734544299178
18242 0.0238683253785182
18988 0.009415119026007729
19067 0.010699594135197813
19071 0.07424837391920033
20208 0.009726903759270739
20951 0.0024616281627983863
21745 0.004142699998941743
22360 0.014332019857770741
23099 0.038307188879103275
24228 0.015475722190560428
24355 0.004332499616372147
24817 0.04123886499488301
25016 0.015361806086757798
25037 0.0016718115836246582
25056 0.030455863284129348
25615 0.01719048365211837
25951 0.017884047834048216
26295 0.0037406658218292533
26892 0.09126124409433428
27059 0.01233750417179867
27350 0.0017109910665604443
27462 0.003098234946787185
28525 0.007855398225841432
28579 0.05045337071881896
28923 0.0031106589465738003
29265 0.0047013368169808575
30115 0.03902996602776561
30323 0.018524670443029048
30409 0.007232825872278242
30530 0.015671122723269527
31464 0.0015303981747015367
31542 0.004777339952590247
31642 0.031342245446539053
32077 0.008703737164677042
32218 0.0076994597995219995
32221 0.008133374309848927
32468 0.06466716623421186
33411 0.04544512541606228
33412 0.30287194992592265
35331 0.002890435304338487
35778 0.004259275633778127
36467 0.0034611068591270115
36862 0.010041690288696977
44625 0.238683253785182
46488 0.016330959469512452
46584 0.021622873165208122
47140 0.024432144088246975
47348 0.016160845308371696
48896 0.02804693384021689
49271 0.05518429596107913
49615 0.014233326608540627
50253 0.0064109138413375325
50389 0.00867939104673389
50703 0.0028917821987021115
50759 0.006760092155135873
50861 0.003383732060204325
51200 0.11227149867943685
51861 0.017196845880564034
53107 0.008691547056603265
53841 0.015923420502832814
54826 0.021709241390546745
55578 0.007847104430936986
55733 0.009733552949786752
55824 0.0037656338582613656
56010 0.015571799229899597
56073 0.04169552711517708
57418 0.05190242762418199
57514 0.03738412408683573
58063 0.021399188270395626
58978 0.006211976574989721
59929 0.011061968981131428
60961 0.006926076560730726
62420 0.006684028580796514
63002 0.26989262364574634
63634 0.001861296819610501
63769 0.01579074961428685
64608 0.05100617880109041
65173 0.0030544397770420418
65241 0.0042505236975443365
65261 0.04513981460029168
65488 0.009445608216765192
66099 0.03506081694019622
66331 0.016203040726931413
66397 0.015437225369190875
66401 0.006946672847403594
66609 0.028466810084471248
66649 0.21443413944948214
66870 0.003578872317424874
67135 0.002967845336401115
67297 0.006030282659737057
67760 0.009112723345689766
67829 0.0035041019753894584
67874 0.09262335221514524
68105 0.11131191322063824
68273 0.004784732619774419
68348 0.09696507185023018
68394 0.008306144532035275
68661 0.0035726911907971973
68959 0.002044059485643851
69177 0.029272474520824203
69455 0.03978054229753033
70617 0.006761436829488174
70942 0.00603086938621451
71787 0.0005214051922714444
71881 0.0032679118475064405
72062 0.0014091200268879953
72295 0.00204810712818968
72323 0.04590067712952849
73468 0.016817790239606317
73649 0.03598381107200214
73742 0.0181455105216805
74253 0.07757205748018414
74275 0.015136011215645687
74582 0.020548889398724277
74602 0.03354467350494449
74730 0.005191340332522047
75593 0.002152537148253462
75973 0.006274787258255542
76182 0.001015839678902395
77311 0.0017935735833568588
77451 0.0019533410759882694
77757 0.03490788316619477
78443 0.0024175163998499147
78704 0.019314839766589383
78847 0.017204086983903136
79498 0.018977873389647498
79531 0.18115987643145903
80286 0.032804770394999176
80325 0.017781560453910404
80329 0.02607179765428612
80335 0.021473233904549246
80344 0.1194008276480071
80501 0.03447646999119296
80582 0.043095587488991186
80588 0.03800003141967255
80836 0.021678122381184446
80995 0.02913504506297996
81078 0.01284837390976135
81860 0.001180925708547047
82388 0.07568005607822843
82482 0.0023026955838273584
82707 0.059234293795822755
82708 0.011775644399268941
82875 0.0065392672269912865
82911 0.014917703361573874
83252 0.006782256391710089
84158 0.024146943962703234
84271 0.003417271254633663
84335 0.002083170392217097
84655 0.08095795365151665
84909 0.0030052128805882474
86765 0.013699259599149517
88297 0.026981585210498833
88348 0.002214762526200832
89658 0.006902963958192137
90337 0.03447646999119296
90610 0.01346152841304714
90820 0.004844468851221492
91850 0.025538125919402188
92854 0.012639031768665439
93982 0.0028890896640664486
94279 0.004423210690245711
96091 0.005501564360296748
96490 0.07294966043169714
96780 0.016330959469512452
98346 0.0015843157003867072
99391 0.23349495184499164
102625 0.04056055293081524
105376 0.013699259599149517
106522 0.011556358656265794
106948 0.006319515884332719
107003 0.05259122541029433
108544 0.0032252337411626236
108618 0.12168165879244572
109463 0.007709024345856809
109721 0.19748240754566806
110418 0.01753040847009811
111023 0.0416494268349982
111574 0.01798772347366589
111593 0.01233750417179867
112072 0.0005855599734303389
112188 0.04429759811841726
113793 0.05641604180377028
114048 0.010721706972474107
114084 0.013976947293726873
114379 0.14633139153724353
114407 0.0649444754235269
114408 0.11335609195637793
114409 0.13711834321883812
114682 0.023960481074960353
114882 0.031028822992073657
115283 0.040037190957514394
115290 0.0030859097953330338
115566 0.013945538423403892
116043 0.00264300025486147
116167 0.058557330438156203
116432 0.005107625183880437
116784 0.0019669618378493603
117252 0.004027102270223706
117640 0.0015623777941628225
118252 0.003498176211056782
120182 0.026184660752804772
120293 0.032034368393367756
120418 0.005288008471577566
121755 0.016330959469512452
128035 0.04056055293081524
129479 0.005486971351383494
129813 0.00564673757817537
131136 0.019152196833550992
131291 0.01042985646792392
131299 0.028597993541081713
