24 0.005829836328332039
55 0.0014059068952739155
68 0.06327454742258604
73 0.07554151551680609
118 0.006818747869723135
121 0.012361166009985273
143 0.04146167451217395
160 0.0038536009143838976
167 0.012666096271022116
184 0.0063599666805992825
185 0.011964452331221181
186 0.007556198658141467
211 0.002393670562320703
221 0.012001310803582967
255 0.07421921607182541
256 0.011181392626730955
262 0.006444015928293274
269 0.0011647390055313496
276 0.000996456127303484
291 0.01992088737146387
293 0.0009467507352502468
296 0.0027687980385052912
308 0.0053986686272254215
309 0.0050642999754651604
321 0.006986746005643849
341 0.002580757357545105
355 0.011396819725518335
358 0.0066494548191644905
363 0.007717090013287903
374 0.005404886402927627
411 0.0015362825825029497
417 0.00572188717551617
526 0.003242485690563669
531 0.021144099753922174
540 0.04067717506843332
564 0.011447989645881623
566 0.0062106230862003925
585 0.0054106113848420385
629 0.005726221249941732
702 0.012995579689106878
736 0.004206679532193941
738 0.00767866097602408
817 0.0017065474843223076
820 0.0043309524860532704
936 0.0005368435126831021
1024 0.0063182893104774
1033 0.001568777983694844
1053 0.004995704397817882
1088 0.004980221842865967
1109 0.003295184377234625
1116 0.053184284237421726
1130 0.004229231408038133
1153 0.020427350609721423
1174 0.018001966205374448
1188 0.005291827380784035
1215 0.01763729477082177
1217 0.08170940243888569
1221 0.005023388782234578
1237 0.007125202749702883
1305 0.04260732774493681
1383 0.004662335342257501
1470 0.005552664365655508
1506 0.0016292175545435132
1540 0.021367582768360205
1636 0.0014487782423701805
1750 0.009889643213509717
1779 0.001382684844529239
1786 0.001636962561593975
1866 0.005251475755876096
1874 0.01271404457556635
1918 0.09382088066107584
1922 0.016259794058792028
1944 0.014988303714696949
2023 0.008198732557643293
2026 0.015666826521139342
2073 0.0033042184673709777
2085 0.001733865468281138
2093 0.0027850114060625395
2098 0.0013050500118825816
2147 0.008143335716037595
2170 0.0012495735468880914
2184 0.004879407635520502
2249 0.011644576676073081
2294 0.0014778831219786192
2301 0.008458462816076266
2407 0.0015102928395658696
2527 0.023124857183917148
2566 0.00471659907105848
2626 0.001664659787256304
2680 0.0024952664305870893
2698 0.012824948150649875
2802 0.0004168126183550282
2876 0.005217375263954823
2931 0.023990493549090514
2937 0.012092469062983108
2938 0.0020103647806064455
3006 0.005886269528564416
3031 0.01679740328883016
3329 0.0014934494249982206
3374 0.0016144858485915123
3430 0.04560009283527149
3482 0.039515202818805384
3508 0.0019176033189714625
3528 0.00765215038713374
3743 0.034190459176555006
3744 0.007467901754358277
4038 0.0505855250371022
4102 0.016456485115954832
4107 0.006991779549012053
4197 0.021883154470545837
4270 0.007640023365917997
4329 0.03493373002821925
4473 0.016509776520185808
4474 0.0025134800541680167
4541 0.0018920152056099908
4559 0.008883608502336488
4571 0.022027278037708313
4649 0.004874473957425941
4676 0.05683766858101371
4963 0.0036326078946160726
4999 0.004095883384786963
5149 0.02939545575545278
5171 0.0009792941352745768
5223 0.011533145320321186
5281 0.033949681295029975
5310 0.012298098836464938
5311 0.020929273378239993
5326 0.012984174369224536
5346 0.009235353915506237
5414 0.0014675356906831832
5652 0.001363584466674507
5727 0.034190459176555006
5731 0.002312160548630339
5821 0.017220288222602527
5849 0.010784909941597889
5869 0.01688999166514264
6089 0.022633120863353316
6357 0.014433696838006755
6378 0.0036356370617603743
6488 0.02242422147668571
6489 0.011903345046652485
6594 0.004308181183104787
6850 0.003909857862039137
6891 0.0046829699469383805
7123 0.015112397316282934
7143 0.0032117619879375456
7410 0.013241811725321535
7482 0.0460133695087806
7491 0.018758189664958194
7537 0.006079261972123905
7544 0.007406911631137565
7576 0.017279049261269736
7581 0.018905312721153946
7623 0.04919239534585975
7643 0.005437845204460516
7657 0.0150182390775522
7674 0.017855017569978728
7693 0.003666049234900575
7875 0.004939400352350673
7903 0.008508919266123162
7934 0.00838409520677262
7952 0.008487420323757494
7971 0.02739122013576282
7999 0.04547976173485147
8095 0.07195305587901875
8135 0.02708345361738346
8138 0.010502951511752193
8187 0.017118620993943214
8374 0.00399077379461445
8390 0.007012385410235049
8467 0.010170579628468894
8612 0.0031042206979357734
8677 0.006986746005643849
8704 0.03624702814958087
8726 0.014370451791397178
8771 0.015112397316282934
8795 0.010412213269750014
8906 0.02166474292115431
8913 0.028525767715350626
8936 0.023516364604362225
9055 0.022180479938895645
9100 0.025642844382416256
9168 0.009270874507488956
9175 0.008765190443444102
9272 0.025240077193163648
9274 0.1218271136942328
9298 0.021426021083974473
9348 0.0028109940197634147
9668 0.0016606457953476598
9791 0.006497108819264496
9797 0.022318771962473408
9886 0.02000354665516289
10098 0.02878868109863953
10220 0.003022479463256587
10346 0.022013035360247745
10474 0.017594360379176117
10518 0.03239054213299047
10531 0.013690263880135915
10556 0.009328476134301255
10579 0.009899085716415311
10619 0.006727123603772972
10780 0.02537291970470661
10968 0.013773870696840732
11219 0.010970990077303223
11221 0.021146157040190666
11222 0.010344688146646666
11260 0.015255869442703343
11307 0.0056318396540820746
11334 0.0012235671938817909
11393 0.03429586814081344
11394 0.08414862492282059
11395 0.14073132099161376
11520 0.022527358616328298
11555 0.01073687025366204
11584 0.017808016240143866
11676 0.05297642575707974
11686 0.011263679308164149
11740 0.010345181853850334
11861 0.03200947693142587
11927 0.0038505229583819934
11963 0.005240059504232887
12053 0.002366644449628992
12107 0.0698674600564385
12161 0.01354172680869173
12162 0.01469772787772639
12259 0.04680441498926462
12262 0.0015952530588663986
12341 0.02720805539171199
12424 0.017217338371050914
12515 0.018979743086197858
12518 0.0068476062447219875
12738 0.053700109325747356
12837 0.028028225255199164
12997 0.017217338371050914
13144 0.06603910608074323
13182 0.00699688642074638
13207 0.008010222392064375
13250 0.014305206955175835
13319 0.013391263177484045
13332 0.054009288690764976
13333 0.16004738465712934
13376 0.02678252635496809
13712 0.008628347375807185
13961 0.010525883720293136
13977 0.005735824088309703
14053 0.08162416617513599
14055 0.004565109965052347
14090 0.11211290102079666
14120 0.0150182390775522
14156 0.00135189420748577
14237 0.03139391006735999
14238 0.03814213372669906
14506 0.015285424377366288
14508 0.1060054106170597
14542 0.011874026462793735
14813 0.017671241921863194
14828 0.005711913203666181
14830 0.02429290659974285
14832 0.012361166009985273
14840 0.017855017569978728
15013 0.033868948620388376
15213 0.0052860249384805436
15247 0.004409733450844731
15294 0.011932808772015486
15303 0.014220810453965357
15355 0.0063432299261766524
15372 0.033452527120957365
15445 0.02199165929670087
15478 0.022318771962473408
15521 0.028740903582794356
15615 0.014054970098817073
15651 0.028192133005229568
15722 0.0020851447854213913
15731 0.012392942786360555
15769 0.056683448732733316
15770 0.012959286945952303
15891 0.07089492270432729
15932 0.005625268079223169
16035 0.011758182302181112
16040 0.0021514013224864514
16157 0.0025932516104864205
16221 0.026200297521164435
16340 0.02678252635496809
16402 0.01083986270586135
16405 0.019606792650039614
16406 0.005801269246563485
16427 0.07773730111917712
16542 0.0023350030708902624
16563 0.004944466403994109
16600 0.09641709487788512
16601 0.050163658558057656
16606 0.001998910869009324
16612 0.04138121759400338
16730 0.02017094035102199
16741 0.11030292726369725
16770 0.1297064744541082
16777 0.007615884271554907
16858 0.15115586328728883
16912 0.07903040563761077
16913 0.12003553849284702
17004 0.001871146978886726
17061 0.008472503943575143
17089 0.0013703396088386175
17102 0.07089492270432729
17114 0.0006585867136467563
17214 0.02096023801693155
17289 0.02869556395175152
17461 0.03031984115656765
17627 0.004573865980924342
17850 0.0060739062783172855
17899 0.004835360826373376
18077 0.001658360765013504
18114 0.03473368773410041
18168 0.019676958138343904
18463 0.0014141551023450444
18473 0.006868543146106471
18576 0.0033578177920413014
18666 0.0035447461352163647
18702 0.02025569220123637
18740 0.008018090979875832
18748 0.017095229588277503
18827 0.04251258654954999
18850 0.008927508784989364
18859 0.0017266671718818968
18988 0.004319762315317434
19018 0.003743831739360365
19023 0.010480119008465775
19122 0.011133613727238466
19217 0.009288737464150782
19368 0.0602606842986782
19515 0.008654495301471719
19714 0.010149167881882644
19853 0.011533145320321186
19875 0.05101510385945999
19877 0.011415967297221816
20052 0.014146302630006236
20171 0.014453007153457771
20313 0.010213675304860712
20592 0.007474193401386444
20681 0.02537291970470661
21107 0.000948987154309893
21250 0.008994510157257966
21292 0.010397846872991202
22460 0.0033028936236385122
22932 0.07027777172656681
22953 0.0057807483126866835
22967 0.015806081127522152
22990 0.16623637047911227
23000 0.056715938163461835
23024 0.10681481651618872
23025 0.007440671483604009
23044 0.014494419781404642
23245 0.004639898694797167
23260 0.016036181959751664
23262 0.011643960937965188
23268 0.014137403941038875
23327 0.011594341786240905
23361 0.004030823020994369
23426 0.098342368885706
23955 0.03919394100727038
24179 0.005386429881446096
24355 0.0016037440931118618
24369 0.09367689821685593
24391 0.03778896582182221
24392 0.019698593306734485
24393 0.032224029386927
24394 0.04895309996226783
24395 0.02534911993016645
24396 0.034152370784575725
24397 0.06573701994933108
24398 0.013976740783413695
24399 0.009212659839180131
24646 0.10519855494192254
24649 0.003552582714734161
24684 0.001780884648649522
24736 0.00602606842986782
24738 0.01409743802679378
24770 0.0021569819883195777
24771 0.0013989711967191689
24885 0.020427350609721423
24899 0.03443467674210183
24918 0.02641558775894368
24922 0.0038163353479518823
24945 0.007818347507181763
24990 0.006612969470362491
25094 0.022633120863353316
25103 0.027236467479628566
25123 0.004796870391934583
25233 0.006550074380291109
25248 0.05605645051039833
25343 0.009981065722348357
25357 0.0487456715725972
25626 0.018123514074790435
25628 0.03011043156970369
25629 0.007990334510599596
25661 0.028357969081730917
25695 0.04937329824520575
25804 0.006125609585634379
25853 0.014472369889208506
25895 0.013122055781349468
25920 0.011133764344527832
25963 0.1205213685973564
26072 0.021423665662765348
26145 0.07195305587901875
26150 0.0022308443979149727
26154 0.009253080122637727
26476 0.007195305587901875
26567 0.00699688642074638
26592 0.006896458764431112
26743 0.018831463843336938
26863 0.013853030873259356
26955 0.0074281240876802055
27023 0.022837708820362165
27050 0.00336416939559962
27211 0.06886935348420366
27573 0.00240441633111933
27594 0.0017730249150034042
27608 0.021624019720174695
27609 0.006704944010979493
27944 0.006818747869723135
28019 0.00695858194161432
28022 0.13376719175735977
28377 0.009489871543098929
28430 0.016864497143623133
28443 0.0027205726545678644
28495 0.021813822370562248
28497 0.030706081171300997
28625 0.03493373002821925
28688 0.19908333213447799
28744 0.0025738679892654865
28923 0.004091436901009322
28969 0.0008327612271366827
29143 0.003345492535665688
29226 0.009147731961848683
29273 0.01913037596783435
29302 0.01550114065560854
29353 0.009489871543098929
29640 0.01469772787772639
30396 0.012112700361543357
30492 0.0070687019705194375
30618 0.0007371337528890299
30739 0.003205355547802032
30812 0.0022847652814664723
30860 0.004959727102771869
30903 0.011444688922421313
31061 0.002061956691143822
31209 0.1620278660722949
31433 0.07235206598196817
31706 0.005398493554192896
31857 0.030023200809201574
31908 0.006631161958589074
32054 0.0017192777260678519
32110 0.01201506338169166
32181 0.02372795528346976
32327 0.020869501055819292
32502 0.01819190469394059
32873 0.010809091354022997
32884 0.008346029261261347
33552 0.004433437777134286
33594 0.004939400352350673
33669 0.022013035360247745
33772 0.0221140125866709
33773 0.035335136872353234
33786 0.015314102471882921
33802 0.14320029153532626
33828 0.010595285151415947
33943 0.06886935348420366
34690 0.028357969081730917
34995 0.0013691720374593172
35008 0.002545329854220832
35074 0.017341204114727542
35105 0.020086894766226066
35164 0.19908333213447799
35445 0.006056350180771678
35952 0.020875745824842962
36142 0.018758189664958194
36389 0.021618182708045993
36394 0.00771336759023081
36478 0.009041201972672422
36531 0.003226810404213023
36545 0.015564776934492985
36605 0.020427350609721423
36678 0.02484976672110441
37096 0.007497441281328548
37098 0.0025174176208325096
37180 0.006905597815155327
37362 0.002861041391035167
39083 0.005481811025865411
43183 0.00930666938975725
44696 0.0147426750577806
45020 0.0009525498407220423
46442 0.003421472493892304
46568 0.0064796434729761515
46709 0.02693214940723048
46821 0.002452113298013355
46943 0.01929649318561134
47127 0.004745591056693952
47163 0.0040073605518655495
47329 0.0029758362616631212
47542 0.005428890477358396
47624 0.005914302369090483
47661 0.02295645116140122
47671 0.0765215038713374
47678 0.0048646364721435485
47694 0.01545912238165454
47845 0.05639205142712225
47966 0.013428564746223556
48149 0.014249443672423154
48150 0.024225400723086713
48159 0.017808016240143866
48163 0.006552529149883705
48189 0.05334912821904312
48310 0.004152329667436913
48311 0.022847652814664724
48315 0.09452656360576973
48337 0.04793324371305391
48378 0.05007617556756808
48379 0.039816666426895596
48380 0.04412117090547891
48395 0.03962338163841552
48396 0.04412117090547891
48397 0.03850196517695093
48398 0.05007617556756808
48399 0.05552664365655509
48715 0.016915279803137742
49814 0.024007107698569403
50114 0.01964288370284861
50207 0.004227791478236707
50562 0.0007793027131481379
50625 0.033986532527878234
50861 0.0026286012780230407
51117 0.04547976173485147
51367 0.01265316205746524
51446 0.047731235088061943
51485 0.0036247028149580876
51514 0.002486258248527208
51777 0.01668115828337113
51851 0.0017143864665342306
52132 0.007877213633814144
52390 0.014245055178906802
52766 0.006956500351939764
52971 0.0013985653449069498
53144 0.0014523218820588948
53154 0.001881676324705018
53312 0.04079477825572758
53357 0.0022453911243103196
53400 0.0041182727636294636
53693 0.011972905334225374
53709 0.0047449357715494645
53720 0.05605645051039833
54200 0.02035634810346165
54603 0.008944071881065411
54679 0.013973492011287699
54824 0.0029521461995678237
54974 0.07353528484246484
55294 0.013244106439269935
55458 0.0602606842986782
55606 0.007447460417439414
55834 0.02025569220123637
56501 0.0007525530352629186
56505 0.0021240728380969237
56737 0.02138922834549776
56739 0.013391263177484045
56742 0.008069339677401918
56744 0.011729573586117412
56822 0.015115586328728883
56824 0.02886739367601351
56826 0.019205686158855526
57126 0.03708349802995582
57221 0.002685712949244711
57238 0.0051660864667807576
57313 0.06278782013471998
57342 0.08012561235067171
57518 0.0602606842986782
57597 0.01050504069178069
57742 0.003060860154853496
58535 0.020341159256937788
58863 0.0034607715318695307
59625 0.022739880867425736
59680 0.016324833235027196
59811 0.0014485741417951492
59846 0.01801857972961059
60147 0.017988263969754687
60251 0.0025520670957619143
60413 0.000700705631379979
60534 0.0037632165133764856
60917 0.0063534028322121275
61129 0.01959697050363519
61194 0.010170579628468894
61260 0.007592945690710323
61686 0.0018351179078394582
61925 0.0016042777849897692
61957 0.012308924793596339
61999 0.011081166492245827
62083 0.13222963782911423
62110 0.011915936667903063
62184 0.009044755617062394
62420 0.003149080485151851
62518 0.005155994378496531
63112 0.13391263177484045
63118 0.009317827188942463
63365 0.010170579628468894
63505 0.010525883720293136
63517 0.005780401371575847
63671 0.056683448732733316
63720 0.008297512467976345
63721 0.0032750371901455544
63739 0.004749610585117493
63745 0.0007992133196111167
63776 0.0014494452026140277
63820 0.0011343317644826147
63858 0.023429691427969326
63860 0.02132008725210548
63863 0.011588593134361194
63888 0.00857028177370732
64092 0.02000354665516289
64112 0.10257137752966503
64311 0.0013462314280631824
64424 0.004703272920872445
64602 0.039242387584199984
64718 0.004033933416036859
65246 0.02295645116140122
65670 0.017034822416587478
65740 0.0067402284207379
65772 0.005189294665117606
65782 0.009622464558671169
66074 0.04919239534585975
66082 0.012959286945952303
66136 0.014833399211982326
66228 0.002219546383008405
66250 0.02199370653787052
66448 0.01782187034391615
66485 0.017341204114727542
66714 0.016856135468161736
66853 0.02648821287853987
67176 0.04591290232280244
67285 0.07226503576728886
67418 0.01575442726762829
67457 0.028028225255199164
67467 0.003248554409632248
67479 0.04293420183977972
67518 0.059516725233262416
67595 0.005053306859427942
67710 0.009264945082308284
67930 0.006244630497272353
67954 0.0018233187382353465
67956 0.003627430206090486
68134 0.015402091833527974
68233 0.01629224873755209
68297 0.02497852198908941
68312 0.03347815794371011
68420 0.004138072741540134
68493 0.006298160970303702
68503 0.050908760262887
68543 0.014433696838006755
68609 0.015402091833527974
68750 0.10713010541987236
68753 0.029041293637917208
68907 0.001232324832283808
68910 0.04820854743894256
68950 0.0698674600564385
69064 0.004944466403994109
69373 0.035447461352163645
70448 0.02096023801693155
70616 0.002415257887722573
70787 0.006838091835311002
70891 0.011082424698607485
70953 0.015314102471882921
71027 0.0032974367336973676
71044 0.010572049876961087
71356 0.041858546756479986
71433 0.008733432507054812
71440 0.014220810453965357
71456 0.040346036696475976
71457 0.04456512212264827
71507 0.05298687748440858
71535 0.007968354948585547
71580 0.04138121759400338
71581 0.06391099161740522
71589 0.05552664365655509
71622 0.019388162986968164
71625 0.023122993250746734
71630 0.03812036708804684
71825 0.005149789664046434
71836 0.004099656764195679
71868 0.006695631588742023
71907 0.021521672963813642
71920 0.005051000382124751
71933 0.0031139135141337155
72040 0.0983847906917195
72322 0.0009733601123167636
72361 0.012219186553164067
72501 0.002458365499181161
72526 0.09801838847791727
72577 0.010001773327581445
72655 0.015774862680431097
72665 0.011056945363301027
72711 0.020875745824842962
72720 0.026938668704665335
72774 0.05739112790350304
72903 0.01245698900231074
73013 0.0008647273083218397
73350 0.027866212392452346
73452 0.07416699605991164
73485 0.028196025713561126
73527 0.012056745372989066
73544 0.05183714778380921
73957 0.06427806325192342
74079 0.012218725854372512
74271 0.0029485350115561197
74581 0.0063348945386258295
74636 0.0037208918747408753
74703 0.004370239744026108
74725 0.0079815475892289
74770 0.0052362214342890024
74990 0.0016375185950727772
74993 0.012654909484517205
75250 0.02886739367601351
75301 0.006631161958589074
75376 0.017466865014109625
75570 0.007462623442560768
75616 0.00368566876444515
75695 0.0013011753694721338
75975 0.023057674060772873
76013 0.011815820450721217
76135 0.010235360390433665
76182 0.00133612974586898
76458 0.035188720758352235
76796 0.0015323759516510669
76872 0.013649526116243474
76941 0.011368268269517546
77099 0.02939545575545278
77110 0.012821422191208128
77386 0.011159385981236704
77584 0.010618622783908054
77620 0.00979881946880384
77972 0.0023978897231238536
78336 0.022013035360247745
78627 0.017095229588277503
78911 0.008442827922757017
79162 0.003056978277675495
79205 0.006926515436629678
79224 0.010665607840474017
79385 0.007640023365917997
79584 0.03814213372669906
79586 0.017279049261269736
79750 0.004617676957753118
79918 0.0003746633901364912
80012 0.0037169273275977303
80282 0.01422023800960557
80399 0.005441145309135729
80763 0.008733432507054812
80765 0.09352828041571494
80782 0.035073105155893104
81620 0.004644368732075391
81909 0.0004054886654802133
82135 0.008733432507054812
82176 0.0030743565414363835
82393 0.010811147837766353
82434 0.03141958076838646
82438 0.03356276030184484
82441 0.00930666938975725
82462 0.018330246174502875
82476 0.003350142282066891
82482 0.001788814376213082
82504 0.011396819725518335
82507 0.014787897987405695
82574 0.013354168265635059
82579 0.0352799356891834
82582 0.0553274393235095
82608 0.06690505424191473
82632 0.0014116704960158875
82855 0.006249936154298314
82919 0.0051285688764832514
83050 0.07416699605991164
83147 0.001322705658323383
83191 0.004530909212734517
83305 0.04820854743894256
83310 0.0016945007887150287
83312 0.012517135461746725
83503 0.0011159385981236705
83715 0.001438631675289244
83750 0.015112397316282934
83866 0.0416341769852693
83871 0.008212699734061765
84137 0.0054596316465393615
84203 0.036602765100957835
84459 0.011962418719340586
84733 0.00547202581599802
84998 0.006003555098249385
85100 0.010956488054305127
85125 0.024220820823482484
85462 0.03859186118793354
85581 0.031102288670285524
85611 0.0442280251733418
86425 0.006847805033940705
86514 0.004971952872050643
86686 0.007395544596067573
86721 0.02410427371947128
86727 0.009081421647125358
86809 0.14608650739073503
87084 0.09171254626419773
87150 0.05605645051039833
87151 0.04869550246357835
87185 0.035447461352163645
87237 0.005344628319173233
87533 0.018905312721153946
87602 0.026634556596100863
88170 0.005172590926925167
88211 0.026245712596506744
88244 0.03213903162596171
88358 0.03624702814958087
88374 0.0040208948854746785
88472 0.00913040671192094
88801 0.008061630006512135
88879 0.002631470930073284
89057 0.003792499589706198
89225 0.0022633120863353316
89315 0.020086894766226066
89410 0.035800072883831566
89665 0.05879091151090556
89673 0.03186697642973113
89915 0.03548876790223303
90065 0.0150182390775522
90325 0.003026274164403174
90345 0.0159630951784578
90429 0.012266805964107523
90431 0.004889852589376723
90788 0.05297642575707974
90857 0.003639062245882121
91268 0.014707056968492968
91420 0.0018235962058788197
91430 0.06035276628268959
91449 0.03150885453525658
91451 0.058082587275834416
91484 0.01951763054208201
91488 0.046894309690034074
91492 0.025507167957112466
91593 0.012082342716526957
91616 0.02886739367601351
91696 0.013135843988812687
91837 0.031305272093246406
91873 0.04213911535213531
91875 0.009919454205543738
91877 0.027025435504095943
91950 0.011734814495387554
92030 0.007268035206480202
92055 0.035508477317481885
92240 0.017530380886888203
92842 0.028192133005229568
93805 0.009546247017612388
95426 0.011560802743151693
95428 0.02374805292558747
95429 0.04765706348040115
95580 0.009253080122637727
95603 0.024722332019970546
95786 0.005428890477358396
95902 0.021766444313369594
95925 0.011561787428274309
95927 0.013976740783413695
95981 0.06745798857449253
95986 0.10257137752966503
95989 0.0698674600564385
95992 0.019054761833574133
95999 0.012620038596581824
96016 0.014564515842580835
96072 0.01826081342384188
96104 0.09452656360576973
96183 0.0010613111565895097
96263 0.0031223152486361764
96375 0.052969136164504924
96377 0.023066290640642372
96554 0.11478225580700609
96608 0.009939906688441765
96612 0.07416699605991164
96762 0.038684438945562075
97015 0.02242258020415933
97262 0.009546686102355085
97263 0.00878115618195675
98048 0.07089492270432729
98145 0.02407792512540884
98197 0.007615884271554907
98332 0.030685776757569914
98342 0.06886935348420366
98623 0.006926515436629678
98709 0.010170579628468894
98762 0.0150182390775522
99030 0.016397465115286586
99307 0.07195305587901875
99308 0.098342368885706
99530 0.03150885453525658
99761 0.01778913189628877
99889 0.07903040563761077
100075 0.017553584123685156
100157 0.00691657782481242
100230 0.016397465115286586
100385 0.024992492196552658
100492 0.19837460798863607
100546 0.02484976672110441
100548 0.03678947275425615
101200 0.1506517107466955
101721 0.019859894446505103
101770 0.017095229588277503
102077 0.014867789831536606
102279 0.028028225255199164
102335 0.0022858486220456407
103043 0.0983847906917195
103131 0.05478244027152564
103205 0.028549116086062074
103333 0.0029006346232817426
103350 0.01617736491239683
103373 0.004304334592762729
103446 0.007654462986862885
103448 0.10713010541987236
103873 0.021521672963813642
103907 0.035335136872353234
104227 0.05198231875642751
104292 0.01805563574492231
104387 0.0025240077193163647
104431 0.03151512207534208
104481 0.013618233739814283
104516 0.03213549849414802
104944 0.0003519642800536071
105014 0.004497065992438672
105105 0.03347815794371011
105143 0.0071104052269826785
105682 0.010548916288608875
106903 0.016856135468161736
107070 0.035710035139957456
107240 0.0038659621041654017
107241 0.08002369232856467
107242 0.11758182302181112
107243 0.052415504746064406
108295 0.06886935348420366
108296 0.028525767715350626
108462 0.011903345046652485
108692 0.013773870696840732
108872 0.018330246174502875
109252 0.008593323964160885
109258 0.038321204777059144
109343 0.007664315968035384
109422 0.02340220749463231
109702 0.028357969081730917
109766 0.003856683795115405
110048 0.012719933361198565
110141 0.005850551873658077
110165 0.04343112381886717
111089 0.013391263177484045
111140 0.005509548278736293
111670 0.0021843474145420284
111720 0.0012404888476464434
111776 0.012022081655596649
112014 0.0025174176208325096
112015 0.0041739002111638585
112157 0.022847652814664724
112444 0.018979743086197858
112469 0.0016539851301952577
112543 0.0026947203710979634
112907 0.01292454354931436
113123 0.0221140125866709
113148 0.043043345927627284
113603 0.00479210213110761
113852 0.02708345361738346
114045 0.0037742711585081823
114541 0.005857660685169205
114568 0.0002564408650365112
114641 0.007640023365917997
114857 0.016016128717256665
114937 0.007006366195290642
115140 0.016739078971855056
115522 0.020869501055819292
115782 0.024528160478686604
115783 0.06237622001996756
116227 0.03031984115656765
116370 0.02633037618552773
116416 0.11181392626730956
116677 0.004666848735618834
116770 0.11478225580700609
116880 0.007813378839374807
116959 0.013787865907962157
116965 0.02170855483381276
117254 0.0028324645968826417
117311 0.040011846164282334
117373 0.11478225580700609
117455 0.0021823697346737237
117940 0.016509776520185808
117955 0.007929037407720815
118220 0.041657716948504384
118388 0.025779971892482653
118447 0.026200297521164435
118525 0.02812708677538616
118577 0.02123724556781611
118618 0.0009473088512270105
118743 0.012753583978556233
119047 0.021715561909433585
119055 0.006562452077086674
119097 0.002066830487088203
119318 0.00518371477838092
119495 0.0019100058414794994
119534 0.06525115988801147
119952 0.001163741191616064
120042 0.007775572167571381
120073 0.00622849450115537
120285 0.017279049261269736
120537 0.05183714778380921
120730 0.008075133574362238
120734 0.006298160970303702
120770 0.04067851998706809
120905 0.10043781254507297
120946 0.01913037596783435
121195 0.009078822493209522
121354 0.0028324645968826417
122052 0.00914044414055274
122070 0.0038139673606758357
122092 0.034440576445205054
122125 0.010760836481906821
122331 0.006867314449991818
123680 0.05024772866603035
123773 0.03090291502496318
123828 0.023122993250746734
123856 0.012787413113777867
123961 0.008733432507054812
124096 0.008311818523955614
124141 0.0009752892461853644
124523 0.012112700361543357
124581 0.007426713034947023
124821 0.013813337375055175
124842 0.28357969081730916
124867 0.025115128053887992
124926 0.08311818523955614
125104 0.11829589300744345
125525 0.013734628899983637
125756 0.010665607840474017
126098 0.03624702814958087
126099 0.057889479556834024
126242 0.011874026462793735
126532 0.0356437406878323
126759 0.021467068622488334
126760 0.014446755075245305
126762 0.03401006923963999
126763 0.037662927686673876
126767 0.017855017569978728
126860 0.017594360379176117
126951 0.023631640901442433
126961 0.027866212392452346
127025 0.03242661861352705
127158 0.002378326520254545
127282 0.01715606670425002
127283 0.017095229588277503
127528 0.0152283892117791
127542 0.0018407234608225492
127552 0.009095952346970295
128291 0.0067625655488927905
128304 0.014096066502614784
128766 0.001401818768215835
128771 0.04017378953245213
128785 0.02608611902751233
128792 0.20929273378239993
128977 0.03443467674210183
129108 0.016623637047911227
129522 0.002749516847785119
129776 0.014110327764882063
130241 0.07416699605991164
130350 0.021813822370562248
130364 0.00039707229584830375
130517 0.024471343877635818
130754 0.02171052576699665
131288 0.02708345361738346
131456 0.022527358616328298
