13 0.001393550317952666
51 0.01924763581079075
78 0.05433193399754857
189 0.003236970426701612
211 0.0012587163594739992
293 0.0017689928287498917
374 0.0011406385293134035
393 0.0010101724607687308
416 0.0010012182845361179
417 0.0008908723092167574
474 0.002255503303103698
475 0.003110306366526331
774 0.0029520101690552526
794 0.0013467909588347465
832 0.0037356160015720946
888 0.002865680168818278
911 0.009769752151837797
981 0.0017569475177267038
1034 0.0018103006266580923
1042 0.00040129233225564106
1122 0.008318261212802979
1201 0.002067544694511723
1202 0.0029745133650771567
1210 0.0021865628047918174
1237 0.0024224549693743847
1244 0.009454235211027175
1260 0.007919230232115012
1379 0.009392172397825683
1384 0.01890847042205435
1448 0.002607668764159378
1491 0.03518215398201916
1500 0.002033265175654352
1523 0.0027461438168946495
1644 0.0013429983685251368
1726 0.03251683928641164
1727 0.0273790622613813
1779 0.0009932164696081938
1780 0.003530506781333529
1787 0.007153704643010563
1865 0.00426662304752121
1866 0.0046756239496801065
1962 0.010571977304941717
2004 0.007106329115573406
2346 0.012967440440502529
2364 0.005538351981685596
2391 0.016136175886489988
2428 0.05109789030721829
2449 0.0014490961464572374
2454 0.12263493673732391
2519 0.012928381884958847
2531 0.029398786204152993
2576 0.0016307837332090946
2586 0.004795779648945627
2594 0.0014091342041386529
2595 0.0006177637860976306
2603 0.007423253225866347
2614 0.02129482620329657
2670 0.03562433778491742
2681 0.021629062226557003
2686 0.05234418031471143
2710 0.009270459580575242
2781 0.0011996150882633697
2800 0.001510282472134531
2870 0.0021132203861945783
2888 0.0014283603280553535
2914 0.005655536893481054
2917 0.005115879363297183
2929 0.0031330093327053554
2948 0.003652955562388372
3030 0.00454203469397496
3118 0.0012376651631506163
3163 0.0013484834388332821
3166 0.0015489797133909553
3183 0.0014307409286021123
3234 0.001502879126682891
3239 0.0014128448932871419
3241 0.0015838460464230027
3244 0.0016051693290225642
3245 0.0016320238729301661
3256 0.001447141869793101
3264 0.0014068249052134833
3265 0.0015423006776163627
3298 0.021810439428557985
3332 0.0015897121428912358
3348 0.0013086045078677857
3374 0.001437449024047668
3379 0.0015630818593613755
3391 0.0014744839525270826
3427 0.0007049142364602295
3432 0.002014182442893635
3438 0.011759514481661197
3475 0.006895033119661437
3520 0.013582983499387143
3526 0.005920307290767361
3532 0.018586611018217788
3576 0.004411328659615969
3585 0.06603419670471289
3634 0.006045384205361038
3653 0.0014250407655399524
3731 0.019329852969945167
3845 0.005318739511532017
3933 0.00955951622674017
4001 0.007153704643010563
4009 0.012862592757740095
4026 0.001943061469355517
4033 0.012322450730498561
4098 0.016136175886489988
4105 0.04292222785806337
4144 0.001808012967904944
4145 0.01595621853459605
4167 0.0007502574350299487
4270 0.006802254811103545
4398 0.007719825154327945
4447 0.0031593174060579802
4510 0.004513378323665969
4579 0.0014739776050159126
4668 0.002840650420785134
4678 0.002459726524817385
4682 0.002798059182403088
4739 0.0013872730400149764
4741 0.008113842695286082
4759 0.00794856071445618
4794 0.0023339982522057297
4831 0.002774546080029953
4832 0.0007464735279663195
4846 0.0041300431574354726
4880 0.0117918208401273
4881 0.05109789030721829
4915 0.0023454769321346104
4938 0.009651215017427828
4950 0.002732159634504352
4999 0.0036467483311863527
5001 0.0045759304752732806
5008 0.0008634525821376659
5024 0.0053055905881413306
5125 0.003079069430277143
5162 0.0018597152451500594
5191 0.006415878603596916
5296 0.004296519305111449
5347 0.015780230830170355
5372 0.011914962280415936
5389 0.03179424285782472
5506 0.012928381884958847
5552 0.0017175761447804471
5627 0.013497555930208608
5788 0.013250332510271632
5991 0.005655536893481054
5992 0.0028909176372282903
6014 0.004466412888456127
6070 0.0023925433588664084
6142 0.0051097890307218305
6226 0.006634038308819686
6278 0.0235836416802546
6296 0.006079635673946654
6297 0.016572288748287017
6303 0.019584143461644304
6353 0.006967894132802496
6402 0.007059576950339369
6409 0.0026252127130313987
6438 0.0008699276015010816
6472 0.015462478527921604
6641 0.005320179288523539
6885 0.0019119032453480344
6898 0.004605389255157014
7016 0.00763378666819659
7033 0.00681305204096244
7116 0.004784308695275282
7164 0.002526323005183247
7273 0.0047012297763486715
7531 0.0009737347517709475
7586 0.0023390859868154426
7684 0.012550359022825546
7784 0.0032007627038078573
7879 0.00261402118502213
7910 0.000806202626935826
7911 0.021787932922874807
7943 0.0023753308167162902
7981 0.00758343248375678
8080 0.003523992434980572
8135 0.024113611156215378
8170 0.0060368815552831745
8219 0.0033690916686078
8282 0.003119347954801117
8297 0.003149099622748597
8452 0.0157224277868364
8477 0.013288615435932932
8529 0.021040307773560477
8717 0.02541036681161942
8781 0.010443364442351185
8801 0.0097329314870892
8832 0.008334413176322985
8847 0.0036313221538124677
8850 0.009191055215859395
8870 0.023454769321346103
8873 0.007071207225381115
8914 0.008482653726889994
8978 0.04049266779062582
9040 0.02156488103300639
9094 0.005655102484593329
9113 0.003301709835235644
9179 0.003761807875378034
9263 0.03700192056729601
9320 0.0011160225652122563
9379 0.029601536453836806
9511 0.012587163594739992
9607 0.005978026164075678
9743 0.03146148557836115
9777 0.003963271270365962
9778 0.018123104509035298
9861 0.02558931305677167
9872 0.0074131654331715665
9964 0.0007735128466041335
9984 0.007596854488152809
10003 0.01826477781194186
10022 0.008653674971383744
10035 0.007875638139094197
10095 0.004195721198246664
10110 0.011295323120542992
10112 0.018123104509035298
10116 0.01274075174539526
10315 0.01607574077081025
10401 0.0018026975160883398
10517 0.003212741606142468
10518 0.017032630102406097
10822 0.01092168647787872
10846 0.10219578061443658
10850 0.049335894089728015
10861 0.05574315306241997
10863 0.02510071804565109
10880 0.00256865516804688
10893 0.0010256207373491844
10929 0.012401646600892755
10972 0.07153704643010561
10973 0.0825427458808911
10983 0.024635135281773406
11307 0.005014278955381235
11315 0.004905397469492957
11342 0.004570669753536575
11458 0.08930844022132964
11543 0.0343377822864507
11570 0.07274953874248029
11657 0.0004170040596333758
11684 0.022011398901570958
11772 0.012967440440502529
11782 0.05266206455161706
11824 0.013408422339710617
11838 0.01933433687300152
11850 0.009151860950546561
11872 0.01095828647687889
11878 0.0022484142408624084
11892 0.00591215259752939
11935 0.013288615435932932
11979 0.02083603294080746
12047 0.01380135943989176
12411 0.004279384631910605
12510 0.015007771978343836
12533 0.004322480146834176
12543 0.020536951128259984
12561 0.023327297748947484
12574 0.009222544299648673
12640 0.007165647388658326
12703 0.0034392810783704622
12764 0.05774174028201569
12780 0.00875963833838028
12893 0.014955480089917551
12969 0.0061405190068760185
13008 0.03866867374600304
13017 0.011177663504704002
13052 0.04325812445311401
13057 0.026995111860417215
13059 0.003919838160553733
13063 0.031597238730970235
13202 0.007082875884168873
13207 0.004212191153882568
13264 0.003963271270365962
13616 0.017884261607526403
13669 0.001268387348051518
13711 0.014800768226918403
13749 0.0013497555930208607
13754 0.0014841710877615275
13811 0.018743330942385752
13928 0.02510071804565109
13948 0.019539504303675594
13977 0.0014654225967245945
14029 0.0007361040620487631
14052 0.01763923521389115
14136 0.22022317903403496
14237 0.016508549176178222
14238 0.03395964910337922
14272 0.003945057707542589
14286 0.0056180926515789755
14413 0.000568958481681646
14451 0.0029645461737887037
14461 0.00046573597936266676
14517 0.005183843944210551
14519 0.002411361115621538
14531 0.03179424285782472
14626 0.011600602123800912
14647 0.003453115676433095
14836 0.004600453146630586
14887 0.0016099860411876734
14954 0.001196605181434719
14975 0.0002823645014016405
15010 0.007311232301934763
15012 0.0009466746329524343
15024 0.004499185310069536
15078 0.007705965504140641
15137 0.04769136428673708
15225 0.020735375776842205
15227 0.01716889114322535
15290 0.01632023872930166
15291 0.0070364307964038315
15295 0.03700192056729601
15379 0.0027148784223949003
15380 0.004434114448147042
15386 0.010443364442351185
15452 0.002241369600943257
15650 0.017768618357269325
15704 0.0024249846247493432
15705 0.014549907748496058
15728 0.0006887392146672556
15739 0.0043575865845749615
15760 0.009889914253009993
15764 0.035768523215052805
15830 0.004353167125564237
15907 0.005786118557422893
15947 0.030441296353236433
15971 0.003317019154409843
16040 0.001131318604587859
16089 0.0065430225393389285
16120 0.0028864981747184514
16188 0.02614160038893221
16292 0.039742803572280896
16341 0.006131746836866196
16351 0.00700199475661719
16433 0.001226699853045538
16445 0.0117918208401273
16459 0.002607668764159378
16493 0.02861481857204225
16542 0.0006502382647790239
16589 0.02083603294080746
16737 0.11295323120542991
16792 0.024718928258922294
16852 0.006644307717966466
16853 0.014412338374391116
17039 0.007692155530118884
17150 0.00048054442295189623
17155 0.07804041428738795
17189 0.014355260153198452
17226 0.0019572379324242304
17273 0.003236970426701612
17463 0.010342705507967079
17479 0.020536951128259984
17481 0.044249719441302446
17482 0.04372675477667208
17488 0.02541036681161942
17537 0.002278249886309096
17545 0.015662424370955073
17546 0.02784430999280902
17547 0.05082073362323884
17549 0.025770797546536005
17550 0.02124862765250662
17551 0.018500960283648005
17552 0.04542103067576971
17553 0.02083603294080746
17554 0.03215648189435024
17555 0.022781708175934653
17556 0.01781005305313833
17557 0.03215648189435024
17558 0.044044635806806995
17559 0.025059878993528118
17560 0.029422529992401435
17561 0.03395964910337922
17562 0.02093767212588457
17563 0.041766464989213534
17628 0.0016636522425605958
17735 0.0016489522803712399
17801 0.005994724561182036
17817 0.039742803572280896
17825 0.012967440440502529
17841 0.0023952136081508576
17881 0.0018516923148431137
18000 0.007887663295967117
18014 0.0039306069467091
18082 0.014549907748496058
18089 0.06406302665382592
18205 0.009329094875639479
18216 0.008923540095231471
18266 0.00042121911538825686
18275 0.04225212155885555
18319 0.01205201477300689
18373 0.002904074956567211
18384 0.004888636430303345
18489 0.0025847397770300397
18698 0.00949606811019101
18728 0.0055028497253927396
18759 0.04518129248217197
18761 0.0045039063859457894
18780 0.017554021517205684
18859 0.0015373290780108656
18959 0.002078558249785151
19010 0.01890847042205435
19018 0.0010425607932490497
19169 0.0020615863524526116
19172 0.03251683928641164
19192 0.013086045078677857
19239 0.01092168647787872
19294 0.0018500960283648004
19348 0.0043487566218909195
19372 0.0020380924908862
19585 0.012124923123746715
19607 0.00570016306215981
19633 0.011445927428816898
19638 0.00926589803919238
19696 0.017884261607526403
19722 0.021568958722644912
19724 0.01826477781194186
19792 0.0033324711069924974
19814 0.010494432239135298
19907 0.0012616763038819333
19949 0.01632023872930166
19992 0.002980868020850554
20055 0.0039853507760504525
20077 0.0033984345097437347
20201 0.003751942994585959
20209 0.008350627987950072
20238 0.0011227367998447126
20279 0.018743330942385752
20306 0.005281747145661386
20322 0.0009097547235706522
20357 0.0034754840370901513
20449 0.0031583684958104027
20495 0.005920307290767361
20592 0.006654608970242383
20615 0.0018661096921471821
20692 0.008791287752839562
20830 0.008516315051203049
20832 0.03954635919088792
20926 0.007789244274515706
20939 0.03203151332691296
20948 0.019965288209129545
20998 0.004625240070912001
21082 0.005670043310180102
21131 0.03379702980949872
21260 0.04152779947498945
21275 0.006717093561512265
21297 0.00241679210912519
21401 0.008350627987950072
21451 0.010660013590525975
21459 0.009315110117884641
21477 0.005637986740204154
21481 0.005433193399754857
21519 0.01766346825434707
21569 0.025701932849139745
21679 0.025059878993528118
21680 0.029784282410340795
21682 0.007082875884168873
21706 0.006780762694796741
21742 0.010171144042195112
21788 0.0009574442975253931
21819 0.006017175340009651
21875 0.00794856071445618
21999 0.00598636371800047
22000 0.00340652602048122
22303 0.0007901735614518294
22360 0.009912754701631263
22361 0.009093692342810036
22377 0.022569456236407312
22444 0.03379702980949872
22583 0.035718934086760905
22600 0.0008469263586831762
22618 0.01710048918647943
22639 0.04315529920379986
22804 0.004283655474856624
22840 0.001557975602833516
22953 0.003039817836973327
22994 0.004774878389042808
23051 0.005476537232948873
23085 0.003585816863664442
23179 0.00958085443260343
23197 0.017693979251021435
23201 0.026013471429129315
23262 0.00612299969444556
23293 0.003261567466418189
23369 0.00424552204332971
23466 0.0014644226495415685
23511 0.0016283090993195514
23546 0.002542786010548778
23570 0.013141708694616915
23692 0.004795779648945627
23820 0.0063249477007164085
23869 0.0048983773459779865
24098 0.01899213622038202
24099 0.06706598102822402
24183 0.007904646014376312
24193 0.010671607794600814
24274 0.021143954609883435
24315 0.0072626443076249355
24354 0.003804903093258196
24392 0.007349696551038248
24417 0.006229641198557819
24440 0.0032941080474338733
24498 0.004944957126504996
24568 0.03379702980949872
24572 0.008741797934432458
24658 0.06082666805234144
24705 0.050496738656545144
24879 0.00483358421825038
24908 0.012405268167070337
24921 0.0012903182185925294
24945 0.002667633800998345
25048 0.02207772422547659
25072 0.005338585554485494
25238 0.0015293276321807984
25271 0.0074388609806002376
25316 0.003386470134260556
25331 0.008923540095231471
25346 0.012954304649060881
25347 0.022560588172775266
25348 0.011061438216321393
25359 0.004513378323665969
25385 0.027165966998774285
25395 0.011005699450785479
25417 0.012477391819204467
25473 0.0007251601260020844
25520 0.012338480319394149
25664 0.0039964830407880235
25738 0.0132476011907603
25889 0.010757450590993325
25902 0.0021396923159553026
25924 0.006473940853403224
25931 0.0017262149425470675
25945 0.016445298029909336
26028 0.004645262755201663
26096 0.03402826255960124
26097 0.004655339247078457
26098 0.0031676920928460054
26116 0.020755095585240663
26144 0.012661424146921348
26301 0.006867556457290139
26303 0.0037356160015720946
26320 0.004339962371897207
26354 0.01516686496751356
26363 0.08416123109424191
26417 0.011874779261639141
26566 0.014903551339605336
26734 0.006406302665382593
26773 0.007963307580345708
26774 0.09227483811207182
26827 0.0006001622684055788
26842 0.006770067485498954
26853 0.007355632498100359
26986 0.004740616378423453
27232 0.005453904429232957
27340 0.002325147771292707
27462 0.0021428970473321702
27540 0.003142183591366279
27586 0.0073623032346592406
27587 0.02633103227580853
27588 0.02510071804565109
27600 0.022011398901570958
27753 0.021143954609883435
27792 0.01332988442796999
27854 0.006889603187490108
28007 0.020536951128259984
28019 0.0036591839606192134
28344 0.0040878312245774635
28377 0.00844925745237468
28385 0.010443364442351185
28407 0.003866867374600304
28632 0.012661424146921348
28643 0.01332988442796999
28830 0.0041998266005932846
28843 0.01182430519505878
28901 0.02083603294080746
28969 0.0007414445993792256
29028 0.0028294151521465636
29045 0.0006607485815588573
29085 0.0039853507760504525
29137 0.0032542310274546416
29252 0.007167026536610606
29318 0.0064823023519109705
30068 0.030015543956687672
30287 0.016592157324482087
30299 0.0074907902021053
30364 0.007141801640276767
30378 0.004466412888456127
30380 0.05279642799195861
30416 0.02384568214336854
30423 0.060561374234359616
30429 0.008960799135295065
30735 0.07664683546082744
30786 0.0023138667308929043
30825 0.00816011936465083
30826 0.046152933180713306
30907 0.0027817386816632126
31402 0.02070293690553894
31409 0.019409176435766205
31467 0.0036374769371240144
31490 0.0028233740901799356
31570 0.0031606942458073176
31571 0.0019404262141981632
31628 0.003515333976909367
31690 0.012774472576804573
31911 0.006003108791337535
32113 0.003612982142934627
32169 0.003801791661475941
32242 0.017944110884254703
32416 0.018581051020806653
32456 0.02384568214336854
32504 0.0132476011907603
32593 0.0007590415762887188
32669 0.002039060705846241
33036 0.007556730256701298
33143 0.011415486132463662
33188 0.0061405190068760185
33294 0.01882553853423832
33326 0.01205201477300689
33432 0.005405822148370701
33446 0.010977551881857641
33544 0.023978898244728142
33552 0.0031846471990022588
33633 0.046152933180713306
33754 0.011206848004716285
33766 0.011119748149757351
33787 0.012193814732404367
33804 0.025478873210049678
33812 0.042080615547120954
33849 0.029601536453836806
33868 0.012698883981675553
33977 0.00593668435104611
34041 0.056476615602714955
34241 0.006406302665382593
34353 0.005745947504426154
34403 0.010826576302877942
34510 0.025397767963351105
34517 0.012338480319394149
34536 0.0264952023815206
34647 0.006406302665382593
34714 0.029807102679210672
34846 0.009191055215859395
34856 0.05433193399754857
34873 0.053652784822579215
34948 0.007556804936236953
35008 0.0038370458860206725
35121 0.0074647352796631955
35152 0.006698032173385395
35175 0.014259876364805107
35211 0.0023806005467589225
35220 0.009210778510314028
35306 0.0264952023815206
35331 0.0019991722337244235
35420 0.01450075265475114
35486 0.007047984869961144
35537 0.00423713996624515
35561 0.013669499317854578
35612 0.002209069884614687
35690 0.0026365004826820254
35701 0.010221328984702046
35862 0.020439156122887322
35937 0.008960799135295065
35952 0.010977551881857641
36059 0.004566194452985465
36073 0.07037274596870663
36079 0.045138912472814624
36151 0.019599190802768663
36202 0.004275122296619857
36279 0.01927682999502163
36458 0.007775765916315828
36500 0.007747694559217215
36526 0.014475949559264302
36642 0.009867178817945603
36643 0.004475727618150508
36661 0.01625841964320582
36745 0.006003108791337535
36750 0.001115091790541526
36786 0.030441296353236433
36856 0.006003108791337535
36890 0.0074131654331715665
36941 0.0024127165743711844
37049 0.004566194452985465
37091 0.020342288084390224
37093 0.0227101734698748
37104 0.050496738656545144
37169 0.004732329422057703
37173 0.025856763769917693
37180 0.0036313221538124677
37287 0.046288948459383146
37288 0.033273044851211915
37289 0.049776471973446264
37290 0.06856004630304861
37292 0.03907185434474814
37339 0.056476615602714955
39087 0.008206926932708102
39349 0.005273000965364051
39359 0.003307720008197394
45296 0.004839033580390458
45330 0.021461113929031685
45390 0.020439156122887322
45391 0.02024633389531291
45393 0.06488718667967103
45395 0.04011423164304988
45396 0.025548945153609146
45398 0.06667307255158857
45401 0.01450075265475114
45402 0.01710048918647943
45417 0.006045384205361038
45448 0.03746064385630492
45450 0.04292222785806337
46214 0.04167206588161492
46231 0.02900150530950228
46305 0.018581051020806653
46740 0.01899213622038202
46873 0.01450075265475114
46938 0.004018935192702563
47135 0.00658316378191156
47219 0.004018935192702563
47279 0.01709968213676036
47355 0.040034273262197544
47366 0.002342916367798219
47455 0.00397428035722809
47470 0.004670536219593403
47538 0.005978026164075678
47574 0.011632040069935873
47575 0.0041998266005932846
47576 0.009191055215859395
47595 0.0157224277868364
47608 0.010317843235111387
47663 0.004774441363522066
47975 0.03547291558517634
47997 0.0002578376155347112
48063 0.0025144831785625875
48234 0.0021852769247924426
48237 0.003788369625601357
48238 0.008849943888260488
48319 0.01716889114322535
48412 0.0032838879882625556
48835 0.004275122296619857
48882 0.004801144055711786
48913 0.00854254130979147
49234 0.0065530118867272325
49295 0.01027915828588848
49318 0.0075170276458955115
49346 0.03353299051411201
49523 0.05860778151712221
49584 0.016766495257056004
49637 0.011538233295178326
49706 0.002052712953518095
50051 0.008945917624518025
50052 0.04518129248217197
50121 0.02510071804565109
50191 0.018187384685620072
50206 0.0013082056646773353
50281 0.0006607485815588573
50623 0.00725037632737557
50648 0.005325338443928458
50655 0.009807509997467144
50672 0.002843257006307963
50737 0.010268475564129992
50838 0.01041801647040373
50861 0.002340361388116869
51078 0.06706598102822402
51091 0.008230311334227807
51182 0.0039378190695470985
51253 0.01560808285747759
51305 0.005061583473828227
51311 0.018581051020806653
51315 0.012333973522432004
51335 0.0026220053670166998
51414 0.0019256398802658065
51415 0.004665459549789497
51416 0.00284441536501414
51418 0.007312134217728002
51419 0.009093692342810036
51801 0.008052950817647913
51986 0.06922939977106995
52145 0.004370898967216229
52351 0.016965307453779988
52784 0.02124862765250662
52807 0.048227222312430755
52917 0.008741797934432458
52981 0.0013484834388332821
52993 0.0075700578232916
53106 0.005784666827232261
53232 0.012722756333325492
53247 0.023713938043128935
53290 0.025248369328272572
53405 0.003919838160553733
53657 0.01092168647787872
53750 0.00816011936465083
53795 0.0010059111286164371
53809 0.004155104342503714
53897 0.003761807875378034
54064 0.001053047788470642
54177 0.03251683928641164
54198 0.0020368175190928124
54513 0.01332988442796999
54598 0.0042287909219766865
54673 0.002071536093535877
54795 0.022639766068919483
54977 0.0006044552032041216
54986 0.010317843235111387
55058 0.020151280684536796
55072 0.024954783638408935
55080 0.0025442932933054754
55096 0.016965307453779988
55179 0.0022033997873749166
55289 0.0061142774726586
55370 0.012587163594739992
55547 0.005325338443928458
55771 0.004546846171405018
55824 0.0026045041176009326
55847 0.007071207225381115
55868 0.004135089389023446
55880 0.015364407839583835
55937 0.0033374255220431446
56010 0.004513378323665969
56148 0.022355327009408003
56381 0.0013208587619271453
56480 0.0016239965137367905
56484 0.0016521257836052104
56535 0.0015445206138202004
56560 0.0005534781155133897
56710 0.015274814184364188
56712 0.010494432239135298
56742 0.0021143954609883432
56820 0.011148630612483992
56822 0.00794856071445618
56854 0.0047271176055135875
56864 0.012477391819204467
57189 0.0023390859868154426
57224 0.002515957084294453
57238 0.00459959804311592
57248 0.01362610408192488
57292 0.0057306045204356965
57392 0.01182430519505878
57443 0.016636522425605958
57466 0.008334413176322985
57543 0.008688710092725378
57577 0.002778044689649524
57633 0.027691759908427982
57635 0.008499451061002647
57703 0.004347351102313923
57785 0.002956076298764695
57796 0.012298632624086925
57811 0.001420325210392567
57899 0.009330919099578994
57929 0.01041801647040373
57932 0.007174101587485838
58051 0.06606695371021049
58052 0.044249719441302446
58149 0.010546001930728102
58161 0.0022838984626408405
58162 0.0007564721159334397
58174 0.004742787608625787
58177 0.0025120514718711216
58232 0.011062429860325611
58254 0.0017279479814035173
58273 0.01907444857775106
58472 0.0070945831170352676
58510 0.03765107706847664
58559 0.0014525288615249872
58693 0.0037486661884771504
58802 0.07000180541185355
58839 0.006377745595551764
58941 0.0034420391225391637
59109 0.032299399591658465
59113 0.002033967228693858
59239 0.00846592265445037
59240 0.012298632624086925
59503 0.019779828506019986
59651 0.02424984624749343
59779 0.06503367857282329
59840 0.009112999545236384
59857 0.005239628628783816
60023 0.016766495257056004
60025 0.001771449767150779
60121 0.007530215413695329
60122 0.0020586200411541185
60192 0.027165966998774285
60248 0.001994527316824506
60287 0.06667307255158857
60413 0.0006238695909602235
60567 0.011325126083921734
60587 0.010147098784412145
60762 0.001008274086400361
60839 0.07492128771260984
61409 0.007451775669802668
61418 0.002526323005183247
61540 0.03203151332691296
61541 0.01627900377483103
61596 0.006748777965104304
61628 0.0011616299826268843
61644 0.01632023872930166
61673 0.0022507723050898465
61691 0.009755051785923494
61833 0.07530215413695328
61896 0.004779758113370085
61945 0.011267232415694812
61972 0.014165751768337747
62122 0.00140177099471141
62249 0.005823911513984175
62252 0.011721556303424441
62438 0.0012502833631827372
62509 0.00700199475661719
62516 0.005247216119567649
62541 0.005025840185424035
62691 0.004443294809323331
62714 0.023201204247601824
62804 0.00292096660294339
62939 0.007875638139094197
63058 0.008688710092725378
63156 0.004795779648945627
63199 0.01632023872930166
63410 0.009517123693583896
63474 0.007875638139094197
63490 0.011956052328151357
63533 0.06406302665382592
63546 0.0022818834586955544
63732 0.0004512903780681671
63744 0.002913942256170689
63799 0.008113842695286082
63913 0.003510804303441137
63991 0.0017716638001275362
64005 0.06211422998395859
64047 0.005474773961487675
64119 0.01192284107168427
64160 0.014307409286021125
64219 0.008584445571612675
64296 0.00675122897281288
64380 0.004985160029972517
64491 0.01492272055056089
64498 0.07530215413695328
64556 0.0038759279509990156
64559 0.014259876364805107
64576 0.0038750070808433847
64577 0.008096843502324088
64578 0.005276188969533714
64579 0.0039783282557481325
64600 0.0091714162089879
64649 0.0017622126353353913
64832 0.07274953874248029
64838 0.008334413176322985
64843 0.005781515440034331
64967 0.002117524807995233
65028 0.003846077765059442
65173 0.001247739181920447
65202 0.012967440440502529
65236 0.005816020034967936
65268 0.004561341961537021
65311 0.010494432239135298
65910 0.006503367857282329
65963 0.028499470227933935
66049 0.005944906905548943
66070 0.002697814447395561
66106 0.001979807558028753
66123 0.013371410547683293
66129 0.0007118114072647325
66290 0.01826477781194186
66343 0.007451775669802668
66375 0.0045966887464409575
66400 0.006088259270647287
66428 0.0007926740495013074
66456 0.009935700893070224
66693 0.010123166947656454
66750 0.006845650376086662
66846 0.005707743066231831
66982 0.059614205358421345
67076 0.008334413176322985
67078 0.007936309677528147
67199 0.0012778275635029286
67262 0.024526987347464783
67273 0.02424984624749343
67513 0.018827370228298324
67553 0.010571977304941717
67825 0.01251376905482897
67882 0.004015094876691482
67925 0.007177630076599226
67967 0.01795909115400141
67968 0.023201204247601824
68095 0.001189640461697987
68218 0.0035182153982019158
68235 0.00374539510105265
68267 0.0024019153809772455
68356 0.005831824437236871
68370 0.0019567487636303594
68374 0.022355327009408003
68455 0.014451928571738508
68558 0.025856763769917693
68613 0.0076238415378442935
68625 0.018500960283648005
68633 0.013086045078677857
68661 0.0024710551443905223
68746 0.026172090157355714
68770 0.002872973752213077
68838 0.0343377822864507
68855 0.0009600140429000978
68857 0.0011053883043539371
68862 0.00658316378191156
68907 0.0018577108660846509
69007 0.0010276251284110794
69056 0.0018327168171675223
69096 0.03804903093258196
69195 0.01150729969385077
69286 0.01773645779258817
69380 0.07444389656193759
69381 0.03832341773041372
69449 0.002657723087186587
69511 0.003916261665881694
69688 0.008052950817647913
69694 0.0015839940950573572
69909 0.0073876467914050555
69934 0.08098533558125164
70124 0.002705363716439506
70132 0.004556499772618192
70156 0.007106329115573406
70289 0.0030901531935250805
70390 0.003374388982552152
70452 0.0006006469053745225
70481 0.017377420185450757
70694 0.006149316312043462
70853 0.0019017380530821164
70861 0.0030462901247738376
70974 0.0015710917956831395
70981 0.008296078662241043
71012 0.0026436394718527298
71142 0.046152933180713306
71154 0.011295323120542992
71221 0.00026051364322689593
71284 0.004556252647442817
71298 0.039020207143693975
71353 0.022830972264927325
71358 0.006563031782578497
71360 0.0017869370465471845
71400 0.0008284545041123985
71547 0.0015065717043897286
71562 0.01683224621884838
71620 0.002302694627578507
71834 0.0011798303424426435
71836 0.0021558125493753577
71920 0.0026560784565633276
71981 0.01450075265475114
72016 0.005345233855300544
72062 0.000974619161173101
72098 0.008302171732700845
72149 0.006655096069709848
72191 0.012698883981675553
72198 0.014497525875342518
72249 0.018187384685620072
72292 0.005944906905548943
72754 0.004292222785806338
72772 0.008432657732428952
72797 0.016766495257056004
72805 0.042080615547120954
72866 0.004397769247752395
72971 0.025499525993414575
73043 0.008450010772977906
73096 0.019510103571846987
73231 0.006079635673946654
73266 0.010443364442351185
73290 0.0038153091429389665
73306 0.0065530118867272325
73336 0.01054769943123825
73349 0.01632023872930166
73367 0.011989449122364071
73437 0.005426324634394864
73484 0.02514659137758877
73502 0.004508637380048673
73625 0.03765474045659665
73656 0.003371738244938207
73658 0.0029703963915614787
73685 0.0074907902021053
73691 0.0006030943917108805
73718 0.011206848004716285
73726 0.009290525510403326
73727 0.012967440440502529
73762 0.0025203891872027815
73794 0.0038808524283963264
73837 0.013981181712724226
73867 0.002986933045098356
73937 0.002562521066153037
74127 0.006770067485498954
74133 0.0066857052738416465
74230 0.012193814732404367
74332 0.013458083163191026
74624 0.003832341773041372
74636 0.0015786034519331877
74726 0.0012176518541294574
74752 0.0235836416802546
74831 0.007610324088309108
74892 0.013845879954213991
74938 0.00205467821244918
74942 0.018500960283648005
75004 0.014259876364805107
75010 0.002902111417042824
75137 0.0025966260047225274
75162 0.003207939301798458
75579 0.04127137294044555
75683 0.022781090506295176
75838 0.001466925080589999
75928 0.014259876364805107
75959 0.004811908952697687
76166 0.0018572088903789613
76312 0.01916170886520686
76403 0.020342288084390224
76405 0.013206839340942576
76422 0.001070112886015043
76424 0.017032630102406097
76467 0.004973606936044423
76471 0.027691759908427982
76715 0.014194072086178035
76782 0.00291987944612676
76818 0.014194072086178035
76837 0.003072457255408974
76889 0.03353299051411201
76973 0.03303347685510524
77215 0.01716889114322535
77222 0.0028105184037424177
77305 0.0007107505854953365
77309 0.0013808407577661323
77451 0.001351030149765923
77475 0.04082789274226491
77530 0.0009479995966766441
77732 0.06207562194981179
77929 0.005085572021097556
77940 0.005745947504426154
78011 0.025248369328272572
78025 0.0023740170275477527
78058 0.00038508716130368557
78138 0.030015543956687672
78146 0.025701932849139745
78334 0.0022056643298079843
78647 0.019124652832259975
78702 0.015384311060237767
78738 0.016965307453779988
78760 0.044249719441302446
78772 0.005345233855300544
78810 0.023713938043128935
78873 0.014749906480434147
78949 0.018581051020806653
78981 0.006644307717966466
79002 0.013582983499387143
79016 0.001862943917450667
79145 0.008411301976994391
79162 0.0027217646073597573
79196 0.01589712142891236
79248 0.04877426112834332
79356 0.0026284279153743644
79537 0.07415678477676688
79582 0.024888235986723132
79743 0.007775765916315828
79951 0.0019290888924972302
79999 0.0015340324466784623
80153 0.02024633389531291
80361 0.02510071804565109
80486 0.004532442223660334
80538 0.0037975174890364453
80556 0.03832341773041372
80613 0.010494432239135298
80632 0.011695429934077212
80726 0.008927966717596011
80746 0.028238307801357478
80832 0.005625455813638712
81069 0.0053055905881413306
81332 0.0005508499468437291
81414 0.07649857798024373
81447 0.02321841823681519
81620 0.004135089389023446
81665 0.02900150530950228
81666 0.0529904047630412
81670 0.0038119207689221468
81671 0.00313988499327457
81744 0.01890847042205435
81765 0.03276505943363616
81801 0.042080615547120954
81851 0.0264952023815206
81876 0.0040761849817724
81909 0.0003610247107247319
81955 0.014649224524936303
82080 0.0043312036183716825
82106 0.004680722776233738
82320 0.005412639074156793
82359 0.0033376537992273227
82405 0.004979376781677885
82453 0.008865857759837054
82476 0.002982781644062778
82493 0.0007722202643845663
82578 0.025856763769917693
82662 0.004871666567871524
82806 0.0421502346931686
82850 0.019689095347735493
82916 0.028238307801357478
82961 0.020471450445417334
82974 0.018743330942385752
82985 0.06706598102822402
83016 0.0078612138934182
83029 0.009191055215859395
83095 0.006202634083535169
83099 0.005823911513984175
83157 0.000748210121293437
83293 0.007213819808077878
83302 0.012661424146921348
83316 0.009538272857347416
83372 0.023076466590356653
83400 0.020151280684536796
83479 0.015551531832631657
83517 0.006867556457290139
83613 0.016136175886489988
83773 0.003856444551488174
83804 0.023076466590356653
83885 0.0825427458808911
83903 0.02384568214336854
83923 0.009663752257028963
84050 0.011148630612483992
84066 0.0015378798945920233
84232 0.002381961621803721
84310 0.0037421297173551326
84349 0.022953063025702335
84373 0.006368283064994566
84406 0.003919838160553733
84451 0.012298632624086925
84453 0.02083603294080746
84559 0.01683224621884838
84702 0.0008239642752974097
84927 0.021461113929031685
84991 0.0053585802569367505
84998 0.005345233855300544
85021 0.0051281036867459225
85102 0.004191623814264001
85259 0.020151280684536796
85315 0.011177663504704002
85321 0.01845842517211977
85389 0.018110644665849523
85395 0.012477391819204467
85397 0.01516686496751356
85398 0.018187384685620072
85400 0.019599190802768663
85401 0.024224549693743845
85445 0.0012207687104113585
85490 0.015838460464230025
85507 0.016766495257056004
85534 0.01734454632010299
85616 0.007875638139094197
85714 0.020439156122887322
85751 0.0038108887824452827
85774 0.017377420185450757
86247 0.01781216889245871
86254 0.016783752674649315
86255 0.017944110884254703
86354 0.0003809091099178759
86357 0.01924763581079075
86374 0.0004759555247968534
86375 0.0006457010136049005
86397 0.0002924455124212262
86467 0.010317843235111387
86515 0.05171352753983539
86525 0.012333973522432004
86527 0.013859955386251652
86563 0.0010665062140651725
86578 0.0008716178105756084
86583 0.0006719196596440728
86584 0.0017688127988535983
86603 0.03156046166034071
86604 0.01773645779258817
86605 0.021461113929031685
86607 0.01638252971681808
86608 0.01689851490474936
86613 0.012850966424569872
86637 0.014649224524936303
86654 0.00407231763359235
86685 0.014355260153198452
86686 0.0031375897557063864
86687 0.023713938043128935
86729 0.0023674698211838597
86763 0.0033298857919366463
87115 0.003725887834901334
87681 0.015007771978343836
87693 0.022830972264927325
87697 0.03560360270353537
87723 0.020735375776842205
88145 0.0023912104656302713
88182 0.01380135943989176
88185 0.014749906480434147
88204 0.01751927667676056
88206 0.011148630612483992
88250 0.009889914253009993
88305 0.019599190802768663
88346 0.01607574077081025
88369 0.026172090157355714
88429 0.012369518114715669
88576 0.006053910840347443
88704 0.007374953240217074
88717 0.006483720220251264
88751 0.005410767568065975
88884 0.03700192056729601
88887 0.0033169168909735983
88991 0.022953063025702335
89279 0.003110306366526331
89357 0.00598636371800047
89560 0.022296315554441705
89596 0.01450075265475114
89618 0.025231684829116103
89724 0.031606005206998064
89796 0.014451928571738508
89824 0.016701255975900144
89834 0.0030230303278382504
89885 0.014851981957807394
89894 0.016508549176178222
89908 0.04769136428673708
89909 0.011295323120542992
90040 0.010736247299159056
90087 0.004397769247752395
90089 0.00593668435104611
90267 0.000889027089023682
90299 0.025233905930983173
90325 0.0026944273608326035
90370 0.016572288748287017
90379 0.058797572408305986
90423 0.025701932849139745
90429 0.01092168647787872
90463 0.02665976885593998
90540 0.018187384685620072
90619 0.018500960283648005
90635 0.0078612138934182
90647 0.005552681482285042
90683 0.012954304649060881
90699 0.0016978729374233928
90715 0.004964047068390132
90801 0.013006735714564658
90935 0.013371410547683293
90946 0.009151860950546561
90984 0.0010332746234488052
90993 0.05860778151712221
91004 0.0091714162089879
91005 0.007425990978903697
91053 0.010494432239135298
91141 0.018421557020628056
91172 0.007637407092182094
91376 0.004415167015870689
91438 0.0183428324179758
91476 0.007804041428738795
91568 0.007812743730312717
91571 0.003181781160716336
91584 0.028425316462293623
91586 0.003458680729900352
91737 0.0031676920928460054
91815 0.0066184507597314085
91841 0.005399022372083443
91875 0.0185343857695359
91902 0.006675307598454645
91914 0.0051547594516557485
92017 0.0027443879704644103
92044 0.00695660094944301
92116 0.03510804303441137
92235 0.008550244593239715
92251 0.024526987347464783
92371 0.04167206588161492
92435 0.007069421116851317
92488 0.003125748347579851
92507 0.0015827402279928202
92542 0.007890732799265096
92545 0.007692155530118884
92547 0.008113842695286082
92548 0.010121024139319604
92557 0.015972230567303635
92595 0.016745080433463486
92651 0.07649857798024373
92665 0.008334413176322985
92688 0.01595621853459605
92814 0.0007344665957916388
92839 0.04437296297534211
92865 0.056476615602714955
92978 0.0021623288593482807
93220 0.019510103571846987
93498 0.003072457255408974
93650 0.017884261607526403
93704 0.01607574077081025
93774 0.006088259270647287
93823 0.11817292211881644
93824 0.01996382691072715
93842 0.006727621921326547
93905 0.001269630487093493
93937 0.06406302665382592
94027 0.03866867374600304
94142 0.003236970426701612
94458 0.007049213372635905
94469 0.0032394134232500657
94845 0.006911791925614069
95064 0.002869132878212792
95160 0.0074647352796631955
95192 0.0039853507760504525
95356 0.024667947044864007
95370 0.003906448011831011
95379 0.024526987347464783
95408 0.018034549520194693
95578 0.013497555930208608
95791 0.011956052328151357
95810 0.010396802443666886
95835 0.017944110884254703
95845 0.0053055905881413306
95908 0.007637407092182094
95931 0.01102786784237201
95940 0.008022846328609976
96026 0.005365278482257921
96116 0.05343650667737613
96155 0.01510886675285479
96212 0.012338480319394149
96219 0.008098533558125164
96227 0.009112999545236384
96232 0.014892141205170397
96243 0.007875638139094197
96251 0.019328098159902007
96255 0.0074003841134592015
96260 0.00329158189095578
96352 0.01510886675285479
96404 0.010811644296741403
96430 0.009392172397825683
96438 0.004249725530501324
96448 0.0061936836736022184
96464 0.005031914168588906
96481 0.027165966998774285
96495 0.00758343248375678
96497 0.019871401786140448
96515 0.014476822526141742
96531 0.005715343256732806
96546 0.007299698615316899
96550 0.013117987198778255
96556 0.01371317183963686
96570 0.011180561397112545
96656 0.011956052328151357
96765 0.011993567951334862
96792 0.0065530118867272325
96832 0.009538272857347416
96874 0.008366906015217031
96878 0.04059980395599527
96927 0.003503855335352112
96934 0.01887627248863157
96966 0.01041801647040373
96990 0.006503367857282329
97006 0.012124923123746715
97096 0.004370898967216229
97112 0.0060969073662021835
97126 0.00815177509863751
97133 0.0218990958459507
97149 0.02861481857204225
97172 0.004527661166462381
97181 0.027514248626963698
97193 0.0036654336343350446
97213 0.013288615435932932
97224 0.01899213622038202
97276 0.020645923034440777
97299 0.004732329422057703
97319 0.01830570505824472
97337 0.011295323120542992
97344 0.012298632624086925
97413 0.0007616226840276019
97464 0.01059808095260824
97472 0.0007737785775054749
97552 0.024387629464808734
97610 0.02359534061078946
97696 0.07492128771260984
97904 0.01516686496751356
97936 0.03087930061731178
97978 0.021461113929031685
98005 0.009475105487431208
98020 0.039020207143693975
98103 0.0027496622586843924
98182 0.024526987347464783
98397 0.0018057310836374998
98422 0.0067594059618997435
98475 0.004315537356367668
98531 0.03832341773041372
98605 0.01907654571469483
98622 0.019689095347735493
98672 0.018187384685620072
98702 0.011385206328398772
98703 0.018187384685620072
98745 0.015220648176618216
98806 0.010099347731309027
98853 0.055028497253927396
98943 0.007596854488152809
99004 0.015007771978343836
99042 0.007082875884168873
99095 0.04249725530501324
99110 0.018187384685620072
99112 0.015396959551108378
99253 0.03379702980949872
99255 0.015140343558589904
99363 0.0047012297763486715
99426 0.01933433687300152
99483 0.058797572408305986
99545 0.005855692750076858
99660 0.05722334573325318
99669 0.0572296371440845
99829 0.017377420185450757
99872 0.022011398901570958
99880 0.011005699450785479
99892 0.02093767212588457
100119 0.016965307453779988
100267 0.04082789274226491
100268 0.05304645918338069
100354 0.03510804303441137
100356 0.03949654841371279
100422 0.05433193399754857
100479 0.020635686470222774
100586 0.029662713910706753
100636 0.007530215413695329
100665 0.006834749658927289
100693 0.03119040733100066
100728 0.03545056052743002
100930 0.007201716083567679
101178 0.0011421561431097225
101317 0.016965307453779988
101384 0.025862508569833288
101434 0.010811644296741403
101523 0.05154159509307201
101626 0.010293100205770591
101670 0.006483720220251264
102548 0.0027076620373037087
102660 0.004561341961537021
102898 0.04566194452985465
103139 0.04877525892961747
103198 0.03798427244076404
103373 0.003832341773041372
103565 0.053652784822579215
103591 0.006266018665410711
103707 0.02495210937394584
103712 0.05433193399754857
103753 0.009017274760097347
103804 0.0073876467914050555
103984 0.021143954609883435
103989 0.09955294394689253
104082 0.003818703546091047
104094 0.006634038308819686
104160 0.021677892857607763
104458 0.020151280684536796
104586 0.004292222785806338
104701 0.026013471429129315
104727 0.02900150530950228
104944 0.0005305807774055015
105023 0.008052950817647913
105197 0.019599190802768663
105361 0.022011398901570958
105379 0.0014384124617313463
105389 0.01689851490474936
105547 0.021568958722644912
105574 0.02514659137758877
105632 0.029807102679210672
105751 0.033184314648964174
105973 0.06856004630304861
106047 0.0074131654331715665
106359 0.013669499317854578
106371 0.0471672833605092
106519 0.00529904047630412
106630 0.0157224277868364
106640 0.005426324634394864
106692 0.01516686496751356
106735 0.00082080019292107
106796 0.025701932849139745
106805 0.01907654571469483
106842 0.04011423164304988
106863 0.0019000543540532702
106931 0.0012376302636449513
106991 0.00812920982160291
107431 0.023327297748947484
107529 0.03798427244076404
107795 0.022156600329643762
107809 0.003585816863664442
107934 0.010893966461437404
107961 0.011632040069935873
108037 0.014549907748496058
108544 0.00522127218135305
108650 0.01000518131889589
108707 0.039742803572280896
108785 0.18661838199157987
108921 0.017059542037847777
109111 0.03022692102680519
109335 0.013497555930208608
109343 0.006823883602235831
109400 0.024469242114892775
109525 0.007312134217728002
109697 0.013582983499387143
109766 0.005813891926498524
109776 0.013000652787340168
109950 0.019421822560209672
109996 0.003625188163687785
110450 0.01873032192815246
110459 0.0264952023815206
110731 0.011373028025231852
111016 0.00758343248375678
111073 0.0051097890307218305
111240 0.0010634569105730327
111417 0.02900150530950228
111534 0.0529904047630412
111605 0.00695660094944301
111679 0.005134237782064996
111734 0.009973229825160634
111941 0.008148982215016514
111946 0.006266018665410711
112028 0.022124859720651223
112093 0.0013450610601745613
112165 0.019871401786140448
112275 0.00593668435104611
112386 0.03606909904038939
112444 0.02861167286662659
112468 0.04049266779062582
112762 0.008923540095231471
112792 0.0017189518565503953
112798 0.018925809063035225
112854 0.019599190802768663
112865 0.0038229168375187553
112992 0.004817309523912836
112993 0.002360958628056291
113025 0.01589712142891236
113026 0.01595621853459605
113171 0.007919230232115012
113185 0.007978109267298025
113228 0.009371665471192876
113258 0.0008060512273814717
113268 0.020439156122887322
113312 0.025856763769917693
113362 0.013455243842653094
113467 0.01182430519505878
113549 0.030441296353236433
113634 0.02742401852121945
113775 0.012698883981675553
113992 0.01730734994276749
114087 0.034065260204812195
114116 0.014599397230633799
114121 0.0017300373985515264
114161 0.022472370606315902
114295 0.001356581158598716
114385 0.024113611156215378
114408 0.021143954609883435
114483 0.0025006120679785084
114490 0.0007645569622027676
114539 0.0010237199095345436
114568 0.00010879607588477991
114749 0.022472370606315902
114768 0.011033991737291355
114776 0.034896120209807625
114936 0.002894283739586202
115012 0.010571977304941717
115013 0.006358848571564943
115048 0.00695660094944301
115096 0.00457642626456118
115159 0.0039020207143693974
115325 0.0004621256229334988
115338 0.000790755855896525
115520 0.03461469988553498
115645 0.002036158816796175
115957 0.028277684467405268
116287 0.009036258496434394
116307 0.059084267545716704
116309 0.01866183819915799
116311 0.05767749927081869
116313 0.013054654324629635
116327 0.010075640342268398
116444 0.004973606936044423
116479 0.014259876364805107
116532 0.015329367092165489
116619 0.008052950817647913
116621 0.0264952023815206
116708 0.004593052480017924
116750 0.0019264913760351603
116928 0.004191623814264001
117094 0.01899213622038202
117132 0.042499209989024296
117139 0.007698479775554189
117210 0.01773645779258817
117280 0.0122285549453172
117307 0.01560808285747759
117333 0.0005893481787458928
117580 0.013206839340942576
117730 0.0015007771978343837
117774 0.0024879715536197033
117796 0.018500960283648005
117866 0.0022519531929728947
117904 0.004753292121601702
117930 0.08057761774026308
117947 0.0005097046414685117
117953 0.030441296353236433
117993 0.01759107699100958
118038 0.025856763769917693
118104 0.007875638139094197
118122 0.014305836433313296
118164 0.009710911280104836
118197 0.010784479361322456
118385 0.0014307409286021123
118432 0.025548945153609146
118540 0.01589712142891236
118555 0.01683224621884838
118652 0.025866717935095998
118696 0.021932563234346832
118718 0.0033930614907559976
118760 0.014699393102076496
119176 0.006473940853403224
119310 0.005956856482068159
119354 0.003839197482832144
119466 0.0031630234235861
119564 0.008302171732700845
119674 0.03461469988553498
119993 0.0033195845211185905
120023 0.005545507475201986
120073 0.005545507475201986
120152 0.009799595401384332
120557 0.004287934850955382
120728 0.0038153091429389665
120889 0.01751927667676056
120900 0.004532442223660334
121145 0.0218990958459507
121578 0.03765107706847664
121779 0.002106095576941284
121871 0.001826477781194186
121880 0.01773645779258817
121913 0.0006186541922465174
121940 0.0009735251049059818
121941 0.0004352236739803063
121942 0.00026940891198884865
121977 0.006358848571564943
122038 0.008206926932708102
122041 0.00844925745237468
122080 0.04011423164304988
122136 0.0132476011907603
122165 0.02124862765250662
122166 0.09538272857347416
122405 0.016766495257056004
122420 0.005614179882654921
122421 0.006133237742778426
122512 0.022124859720651223
122560 0.026826392411289608
122821 0.01773645779258817
122839 0.0091714162089879
122840 0.01607824094717512
122849 0.009834052649693037
122851 0.012774472576804573
122852 0.014955480089917551
122966 0.04769136428673708
123072 0.013288615435932932
123073 0.013288615435932932
123150 0.01316632756382312
123295 0.014851981957807394
123361 0.012698883981675553
123376 0.012661424146921348
123413 0.0471672833605092
123452 0.022594272055994506
123761 0.013890688627204975
123968 0.035768523215052805
124026 0.008550244593239715
124031 0.015274814184364188
124086 0.023321707129189066
124095 0.004208061554712095
124349 0.008671157143043106
124573 0.032299399591658465
124578 0.00958085443260343
124582 0.03012502067776462
124583 0.016965307453779988
124587 0.011091014950403972
124588 0.016508549176178222
124589 0.02514659137758877
124590 0.008849943888260488
125039 0.054925070024356384
125114 0.03544120079737014
125232 0.024803611417838108
125233 0.05767749927081869
125234 0.048773843002095106
125365 0.04877426112834332
125381 0.03732367639831598
125402 0.013669499317854578
125513 0.0014841710877615275
125899 0.0053813542715112385
126114 0.014072861592807663
126134 0.0028614818572042246
126288 0.028149098387482648
126371 0.04180615114465294
126538 0.01543965030865589
126878 0.0011361097897846313
126947 0.0008109243880231131
126977 0.034065260204812195
127089 0.00442421978585189
127100 0.008432657732428952
127102 0.0032890596059818675
127327 0.0015157969861285439
127543 0.03886291394718264
127631 0.020635686470222774
127679 0.023978898244728142
127689 0.021040307773560477
127691 0.01638252971681808
127749 0.022011398901570958
127750 0.019510103571846987
127760 0.03022692102680519
127761 0.039742803572280896
127762 0.04335578571521553
127776 0.003301709835235644
127821 0.026995111860417215
127966 0.01560808285747759
128055 0.00688669747489153
128159 0.013006735714564658
128183 0.024526987347464783
128211 0.00018948127726242775
128248 0.01730734994276749
128420 0.007374953240217074
128776 0.025548945153609146
128817 0.03179424285782472
129020 0.0016162032995521742
129025 0.00044446751432187403
129091 0.005603424002358142
129098 0.021354342217941975
129476 0.00593668435104611
129535 0.03632141727417116
129566 0.0009984235370566032
130204 0.049335894089728015
130364 0.00035353124007959284
130474 0.020439156122887322
130531 0.0227101734698748
130638 0.024113611156215378
130652 0.006945035839625634
130890 0.020131204731643086
130944 0.020735375776842205
131142 0.013371410547683293
131157 0.007963307580345708
131249 0.0227101734698748
131312 0.012159271347893307
131325 0.0227101734698748
