13 0.0014815083980822404
24 0.0013480453997142515
31 0.0023081579853414555
55 0.003432668592994501
118 0.00520723053270102
171 0.011258446442261838
180 0.003080763168719348
185 0.0031015265262170355
186 0.005770394963353638
211 0.0010796222834661645
245 0.0008826449260656009
259 0.02810314493602764
276 0.001288412906230396
305 0.017785082060964352
309 0.0014820901717470295
334 0.003184698950362994
409 0.002331964698968446
453 0.013892498062715551
454 0.0017179243987959034
505 0.003450339256438258
520 0.00913526547548293
564 0.008742414642836822
571 0.0033530616677475283
572 0.007610917753776135
585 0.0041318877515371735
598 0.0011261890445456169
620 0.005151522016812111
662 0.002782699914300545
665 0.0029414197651456897
766 0.014159661486998543
788 0.0038916617194710585
793 0.0010234951311147125
817 0.0007697077120258458
829 0.002253154358704836
838 0.006830263426010429
841 0.004387976146149727
842 0.0012452404385635278
888 0.0024579422872013624
900 0.0006621424436366226
908 0.003337726189138369
936 0.0006941360401272444
941 0.05619380064897166
965 0.001786274617476769
981 0.0015069635639048797
982 0.020228087838569348
1038 0.0015746415682718652
1040 0.0019790879238715223
1042 0.0008213510933120501
1047 0.008386132087971801
1087 0.002774311971830913
1092 0.017447924107201997
1094 0.005909329031492169
1148 0.003474851845295472
1169 0.0009662761119736538
1184 0.0009246909420475679
1186 0.010021449582544462
1188 0.006842306959761422
1210 0.0018754518525825885
1227 0.0028925019212726936
1248 0.02667762309144653
1270 0.0036888897661519248
1271 0.0025601613258829075
1272 0.003929542677704399
1282 0.02406216984718707
1362 0.0007799813530973773
1383 0.0035604564667501173
1397 0.0011458176117708128
1402 0.003927751506202051
1412 0.01765819161570157
1437 0.0028230713950827243
1450 0.0031681108164679727
1451 0.006446061675638733
1467 0.004619212028380955
1489 0.0022891449285136448
1492 0.0013416588872520484
1493 0.0012517891828016394
1497 0.0012805259083894336
1498 0.0012522149614352452
1507 0.0018365767944439173
1531 0.002430040915260476
1543 0.002880682305649156
1557 0.0037953731820820837
1562 0.00334682907874511
1572 0.0010843923377377382
1574 0.002144937894502744
1630 0.0011142906042800598
1631 0.007333689216373747
1644 0.0019503572091184775
1688 0.005918829560481706
1698 0.006015542461796767
1758 0.002707793935856931
1779 0.0008518985431655944
1792 0.0018792812591218076
1812 0.005698934963807464
1890 0.004697013220117597
1891 0.017558708846035647
1893 0.014844806397659761
1900 0.0032237407938875843
1908 0.009791255283562821
1983 0.0026202932289107624
1991 0.0012283990612678081
1999 0.0010609544630027726
2003 0.002947567643410425
2012 0.002221793594821739
2029 0.005274372473667079
2062 0.0022246044398082283
2102 0.003482982011939093
2114 0.013485391892379564
2123 0.003067926655516351
2157 0.0022420901258341174
2171 0.020847296455995503
2231 0.005503007453840988
2247 0.0020521248531881944
2252 0.010254908040723178
2260 0.0008314164378093092
2287 0.001099615288715538
2293 0.00198387703384553
2295 0.0013004281125466694
2296 0.002051531146043251
2299 0.0012126192314293877
2315 0.0027250273772165957
2331 0.031481523436074015
2332 0.0022543731068147034
2336 0.0014369679885322486
2352 0.001187584511812781
2383 0.0024083747805482805
2385 0.0019097247672618426
2389 0.001305963812209869
2416 0.0021223498945667878
2417 0.012380495058718301
2418 0.0022373803447030345
2420 0.002133975227779067
2430 0.009633499122193122
2435 0.0019038917655292164
2438 0.0016765308338737642
2440 0.0013840270626389554
2444 0.0011373222077910477
2449 0.0012429142426129715
2450 0.006261074807176226
2453 0.002128146684992371
2467 0.0012308632519624275
2537 0.0013004281125466694
2547 0.0037643271846826394
2577 0.0019819846233203988
2586 0.004113421214100135
2591 0.0015282324560479954
2593 0.001260360146052592
2595 0.0005298664344587826
2597 0.002495940329911608
2611 0.0022349049164011813
2614 0.00870333802983362
2616 0.008807444944066078
2619 0.0018436384620948401
2623 0.0012729986122474485
2628 0.001325238296119374
2630 0.0023337108350215854
2632 0.0011852904013585387
2637 0.001247970164955804
2638 0.0012230936832623327
2648 0.0010548744947334156
2651 0.009662761119736539
2652 0.008730170364625568
2664 0.03201314770973584
2665 0.013892498062715551
2669 0.0037186989763834557
2723 0.003405654011674025
2735 0.0016406024895809362
2739 0.0021466542196032774
2755 0.03408807395018167
2759 0.002704794117631062
2781 0.0010289301248238181
2785 0.004122767500533022
2786 0.0013138872186365528
2789 0.002716619654008046
2792 0.0021383676296201216
2795 0.0027556999040356613
2796 0.017044036975090836
2798 0.0019038917655292164
2799 0.0012283990612678081
2800 0.0012953947876916331
2802 0.00031830468499218585
2804 0.0023060827378256214
2807 0.001298135397256566
2809 0.0013338811545723266
2820 0.0011676219431080307
2824 0.0011320762566481
2826 0.0021223498945667878
2840 0.0011248127059638317
2841 0.0025141771220302256
2855 0.0020636277951903708
2868 0.0021449902409988487
2888 0.001225128780905032
2915 0.008217660684418796
2929 0.0026872350267296502
2931 0.006562409958323745
2939 0.004325539780436085
2942 0.001084073023150654
2945 0.0011479613304083633
2948 0.003133201690740103
2950 0.0023256550768285663
2954 0.001810965032057715
2973 0.02968257923972693
2993 0.000904104122450791
3006 0.0044951306307931885
3026 0.0018645951661210454
3033 0.002191751631625406
3034 0.001063099043205204
3046 0.002689197944937634
3047 0.003075615694753234
3048 0.017558708846035647
3070 0.030555596276189482
3081 0.0012694868919378003
3082 0.0010209406507541935
3083 0.0011519123863015085
3113 0.0011404931804893498
3115 0.0019725764684628655
3116 0.0012130187764809294
3118 0.002227816117646737
3119 0.0012186401809399607
3129 0.002369191045360188
3131 0.0019203147382448106
3132 0.0012458585403112084
3139 0.0011702199576031855
3140 0.0012218758667838106
3143 0.016509022361522966
3146 0.0012078451399670674
3149 0.0010815252604640484
3152 0.002190981244408666
3153 0.0023692322281505316
3154 0.0030898585542027154
3155 0.001323808697094434
3156 0.0016733803061322564
3157 0.0014176018431342398
3158 0.0011739515263455424
3159 0.0012953947876916331
3160 0.001307819533435034
3161 0.0018436384620948401
3162 0.0013382449969536973
3165 0.0012854441294062923
3166 0.002788187042944382
3173 0.001572487800288258
3175 0.0012492405791040453
3176 0.0011426170039167043
3177 0.002631493970026868
3178 0.001064944167376228
3180 0.0010976481772867086
3181 0.002120905627881135
3182 0.0011105616852547877
3183 0.002077780546780885
3184 0.002728130754236894
3186 0.001213818656979763
3187 0.002675230711910971
3188 0.001180728667934452
3190 0.0012142189929484238
3193 0.002416960698077803
3196 0.001301807633175255
3197 0.0021058586622779243
3198 0.00130365155333556
3199 0.00245038575832505
3200 0.0011265336556363589
3201 0.0012267617416259985
3206 0.002204151923742099
3208 0.0011945204369304416
3209 0.002216693328713604
3210 0.0025448176205529922
3211 0.0013064272486230026
3212 0.002380180621071745
3214 0.0017979064437100244
3215 0.0011401399772745806
3216 0.0011327729189598834
3217 0.001109223255986629
3222 0.001213818656979763
3224 0.0021741686921320736
3226 0.0013685918165872197
3231 0.0012539209763690808
3232 0.0020994751230524267
3234 0.0012890448132421642
3239 0.003162171478922259
3241 0.0023001260665471055
3242 0.002002358381093047
3243 0.0011999713124575036
3244 0.0013767808476513167
3245 0.002937667793155469
3247 0.0014386525934426031
3248 0.002549423983780227
3251 0.0025490156040906906
3253 0.0016906269705296054
3255 0.002133975227779067
3256 0.0012412380265069524
3257 0.0010767803412166193
3260 0.0017138690240150276
3261 0.0010153094281907394
3263 0.0021051474638104205
3264 0.002532306226154993
3266 0.0027522466460105544
3268 0.0012791911002847883
3269 0.0021158661372514104
3272 0.0012534940369831873
3273 0.0010869536423441456
3274 0.0026910715067916696
3275 0.002033053372584036
3276 0.0012263530934775552
3277 0.0025464951535922493
3278 0.0012738795801451976
3279 0.0013559896819961771
3280 0.001897516481078434
3281 0.0026092760202630475
3282 0.0024094865250648065
3283 0.0021494281518422945
3316 0.001178460943220109
3317 0.0022111889465564576
3319 0.0020238122208904724
3321 0.0016481601375839912
3322 0.0011522729222596623
3323 0.002665999412007896
3324 0.0012594977716796514
3325 0.0011169635881734287
3329 0.0019310228129933876
3330 0.002189442093552039
3332 0.001363522958007267
3333 0.002112997166217849
3335 0.0011519123863015085
3340 0.0011331215717511915
3341 0.0011933588287259711
3342 0.0012569177147899015
3343 0.0028893292056839507
3344 0.0019832458289349843
3345 0.002502345098491632
3346 0.002043048718565275
3348 0.0011224121910425673
3350 0.001254348206684709
3353 0.002604877375589644
3354 0.002174927299491506
3355 0.0012424947642995683
3358 0.0011898875199158438
3359 0.001287241953363504
3360 0.0013397059631075768
3361 0.0011739515263455424
3363 0.0023755112958622924
3365 0.002894741961783021
3366 0.001405157246801382
3367 0.002043048718565275
3370 0.0012607917762395963
3372 0.0021194633255160336
3374 0.0012329243089817888
3375 0.003080568698564148
3377 0.0019876727169459998
3379 0.0022699714640723435
3380 0.0011739515263455424
3381 0.002293356011899432
3382 0.0022891449285136448
3383 0.0013004281125466694
3384 0.0012263530934775552
3389 0.002209621283354362
3391 0.0012646897927240197
3392 0.0014313810212362445
3393 0.001010017005931309
3394 0.002863627240918786
3395 0.001414334224594553
3396 0.0024488324234544796
3398 0.002209621283354362
3399 0.0021794900840358933
3400 0.0013625136886082979
3401 0.002204151923742099
3403 0.0014755559064607699
3404 0.0018546092354485735
3424 0.0031355788538956508
3436 0.005494794009880032
3445 0.0007589181584456031
3457 0.004954928649555344
3599 0.012932244067100944
3646 0.0017171231280875099
3718 0.08561655782836328
3806 0.004489648764170269
3809 0.007330233677418296
3875 0.03681511986619621
3912 0.004563207643003407
4002 0.00502938795986287
4053 0.0011960727701818131
4140 0.023300708776073552
4149 0.0181201791870426
4153 0.008022914118378903
4167 0.0010895545604514341
4206 0.003730002012785837
4209 0.0022271699858557904
4210 0.004728294560853438
4262 0.00936492884363501
4265 0.003509544315175997
4280 0.003374438117891495
4287 0.0042074422704224245
4351 0.002490874145209487
4408 0.01533058292567925
4421 0.003975975222329561
4474 0.0019194535905211788
4482 0.03501877326035199
4500 0.003201314770973584
4570 0.016598830084610133
4588 0.0025726848264288056
4651 0.00817573153015755
4701 0.002433948317197444
4711 0.0028362958294450087
4721 0.0021001209279062297
4783 0.008854178466395817
4810 0.0010352668394523594
4880 0.010114043919284674
4903 0.01397610233260685
4912 0.008850018666665389
4917 0.01787141741077486
4923 0.010989588019760063
4999 0.003127877643687019
5008 0.0007405978649405796
5019 0.0022285812085601196
5125 0.0026409698612766294
5171 0.0007478514265558074
5197 0.005036268107550781
5259 0.005834408853596864
5372 0.004869724850025954
5378 0.0051779352835719
5385 0.02286653407838274
5393 0.045498844090092375
5396 0.0005188151052169703
5401 0.005536108250555821
5414 0.0011207038011018635
5425 0.01005877591972574
5468 0.004382752365023359
5480 0.0040323241912591685
5481 0.005289528716407502
5526 0.017123311565672657
5534 0.01643532136883759
5593 0.002196606197267077
5596 0.008162997753036853
5609 0.007350638726819168
5652 0.0016048574929779188
5700 0.007003754652070399
5745 0.0015094350088641331
5766 0.0018011311089137089
5859 0.0031600961258537517
5917 0.0016635842686939092
5920 0.004169322748153592
5972 0.001995399450742342
5977 0.005156179252968657
5978 0.013534970539042724
6015 0.029930991761135135
6016 0.00394588637365447
6024 0.003707464236273536
6073 0.002776404213136969
6129 0.0005475995815290229
6150 0.004607649545206034
6163 0.006261074807176226
6164 0.003020108274503381
6212 0.0008715700725898725
6234 0.06765265459835086
6263 0.012827567897629342
6303 0.007039219859693348
6311 0.003988637038591139
6322 0.006585889063720252
6326 0.008957450089098835
6332 0.03042571889768282
6353 0.005976480497759126
6355 0.003655920542819882
6384 0.00610532667764448
6438 0.0007461515984231093
6444 0.002569094198618019
6485 0.002395258286675095
6497 0.004382752365023359
6520 0.03875275775389075
6580 0.020567106070500676
6601 0.0344066540805572
6670 0.030176327759177224
6685 0.007985926218263821
6686 0.015427316536630912
6749 0.006585889063720252
6750 0.034061976176735814
6776 0.009739449700051908
6801 0.0043058619726545275
6803 0.00306282195226258
6891 0.002112169814469088
7126 0.004095119006250969
7172 0.004367155381517937
7187 0.0033932180949061814
7281 0.007783323438942117
7383 0.006657345364592443
7388 0.012917585917963582
7404 0.001740889205948374
7456 0.0417681606650688
7506 0.006645328495703287
7536 0.020799502749263395
7559 0.000769225237488429
7575 0.00971375194358739
7611 0.000853648540172919
7771 0.017284093833894936
7784 0.004648278628145156
7812 0.046601417552147105
7818 0.0018028951942309604
7872 0.01305500704475043
7881 0.008633437174989827
7888 0.0073777795323038495
7895 0.012827567897629342
7955 0.00844383483169638
8066 0.07833004226850257
8234 0.005666674218493322
8264 0.004484180251668235
8279 0.016658425278821817
8292 0.001709945186539536
8333 0.0035570164121928706
8445 0.00464837372047932
8446 0.010141906299227607
8458 0.020042899165088925
8468 0.00594751532571829
8520 0.007107165997335176
8559 0.008682811289197219
8597 0.0085417911522497
8631 0.0024942493134279277
8707 0.009623250687889558
8733 0.015937281327357666
8750 0.007330233677418296
8926 0.0033489667516250037
8931 0.001985713045641651
8945 0.006271741033423545
8949 0.002298579616448375
8985 0.0034995361089540126
9012 0.004072469011747368
9036 0.03506201892018687
9110 0.0407287910220697
9138 0.07833004226850257
9154 0.003349874419126134
9217 0.005170662902555648
9254 0.0022832753261328408
9320 0.0009572314057773326
9321 0.03718698976383456
9353 0.005503007453840988
9354 0.012230936832623326
9363 0.0035331209084641275
9491 0.005890419178591394
9525 0.001510673773746254
9537 0.010764654931636319
9551 0.006190011559426669
9554 0.02810314493602764
9558 0.0525930283802803
9583 0.0448964876417027
9584 0.011889451674462651
9614 0.006959379936899095
9617 0.029930991761135135
9631 0.010106821784446263
9650 0.00844383483169638
9655 0.006504438138903924
9674 0.012917585917963582
9696 0.009817365297652323
9705 0.007589456086442911
9732 0.0010399751374631698
9740 0.016658425278821817
9772 0.0005798569832445457
9789 0.0020084626222692968
9808 0.00652023184136261
9812 0.02201158488888571
9837 0.014844806397659761
9858 0.07833004226850257
9859 0.027069941078085448
9953 0.0014237874920837493
9956 0.003930228020392595
9964 0.0006634550345322799
9984 0.006515950418795789
10064 0.034731245156788874
10071 0.016362275496087205
10089 0.014316955220515383
10111 0.024637713993449228
10116 0.00520723053270102
10161 0.005909329031492169
10256 0.03211842484288099
10265 0.007799813530973774
10273 0.010989588019760063
10279 0.014593307797451311
10447 0.002013956229004169
10520 0.012963070375421201
10589 0.0097395963130354
10619 0.0019687229874971236
10666 0.014324949364278682
10696 0.008603637300666909
10753 0.011613602481449908
10756 0.005454091832029068
10797 0.00400599780916172
10866 0.021521076033423073
10916 0.0013406817139911221
10954 0.002516412841161737
11064 0.005569609662056916
11103 0.014551430777152652
11156 0.012479701649558037
11225 0.004217416536091106
11229 0.007232832979606328
11256 0.001202322660555069
11279 0.0045665506522656815
11332 0.02493336656137062
11343 0.021718960419312386
11452 0.0037836711064949857
11456 0.03875275775389075
11461 0.007093472035875956
11547 0.007718054479286418
11612 0.046018899832745264
11639 0.0032407675938553003
11642 0.010796222834661645
11736 0.03655472237695076
11753 0.012963070375421201
11856 0.006961106242138339
11909 0.014726047946478485
11926 0.058255529348996776
12029 0.01035665723324247
12066 0.010796222834661645
12084 0.0018099133682760323
12105 0.00828901813875353
12128 0.015666008453700517
12218 0.0025999378436579244
12224 0.008828565915154966
12428 0.006515950418795789
12431 0.0040235103678902965
12470 0.0048395509629989555
12546 0.005314016743685128
12644 0.0010130742946118936
12676 0.008786424789068308
12729 0.0011088891525962716
12731 0.015026579537222945
12748 0.018067656928529435
12815 0.01681055701652795
12964 0.02207447513142538
13007 0.015238789538459335
13013 0.018783224421528678
13254 0.012070531103670889
13357 0.02103721135211212
13755 0.003574283482154972
13884 0.02098768229071601
13891 0.03042571889768282
14069 0.013195383464586456
14081 0.005881009563290129
14319 0.0035812373410696705
14388 0.020042899165088925
14417 0.009157990016466718
14466 0.012738795801451977
14545 0.009724401935011943
14585 0.006402629541947168
14672 0.018407559933098106
14722 0.008502337151546469
14756 0.0016435321368837594
14850 0.06987647475108538
14851 0.11875845118127809
14869 0.006669405772861632
14939 0.00906776351384143
14948 0.00730458727503893
15002 0.0011991895721888018
15012 0.0027590190066354983
15119 0.006842959082936098
15126 0.003383742634760681
15134 0.005671830427973298
15164 0.015129470000831688
15221 0.014380906197732895
15287 0.017447924107201997
15291 0.02050720028866451
15313 0.007075302656461583
15314 0.005519508225816523
15339 0.021643547362300886
15368 0.007497987752789452
15387 0.008190987700844489
15415 0.007290122745781428
15478 0.017044036975090836
15479 0.0007745659555269558
15538 0.028404655499995893
15563 0.00437754100668207
15601 0.025389737838756008
15645 0.02859331027680117
15684 0.0011519123863015085
15754 0.007156534604296963
15755 0.02308645051978761
15757 0.01744033023927513
16130 0.0172033270402786
16164 0.018783224421528678
16170 0.05565483607448799
16171 0.054594577035935954
16204 0.005462183956408934
16347 0.010796222834661645
16388 0.003284132013041589
16389 0.04435556610385086
16483 0.06817614790036335
16542 0.0005577203433751888
16546 0.15487658691287032
16547 0.12596667719765245
16548 0.08407289554458551
16549 0.017365622578394437
16593 0.0056035190055093165
16644 0.002751503726920494
16672 0.004178787726015461
16706 0.002523311848265676
16748 0.0011799717905832119
16835 0.050134538163740035
16867 0.03603087653377257
16871 0.006325621970136806
16890 0.0068176147900363354
17088 0.035567495117674854
17089 0.0021961530119382843
17191 0.006233341640342655
17233 0.011055591551410273
17264 0.00494317338647316
17277 0.014936760142014126
17307 0.015403815843596739
17407 0.0468672303785162
17450 0.0015753153558492174
17451 0.011181307965707783
17507 0.009688189438472687
17562 0.017958595056681077
17564 0.01813552702768286
17571 0.008693642455150146
17615 0.05016926166233041
17617 0.015277798138094741
17618 0.06035265551835445
17641 0.015353058227444965
17701 0.004442866457835107
17721 0.0008276780545457781
17723 0.007816373644627646
17750 0.010796222834661645
17782 0.005862280233470734
17890 0.014529933893572622
17893 0.019376378876945374
18000 0.0032237407938875843
18031 0.00702578623400691
18125 0.00129311977050215
18163 0.032579752093978946
18205 0.0047259460675476515
18208 0.01688766966339276
18265 0.042316229731260015
18294 0.021420418008050363
18352 0.003290001775352655
18451 0.00372584676649292
18476 0.002596270794513132
18499 0.0009787002104478968
18569 0.003760482110949562
18644 0.0050709531496138036
18684 0.001523804630223353
18707 0.0036955947132792876
18725 0.009849891719981711
18735 0.006159428498362307
18750 0.013319106069108237
18757 0.004517192621619167
18769 0.006585889063720252
18773 0.008621807931193493
18840 0.008424512555193641
18875 0.012127123813896216
18881 0.023599435811664238
18896 0.0011376736670641596
18913 0.010124113049147893
18919 0.005797656671841923
18930 0.006496773672390591
18965 0.005327803164427816
18988 0.00558543157736797
19019 0.0028897268340813353
19052 0.013892498062715551
19069 0.0018996449879358209
19080 0.0038229615645063563
19100 0.0012629543693377773
19139 0.03312647225160628
19149 0.012056753656368772
19179 0.02876181239546579
19182 0.013534970539042724
19191 0.025033500563625122
19256 0.005398111417330822
19336 0.002751779370742146
19377 0.002082303159852727
19629 0.003060275965602345
19632 0.00909015305338178
19653 0.012437540495336559
19760 0.01688766966339276
19777 0.0013966282195066848
19903 0.020008217318584896
19992 0.00242297859838359
20009 0.015942050231055386
20025 0.12919369550096602
20039 0.025566055462636256
20041 0.03681511986619621
20045 0.00392067304219342
20046 0.021529309863272637
20082 0.0835601296725359
20087 0.0008219495393211925
20194 0.006657345364592443
20212 0.007883323311819318
20238 0.0046499349150568425
20254 0.006907151944877338
20395 0.003895779880020763
20440 0.003741373970141892
20565 0.027219832490579278
20615 0.0007626915240562712
20674 0.004446270515241088
20755 0.008621807931193493
20978 0.0062504447990146365
21147 0.01906220685120078
21292 0.0037836711064949857
21311 0.010671049236578613
21391 0.0068684925123500395
21395 0.0012170287559073129
21397 0.0007262797369539596
21433 0.0006248323127324544
21504 0.002441575260612086
21588 0.0010609544630027726
21589 0.0014632400582748892
21590 0.001057298100694894
21606 0.002129272404059931
21607 0.0026774632629960877
21609 0.002124357753386971
21611 0.0017828145213654339
21612 0.001399814443581605
21613 0.0016427987445870687
21667 0.0004876820753238338
21699 0.013234270998604362
21731 0.009113072573600372
21788 0.0013904398037793118
22000 0.0029218349100155723
22156 0.003962876196576556
22292 0.00503818428907937
22308 0.02217778305192543
22371 0.0004312418866838024
22409 0.016965493025896873
22459 0.0077570946746976744
22545 0.008609587901025766
22613 0.027605393543005237
22660 0.026984162945206298
22678 0.010070018805076988
22839 0.03539915371749636
22844 0.058255529348996776
22894 0.006271741033423545
22943 0.0031573859233444434
22953 0.0044145479039253924
23049 0.023345848840234662
23158 0.0013050379250689902
23208 0.011613602481449908
23249 0.03661642794312267
23304 0.0015119145735604193
23319 0.0038785473373488372
23354 0.014494141679604807
23355 0.0032550945947123085
23400 0.0023569451787672007
23497 0.013229565575340553
23537 0.025926140750842402
23549 0.022749422045046187
23578 0.006325621970136806
23586 0.008126958027857883
23630 0.002988240248879563
23658 0.023200668058063017
23790 0.005304772315013863
23825 0.01688766966339276
23851 0.006657345364592443
23852 0.006177741962678548
23863 0.010956880912558396
23873 0.001271240326871416
23908 0.0016318758805938037
23972 0.024160238916056804
24085 0.002265545837919767
24098 0.016289876046989473
24109 0.009203779966549053
24301 0.0030963094925312204
24351 0.012738795801451977
24394 0.015666008453700517
24475 0.01600657385486792
24608 0.0048457783827071735
24629 0.004449305605940223
24830 0.0019378144710305702
24847 0.017759680366964226
24848 0.029930991761135135
24852 0.014324949364278682
24921 0.0005273616941154019
24922 0.002351317103109263
24961 0.003512893117003455
25024 0.005429958682329825
25046 0.002358431765931852
25072 0.004578995008233359
25096 0.03681511986619621
25257 0.011629368731982564
25304 0.028988283359209614
25312 0.009512950869818142
25315 0.040456175677138696
25316 0.005665660114952868
25320 0.010943436679885104
25344 0.005890419178591394
25365 0.038247852950489526
25395 0.009439774324665695
25418 0.1952260287570153
25439 0.0035882183105454394
25445 0.011327729189598835
25485 0.005444726071880819
25487 0.0023599435811664238
25511 0.03140677356097107
25560 0.004707815839667035
25582 0.001988931381209952
25664 0.0034278510117501126
25690 0.03377533932678552
25722 0.00809524888356189
25723 0.00387404701077853
25802 0.027219832490579278
25804 0.004677905955043991
25893 0.005100934239232942
25977 0.005099047072880361
26134 0.00468385748933794
26243 0.02611001408950086
26452 0.0034383917650195298
26490 0.010609544630027726
26636 0.01546853775890597
26653 0.008144938023494737
26705 0.02272538263345445
26759 0.003456818766778987
26826 0.005222002817900172
26827 0.00030403105017917426
26885 0.015525522582661506
27049 0.0060551183990454295
27150 0.02191376182511679
27296 0.008074276736195148
27458 0.07200960077103023
27627 0.00800328692743396
27633 0.003802197980314411
27636 0.002402269805692879
27637 0.002223209160657996
27692 0.0014880808353353358
27740 0.019376378876945374
27767 0.0011573442271674381
27773 0.0038189958367423455
27813 0.12919369550096602
27840 0.0025583822005695767
27846 0.0014539936756001663
27854 0.005909329031492169
27966 0.0021202545254888202
28001 0.012963070375421201
28002 0.01673414539372555
28430 0.012878805042030279
28482 0.009274989551019068
28512 0.007066241816928255
28521 0.0032041009457089826
28561 0.015666008453700517
28674 0.0035823802530704912
28714 0.004689824186776587
28740 0.01600657385486792
28744 0.0019655696671754515
28746 0.016362275496087205
28894 0.0011286057592334827
28919 0.007900306261524277
29037 0.019793075196879686
29045 0.0005667352196150894
29145 0.0030215355087989375
29146 0.0008114419190257045
29171 0.002596270794513132
29180 0.0009110398383122051
29183 0.003355981756262189
29211 0.014380906197732895
29271 0.001710441951737632
29372 0.0038147745656931797
29448 0.005890419178591394
29456 0.02921834910015572
29457 0.031737172298445006
29458 0.059379225590639045
29459 0.05843669820031144
29460 0.059379225590639045
29461 0.06239850824779019
29462 0.0448964876417027
29463 0.06239850824779019
29464 0.06035265551835445
29465 0.05843669820031144
29466 0.04908682648826162
29467 0.06135853311032702
29468 0.0645879295898179
29469 0.054947940098800316
29470 0.06239850824779019
29471 0.06239850824779019
29472 0.051852281501684805
29473 0.06035265551835445
29474 0.0344066540805572
29475 0.06035265551835445
29476 0.047811843982073006
29477 0.06035265551835445
29478 0.06135853311032702
29479 0.03539915371749636
29480 0.05578048464575184
29481 0.05843669820031144
29482 0.05843669820031144
29483 0.059379225590639045
29484 0.05843669820031144
29485 0.06035265551835445
29486 0.04136530322044518
29487 0.06239850824779019
29488 0.06035265551835445
29489 0.06239850824779019
29490 0.06035265551835445
29491 0.06035265551835445
29492 0.049750161981346235
29493 0.047811843982073006
29494 0.05335524618289306
29495 0.06135853311032702
29496 0.06239850824779019
29497 0.06035265551835445
29498 0.06135853311032702
29499 0.059379225590639045
29500 0.059379225590639045
29501 0.05043167104958385
29502 0.05843669820031144
29503 0.06035265551835445
29504 0.03093707551781194
29505 0.06035265551835445
29506 0.05843669820031144
29507 0.059379225590639045
29508 0.05843669820031144
29509 0.05335524618289306
29510 0.059379225590639045
29511 0.0525930283802803
29512 0.06035265551835445
29513 0.059379225590639045
29514 0.054139882156170896
29515 0.06239850824779019
29516 0.05752362479093158
29517 0.02810314493602764
29518 0.05663864594799417
29519 0.06035265551835445
29520 0.06239850824779019
29521 0.06239850824779019
29522 0.06035265551835445
29523 0.059379225590639045
29524 0.06239850824779019
29525 0.04382752365023358
29526 0.06239850824779019
29528 0.05843669820031144
29529 0.05663864594799417
29530 0.059379225590639045
29531 0.06135853311032702
29532 0.06135853311032702
29533 0.059379225590639045
29534 0.03146591441555232
29535 0.059379225590639045
29536 0.054947940098800316
29537 0.06239850824779019
29538 0.06035265551835445
29539 0.0360932547707806
29540 0.0645879295898179
29541 0.05666674218493322
29542 0.059379225590639045
29543 0.06239850824779019
29544 0.06035265551835445
29545 0.05843669820031144
29546 0.05663864594799417
29547 0.06239850824779019
29548 0.06239850824779019
29549 0.05043167104958385
29550 0.06135853311032702
29551 0.05752362479093158
29552 0.05663864594799417
29553 0.06135853311032702
29554 0.05335524618289306
29555 0.05663864594799417
29556 0.05663864594799417
29557 0.05752362479093158
29558 0.05335524618289306
29559 0.0645879295898179
29560 0.0448964876417027
29561 0.05752362479093158
29562 0.02789024232287592
29563 0.059379225590639045
29564 0.054947940098800316
29565 0.06239850824779019
29595 0.06035265551835445
29596 0.046601417552147105
29597 0.06135853311032702
29598 0.06135853311032702
29599 0.05516231540126243
29600 0.06035265551835445
29602 0.034731245156788874
29603 0.034731245156788874
29604 0.06035265551835445
29605 0.06035265551835445
29606 0.02406216984718707
29607 0.06239850824779019
29608 0.06135853311032702
29609 0.06035265551835445
29610 0.06135853311032702
29611 0.06239850824779019
29612 0.03958615039375937
29613 0.06035265551835445
29614 0.0344066540805572
29615 0.06239850824779019
29616 0.05752362479093158
29617 0.06135853311032702
29618 0.06035265551835445
29619 0.05843669820031144
29620 0.05752362479093158
29621 0.06347434459689001
29622 0.03408807395018167
29623 0.06035265551835445
29624 0.06239850824779019
29625 0.04908682648826162
29626 0.05663864594799417
29627 0.06035265551835445
29628 0.054139882156170896
29629 0.03287064273767518
29630 0.06239850824779019
29631 0.06035265551835445
29633 0.0645879295898179
29634 0.032579752093978946
29635 0.05578048464575184
29636 0.06135853311032702
29637 0.03875275775389075
29638 0.06347434459689001
29639 0.0344066540805572
29641 0.06035265551835445
29642 0.06347434459689001
29643 0.05752362479093158
29644 0.054947940098800316
29645 0.03287064273767518
29646 0.054139882156170896
29647 0.06135853311032702
29648 0.059379225590639045
29649 0.059379225590639045
29650 0.06239850824779019
29651 0.05043167104958385
29652 0.05663864594799417
29653 0.05578048464575184
29654 0.059379225590639045
29655 0.054139882156170896
29656 0.054947940098800316
29657 0.06239850824779019
29658 0.06239850824779019
29659 0.059379225590639045
29660 0.06347434459689001
29661 0.06135853311032702
29662 0.06035265551835445
29663 0.06239850824779019
29664 0.06239850824779019
29665 0.06135853311032702
29666 0.05335524618289306
29667 0.059379225590639045
29668 0.05843669820031144
29669 0.0868097336629088
29670 0.03316677465423082
29671 0.0645879295898179
29672 0.06035265551835445
29673 0.06239850824779019
29674 0.06239850824779019
29675 0.054139882156170896
29676 0.059379225590639045
29677 0.05578048464575184
29678 0.059379225590639045
29679 0.06135853311032702
29680 0.06135853311032702
29681 0.06035265551835445
29682 0.059379225590639045
29684 0.03377533932678552
29685 0.05663864594799417
29686 0.06035265551835445
29687 0.059379225590639045
29688 0.06035265551835445
29689 0.05578048464575184
29690 0.034731245156788874
29691 0.06239850824779019
29692 0.06035265551835445
29693 0.06239850824779019
29694 0.05752362479093158
29695 0.06239850824779019
29696 0.06035265551835445
29697 0.054947940098800316
29698 0.054947940098800316
29699 0.06239850824779019
29700 0.0389583852521416
29701 0.05843669820031144
29702 0.06035265551835445
29703 0.06239850824779019
29704 0.054139882156170896
29705 0.059379225590639045
29706 0.06035265551835445
29707 0.06035265551835445
29708 0.06239850824779019
29709 0.059379225590639045
29710 0.05578048464575184
29711 0.06035265551835445
29712 0.05843669820031144
29713 0.06239850824779019
29714 0.059379225590639045
29715 0.0542029707855883
29716 0.06239850824779019
29717 0.0334682907874511
29718 0.05113211092527251
29719 0.059379225590639045
29720 0.06035265551835445
29721 0.059379225590639045
29722 0.06239850824779019
29723 0.059379225590639045
29724 0.06035265551835445
29725 0.059379225590639045
29726 0.05843669820031144
29727 0.059379225590639045
29728 0.06239850824779019
29729 0.06239850824779019
29730 0.05663864594799417
29731 0.06035265551835445
29732 0.05843669820031144
29733 0.06035265551835445
29734 0.054139882156170896
29736 0.06035265551835445
29737 0.022312193858300734
29738 0.059379225590639045
29740 0.06135853311032702
29741 0.03316677465423082
29742 0.06035265551835445
29743 0.051852281501684805
29744 0.03093707551781194
29745 0.06347434459689001
29746 0.06135853311032702
29747 0.06239850824779019
29748 0.06239850824779019
29749 0.05752362479093158
29750 0.059379225590639045
29751 0.059379225590639045
29752 0.06239850824779019
29753 0.03574283482154972
29754 0.06035265551835445
29755 0.059379225590639045
29756 0.059379225590639045
29757 0.06239850824779019
29758 0.059379225590639045
29759 0.059379225590639045
29760 0.05335524618289306
29761 0.06035265551835445
29762 0.06347434459689001
29763 0.06035265551835445
29764 0.08765504730046716
29765 0.06035265551835445
29766 0.059379225590639045
29767 0.059379225590639045
29768 0.06239850824779019
29769 0.02629651419014015
29770 0.06135853311032702
29771 0.030176327759177224
29772 0.05843669820031144
29773 0.06035265551835445
29774 0.05663864594799417
29775 0.05578048464575184
29776 0.08367072696862775
29777 0.05043167104958385
29778 0.06035265551835445
29779 0.0334682907874511
29780 0.05335524618289306
29781 0.06135853311032702
29782 0.06035265551835445
29783 0.05578048464575184
29784 0.05113211092527251
29785 0.03377533932678552
29786 0.051515220168121115
29787 0.06035265551835445
29788 0.054139882156170896
29789 0.06035265551835445
29790 0.05752362479093158
29791 0.059379225590639045
29792 0.06035265551835445
29793 0.06239850824779019
29794 0.05113211092527251
29795 0.03408807395018167
29796 0.05752362479093158
29797 0.05578048464575184
29798 0.05335524618289306
29799 0.06035265551835445
29800 0.05752362479093158
29802 0.012607917762395962
29803 0.06035265551835445
29804 0.06135853311032702
29805 0.06347434459689001
29806 0.05752362479093158
29807 0.06035265551835445
29808 0.059379225590639045
29809 0.06035265551835445
29810 0.059379225590639045
29811 0.06035265551835445
29812 0.06239850824779019
29813 0.06135853311032702
29814 0.059379225590639045
29815 0.06239850824779019
29816 0.059379225590639045
29818 0.06239850824779019
29819 0.05578048464575184
29820 0.059379225590639045
29821 0.06239850824779019
29822 0.059379225590639045
29823 0.06239850824779019
29824 0.06239850824779019
29825 0.059379225590639045
29826 0.03316677465423082
29827 0.06035265551835445
29828 0.05663864594799417
29829 0.0645879295898179
29830 0.059379225590639045
29831 0.059379225590639045
29832 0.03377533932678552
29833 0.0525930283802803
29834 0.054139882156170896
29835 0.06239850824779019
29836 0.06239850824779019
29837 0.054947940098800316
29838 0.05843669820031144
29839 0.059379225590639045
29840 0.06035265551835445
29841 0.06239850824779019
29842 0.059379225590639045
29843 0.06135853311032702
29844 0.0334682907874511
29845 0.06035265551835445
29846 0.05843669820031144
29847 0.06035265551835445
29848 0.05843669820031144
29849 0.06035265551835445
29850 0.06239850824779019
29851 0.059379225590639045
29852 0.06239850824779019
29853 0.06239850824779019
29854 0.06135853311032702
29855 0.0645879295898179
29856 0.026872350267296504
29857 0.06239850824779019
29858 0.06035265551835445
29859 0.05578048464575184
29860 0.06347434459689001
29861 0.03316677465423082
29862 0.059379225590639045
29863 0.059379225590639045
29864 0.06239850824779019
29865 0.049750161981346235
29866 0.06239850824779019
29867 0.059379225590639045
29868 0.06239850824779019
29869 0.06239850824779019
29870 0.047811843982073006
29871 0.06239850824779019
29872 0.025744839067270077
29873 0.06135853311032702
29874 0.030176327759177224
29875 0.06135853311032702
29876 0.06035265551835445
29877 0.06239850824779019
29878 0.06135853311032702
29879 0.03316677465423082
29880 0.06035265551835445
29881 0.03539915371749636
29882 0.059379225590639045
29883 0.06239850824779019
29884 0.05663864594799417
29885 0.06817614790036335
29886 0.059379225590639045
29888 0.08561655782836328
29889 0.06035265551835445
29890 0.046018899832745264
29891 0.06239850824779019
29892 0.06239850824779019
29894 0.06135853311032702
29895 0.06239850824779019
29896 0.05752362479093158
29897 0.06239850824779019
29898 0.06035265551835445
29899 0.059379225590639045
29900 0.06239850824779019
29901 0.05843669820031144
29902 0.054947940098800316
29903 0.05752362479093158
29904 0.06239850824779019
29905 0.06347434459689001
29906 0.0645879295898179
29907 0.06035265551835445
29908 0.05578048464575184
29909 0.06239850824779019
29910 0.046018899832745264
29911 0.06239850824779019
29912 0.06135853311032702
29913 0.06135853311032702
29914 0.06035265551835445
29915 0.059379225590639045
29917 0.06035265551835445
29918 0.06239850824779019
29919 0.06239850824779019
29920 0.059379225590639045
29921 0.015339633277581755
29922 0.06239850824779019
29923 0.0334682907874511
29924 0.06135853311032702
29925 0.05578048464575184
29926 0.0014551430777152653
29927 0.059379225590639045
29928 0.05328321583447506
29929 0.06135853311032702
29930 0.034731245156788874
29931 0.06239850824779019
29932 0.0645879295898179
29933 0.06035265551835445
29934 0.06239850824779019
29935 0.051852281501684805
29936 0.048440947192363436
29937 0.05843669820031144
29938 0.06035265551835445
29939 0.059379225590639045
29940 0.0334682907874511
29941 0.027069941078085448
29942 0.054139882156170896
29943 0.06035265551835445
29944 0.06135853311032702
29945 0.06035265551835445
29946 0.06035265551835445
29947 0.06239850824779019
29948 0.06239850824779019
29949 0.06239850824779019
29950 0.05752362479093158
29951 0.04136530322044518
29952 0.05843669820031144
29953 0.059379225590639045
29954 0.05752362479093158
29955 0.04211717324555848
29956 0.06035265551835445
29957 0.05335524618289306
29958 0.03506201892018687
29959 0.03229396479490895
29960 0.059379225590639045
29961 0.059379225590639045
29962 0.059379225590639045
29963 0.054139882156170896
29964 0.06574128547535037
29965 0.06239850824779019
29966 0.019376378876945374
29967 0.054139882156170896
29968 0.05663864594799417
29969 0.06239850824779019
29971 0.06239850824779019
29972 0.05752362479093158
29973 0.06035265551835445
29974 0.06035265551835445
29975 0.054947940098800316
29976 0.05335524618289306
29977 0.059379225590639045
29978 0.05663864594799417
29979 0.05752362479093158
29980 0.023599435811664238
29981 0.059379225590639045
29982 0.059379225590639045
29983 0.05113211092527251
29984 0.06239850824779019
29985 0.03201314770973584
29987 0.054947940098800316
29988 0.06035265551835445
29989 0.059379225590639045
29990 0.06135853311032702
29991 0.06239850824779019
29992 0.03408807395018167
29993 0.06239850824779019
29994 0.06239850824779019
29995 0.05335524618289306
29996 0.06135853311032702
29997 0.0669365815749022
29998 0.06239850824779019
29999 0.059379225590639045
30000 0.06239850824779019
30001 0.054947940098800316
30002 0.05578048464575184
30003 0.06239850824779019
30004 0.04136530322044518
30005 0.06035265551835445
30006 0.059379225590639045
30007 0.05752362479093158
30008 0.05663864594799417
30009 0.06135853311032702
30010 0.06239850824779019
30011 0.06135853311032702
30012 0.06135853311032702
30013 0.06035265551835445
30014 0.06035265551835445
30015 0.06035265551835445
30016 0.05578048464575184
30017 0.06035265551835445
30018 0.054947940098800316
30019 0.059379225590639045
30020 0.0334682907874511
30021 0.059379225590639045
30022 0.06035265551835445
30023 0.05113211092527251
30024 0.059379225590639045
30025 0.06239850824779019
30026 0.06135853311032702
30027 0.06239850824779019
30028 0.06239850824779019
30030 0.059379225590639045
30031 0.06239850824779019
30032 0.06239850824779019
30033 0.05843669820031144
30034 0.06135853311032702
30035 0.06239850824779019
30036 0.06035265551835445
30037 0.03316677465423082
30038 0.059379225590639045
30039 0.06135853311032702
30040 0.05718662055360234
30041 0.06035265551835445
30042 0.054139882156170896
30043 0.06035265551835445
30044 0.05843669820031144
30045 0.06239850824779019
30046 0.059379225590639045
30047 0.06035265551835445
30048 0.06035265551835445
30049 0.06239850824779019
30050 0.06135853311032702
30051 0.06239850824779019
30052 0.03201314770973584
30053 0.0344066540805572
30054 0.059379225590639045
30055 0.06135853311032702
30056 0.06035265551835445
30057 0.059379225590639045
30058 0.06239850824779019
30059 0.06239850824779019
30060 0.03316677465423082
30061 0.06135853311032702
30062 0.06035265551835445
30063 0.059379225590639045
30064 0.05843669820031144
30065 0.06135853311032702
30066 0.06135853311032702
30067 0.06035265551835445
30079 0.015275983346969382
30168 0.00911092723584774
30241 0.002685274972005559
30242 0.002964180343494059
30287 0.008405278508263975
30299 0.010878432182098875
30332 0.0048061514185634745
30382 0.01744033023927513
30390 0.00496160645096984
30483 0.02810314493602764
30531 0.002810314493602764
30578 0.008682811289197219
30654 0.019978659103662356
30662 0.003945152936925731
30664 0.012070531103670889
30677 0.008562282472998152
31067 0.0011122392708820608
31216 0.005713420385281993
31267 0.0022757727785113744
31283 0.0038032148622103527
31464 0.0009078944479949744
31495 0.0130132393326569
31502 0.14159661486998543
31628 0.003015161332202802
31651 0.01042921242668448
31671 0.007482747940283784
31869 0.010398074739733344
31884 0.009045483996608405
31901 0.018460036839489134
31904 0.0034406654080557206
31909 0.025044299228704905
32009 0.002122534741257717
32031 0.03229396479490895
32191 0.03140677356097107
32260 0.01658338732711541
32418 0.02234172630947188
32485 0.009755134212119801
32505 0.012021006903993678
32530 0.09903790673160641
32640 0.0014995975505578906
32804 0.020567106070500676
32839 0.02060284345599702
32876 0.014324949364278682
32923 0.002685274972005559
33036 0.006481535187710601
33038 0.006293182883110464
33124 0.0010186806825178806
33284 0.003692589755887283
33365 0.0014336105866898836
33439 0.013534970539042724
33488 0.0006794964907012958
33534 0.018946327174293783
33635 0.036666715531427384
33707 0.013729827401635804
33747 0.0048395509629989555
33752 0.022585963108095835
33755 0.04280827891418164
33822 0.00334682907874511
33915 0.010671049236578613
34027 0.00032994371631292534
34030 0.04553714951315329
34113 0.002216238974284987
34214 0.001196189146102985
34280 0.0023340512800670518
34293 0.002972504358770937
34295 0.03408807395018167
34388 0.0056461427901654485
34415 0.008348099742901635
34422 0.0064701440889624266
34426 0.005698934963807464
34428 0.003733784976287648
34429 0.0033602919894030487
34430 0.007973236631577795
34484 0.007368016123336471
34490 0.008931868550287726
34540 0.009439774324665695
34552 0.007275715388576326
34591 0.008786424789068308
34700 0.0073630239732392425
34861 0.11543225259893805
34996 0.0044355566103850864
35082 0.012031084923593534
35092 0.03660488039194037
35100 0.03842670781186329
35104 0.004613423542129851
35125 0.04758276061330271
35128 0.02667762309144653
35304 0.005745015336721341
35311 0.06051788000332675
35313 0.018500060234269453
35463 0.005390207886705156
35479 0.0172033270402786
35516 0.006093198084401422
35521 0.03681511986619621
35586 0.04986673312274124
35594 0.008871113220770173
35606 0.03506201892018687
35654 0.01119000603835751
35784 0.012959130229402609
35794 0.0012963070375421203
35846 0.0010764654931636319
35871 0.014324949364278682
35891 0.012129642617381088
35911 0.0011313804507128522
35944 0.003114646350778021
36003 0.010283553035250338
36004 0.017365622578394437
36009 0.028319322973997085
36010 0.008302016114476507
36015 0.06574128547535037
36254 0.012592609374429607
36350 0.013122824505984535
36451 0.01187584511812781
36467 0.0020532693734632576
36474 0.010399751374631698
36505 0.008892541030482176
36516 0.01662224437424708
36555 0.010254908040723178
36711 0.0360932547707806
36721 0.012607917762395962
36796 0.008642046916947468
36814 0.010226422185054504
36817 0.00936771497867588
36837 0.002751503726920494
36941 0.003503845778719873
36946 0.012437540495336559
36956 0.012437540495336559
36976 0.03718698976383456
37066 0.01658338732711541
37073 0.017614889888132156
37076 0.020567106070500676
37094 0.004234607092624086
37096 0.005725524084944978
37221 0.009612302837126949
37412 0.007382496885769486
39059 0.031263954783151915
39131 0.012522149614352452
39249 0.0033993647152535745
40067 0.0030730484028544417
40257 0.0022244785417641216
41185 0.03042571889768282
42299 0.011762019126580259
43561 0.21655952862468358
44732 0.028935773954716335
45020 0.0007274277784271135
45320 0.041835363484313874
45324 0.007052704955210001
45400 0.03093707551781194
46138 0.03506201892018687
46339 0.006579346463305102
46345 0.01683238844444201
46360 0.00933736748450416
46365 0.0059959478609440085
46374 0.010989588019760063
46528 0.0018640567020858842
46575 0.00393323930194404
46652 0.03460571026842396
46686 0.0036815119866196212
46784 0.0061460968057088835
46831 0.003301558072215389
47093 0.01460917455007786
47237 0.04386610480806312
47407 0.0135849150797772
47458 0.007799813530973774
47459 0.00021063691421327504
47470 0.00400599780916172
47493 0.008482746512948437
47537 0.005216185473090088
47539 0.026690749672059283
47546 0.010792593727353425
47573 0.003218011463027725
47619 0.011504724958186316
47649 0.00109114166764067
47686 0.0008407197959852983
47735 0.0006812568443041489
47798 0.009250030117134727
47889 0.02438087408357365
47981 0.004660141755214711
48070 0.0009108144449825882
48255 0.001168363055099848
48267 0.007333689216373747
48296 0.020228087838569348
48485 0.03644370894339096
48506 0.04111158379888766
48602 0.009112653432226786
48627 0.011122392708820608
48677 0.0038712008271499696
48690 0.05337042751647679
48765 0.01607647155729092
48849 0.005472644109168266
48869 0.014494141679604807
48938 0.0026232222436744367
48972 0.0027784996125431102
49274 0.008367072696862776
49335 0.018160069854377736
49337 0.025926140750842402
49396 0.01757674565548639
49530 0.0039129577152182396
49611 0.00831112218712354
50025 0.03287064273767518
50045 0.002426837169821767
50119 0.029689612795319523
50124 0.010004108659292448
50129 0.014544985586201471
50135 0.04869798156517699
50139 0.009769863070077867
50220 0.013462940907867506
50386 0.047811843982073006
50531 0.11987195462197411
50557 0.016060642219498517
50560 0.015166281363364124
50562 0.0003514905467461926
50573 0.0032695488335875854
50608 0.031737172298445006
50703 0.0017155228269429734
50723 0.009950032396269248
50729 0.009033828464264718
50734 0.0779167705042832
50735 0.011672924420117331
50736 0.0009680546901445231
50737 0.008807444944066078
50763 0.006413783948814671
50834 0.004995267281709119
50856 0.008073491198727238
50901 0.0034471086017037653
50930 0.03506201892018687
50942 0.005825177194018388
51027 0.019582510567125642
51038 0.004169322748153592
51063 0.013195383464586456
51108 0.0068982734785704315
51133 0.011653191999998317
51164 0.009649135666165102
51169 0.005398111417330822
51213 0.0017267879862193345
51225 0.01521285944884141
51260 0.01412443564167986
51377 0.009612302837126949
51378 0.024220473596181718
51387 0.012607917762395962
51433 0.023599435811664238
51437 0.01256488732634683
51438 0.01070206972854541
51484 0.0019582510567125646
51502 0.008955950632676228
51522 0.0030325469412023237
51562 0.0026542984762938865
51567 0.0045961448022716865
51582 0.007051517573892531
51721 0.01082797643123418
51753 0.00536432154934824
51761 0.0030083695175398915
51793 0.005820113576417045
51879 0.03351258946420783
51975 0.007968640663678833
52046 0.03347274199639659
52052 0.044067325472320285
52093 0.048274758557617196
52112 0.01681055701652795
52166 0.02103721135211212
52180 0.03229396479490895
52228 0.048518570469524354
52347 0.006746261905172628
52397 0.040364188878007655
52419 0.041874144885141046
52693 0.014667378432747494
52722 0.01051860567605606
52755 0.005127454020361589
52971 0.001068033648569661
52983 0.008001722259746668
53076 0.001885054780655208
53080 0.0032213651888075736
53086 0.002964180343494059
53103 0.01005877591972574
53250 0.011022490977903058
53253 0.010198094145760722
53292 0.008422983024032299
53404 0.004058998882711821
53409 0.0038453680693045374
53519 0.0013261930787534658
53747 0.002155451982798373
53762 0.022312193858300734
53846 0.0007317654515244724
54008 0.010252206645300419
54010 0.025215835524791924
54026 0.005120322651765815
54029 0.004707815839667035
54057 0.006208283282663779
54239 0.05107657729107958
54329 0.05113211092527251
54506 0.06490997941193123
54608 0.09439774324665695
54648 0.005620628987205528
54652 0.025215835524791924
54659 0.0194791926260708
54732 0.00800328692743396
54861 0.0038389071810423577
54902 0.012230936832623326
54977 0.0007990249482629812
54986 0.00884978842937409
55157 0.005578048464575183
55183 0.00520723053270102
55356 0.027473970049400158
55456 0.0023828556547699814
55462 0.014105409910420003
55494 0.010796222834661645
55495 0.013892498062715551
55496 0.032025426406182826
55510 0.06043184626128188
55523 0.00790024031463438
55543 0.011548679067262905
55636 0.007275715388576326
55652 0.005304772315013863
55700 0.0021809905134002497
55786 0.022312193858300734
55789 0.030989280493438135
55820 0.002464198116880603
55851 0.013290656991406575
55935 0.003971426091283302
55937 0.0013640281536197187
56007 0.004403722472033039
56025 0.0036128675040428076
56061 0.004083544553910615
56083 0.00308851676729834
56097 0.007093472035875956
56116 0.007930460102217119
56212 0.09683396004688867
56237 0.006946249031357776
56249 0.010821773681150443
56281 0.011397869927614927
56364 0.011022490977903058
56402 0.0059667941436298555
56440 0.0017815732275475672
56451 0.005963176258824223
56484 0.0014170561919244113
56501 0.0005746974690320982
56504 0.0012522149614352452
56529 0.03986173009529387
56551 0.1044063012972822
56561 0.0014462509606363468
56731 0.00042040790072166503
56803 0.009637465933559217
56805 0.00468385748933794
56806 0.0334682907874511
56816 0.014296655138400585
56851 0.005421961688688691
57061 0.0897929752834054
57084 0.008027685806995952
57128 0.007392594350641809
57162 0.000825636238308953
57170 0.023345848840234662
57188 0.0011627199478348544
57296 0.006436209766817519
57432 0.014597989790029636
57439 0.0897929752834054
57460 0.013206232288861556
57501 0.0025810938469327765
57549 0.01042921242668448
57577 0.0014073058052827298
57633 0.02375169023625562
57638 0.013892498062715551
57659 0.029689612795319523
57687 0.00422191741584819
57706 0.0022420901258341174
57743 0.0032870642737675188
57748 0.01884406413658264
57838 0.0007647333628196117
57845 0.00028424274140052667
57875 0.01008633420991677
57878 0.005043156666943895
57938 0.0054630513938147725
58058 0.005787154790943267
58060 0.03953036903739198
58101 0.017531009460093436
58221 0.011300688131080367
58299 0.01187584511812781
58303 0.006527503522375215
58305 0.022017973168084435
58306 0.009896537598439843
58308 0.009273329941107357
58309 0.021461295266663565
58311 0.01048863813851744
58317 0.013534970539042724
58319 0.009157990016466718
58408 0.0011171853649221796
58458 0.022749422045046187
58659 0.005099047072880361
58669 0.003733038565148559
58698 0.007821005822261801
58729 0.02375169023625562
58736 0.028484927004494273
58979 0.0035162483157780526
59078 0.0021682134196824333
59193 0.012392329304856172
59399 0.044270400704911624
59417 0.03795373182082083
59467 0.06191503584169829
59543 0.009988237074559685
59548 0.001047268794550837
59709 0.012437540495336559
59824 0.06296304687214803
59929 0.006562409958323745
59990 0.002761824446076235
60030 0.006881330816111441
60097 0.003432456850408951
60330 0.09696128254454638
60357 0.09882592259347996
60391 0.03738006596484756
60392 0.0033682634827260946
60400 0.020008217318584896
60408 0.0029069233199458255
60409 0.0017963520577356355
60413 0.0012769144322769897
60500 0.001730847196342088
60615 0.004430218997135525
60641 0.00936771497867588
60754 0.007883323311819318
60931 0.00203510889254816
61125 0.008116330260862831
61192 0.01917951273951586
61264 0.00762217802612758
61381 0.0006287808687650933
61593 0.015599627061947547
61627 0.0021856036607092056
61677 0.0018910781403476027
61731 0.009896537598439843
61743 0.004387976146149727
61816 0.027581157700631215
61828 0.03146591441555232
61840 0.04929130846864661
61849 0.005519508225816523
61925 0.002074323341212198
62005 0.0021529309863272637
62042 0.05113211092527251
62133 0.015868586149222503
62138 0.0008050540097571881
62259 0.0003613931468164937
62277 0.017284093833894936
62295 0.018500060234269453
62380 0.011224121910425674
62399 0.01877512542271884
62427 0.0021491605292583895
62431 0.0031791986067526952
62469 0.02610157532432055
62492 0.014844806397659761
62540 0.05779717956622164
62566 0.0044951306307931885
62622 0.0023782377174545355
62746 0.007107165997335176
62758 0.007162474682139341
62807 0.012491666613913136
62816 0.06171625386477876
62907 0.014324949364278682
63039 0.008973617256451164
63073 0.010141906299227607
63168 0.01546853775890597
63189 0.014841289619863465
63193 0.007695285155377374
63235 0.03958615039375937
63363 0.00600572917882483
63382 0.0015209784096374115
63385 0.003648673921327672
63386 0.017785082060964352
63551 0.006325621970136806
63596 0.01176102196291067
63631 0.0027784996125431102
63634 0.0005261557791367187
63685 0.0180466273853903
63692 0.001547887171676845
63703 0.028538852609454428
63705 0.002742341240801872
63723 0.004084758610971595
63725 0.0006938394245419565
63800 0.0029079873512003326
63888 0.0017984914443671817
63933 0.0039543630361113
63996 0.0025583822005695767
64028 0.006738747719289356
64029 0.0023569451787672007
64040 0.010132838862820863
64054 0.00465891219833454
64056 0.006546327342820931
64058 0.013840270626389551
64060 0.04732353178800897
64065 0.0035495641592184603
64068 0.003138641309336684
64070 0.004954961558300998
64073 0.0256516116886529
64075 0.02068265161022259
64110 0.01160771255184852
64118 0.009662761119736539
64164 0.009273329941107357
64229 0.03755025084543768
64251 0.02533878715586445
64253 0.06135853311032702
64285 0.012711253353540113
64306 0.01546853775890597
64311 0.0017406706619219924
64353 0.006492966466701272
64403 0.006907151944877338
64451 0.006358902301233649
64522 0.02454071511945927
64746 0.006270967445012731
64761 0.01975976034782323
64785 0.0073630239732392425
64813 0.015864612517451505
64828 0.018194463926071634
64872 0.03042571889768282
64958 0.0018898932169505243
64975 0.014269426304727214
65073 0.013178312136030983
65216 0.005156179252968657
65244 0.0033136921571733763
65249 0.004818732966779609
65338 0.00257628550498224
65357 0.004122633803605399
65367 0.0020812492956068965
65427 0.0005707770521890886
65463 0.0448441844628968
65552 0.01887954864933139
65564 0.006261074807176226
65665 0.006959379936899095
65696 0.007816373644627646
65713 0.0448441844628968
65731 0.010640208053813932
65746 0.008621807931193493
65753 0.02470813413838672
65832 0.0037869633294912845
65845 0.0025215835524791926
65858 0.0008203939934324645
65879 0.013290656991406575
65880 0.009343939052334063
65893 0.01305500704475043
65895 0.013008876277807849
66041 0.014105409910420003
66107 0.02217778305192543
66117 0.0023067117710649254
66144 0.0062208998406613316
66156 0.07288741788678192
66161 0.020917253826653204
66216 0.05752362479093158
66232 0.011258446442261838
66262 0.03280706126496134
66272 0.1186009500366151
66359 0.0031929852442494546
66420 0.1143652018210217
66591 0.009896537598439843
66599 0.02810314493602764
66612 0.036004800385515116
66620 0.010037587182516352
66622 0.011224121910425674
66668 0.006391513865659064
66680 0.006753349556167556
66744 0.02524858266666302
66748 0.0032032934154604276
66886 0.01805155676635253
66942 0.007173005339864966
66963 0.0076388990690473705
66964 0.0051345483034124
66992 0.004261009243772709
66995 0.011055591551410273
67048 0.036666715531427384
67144 0.0006273194459239106
67178 0.012437540495336559
67180 0.005059530552226181
67223 0.0013735414781215899
67250 0.019689455842379147
67457 0.0362403583740852
67544 0.002088208727521056
67758 0.0669365815749022
67795 0.014726047946478485
67901 0.008348099742901635
67908 0.0013237081419287863
67916 0.024842656900317953
67919 0.011224121910425674
67946 0.0049152362972224575
67972 0.0018889235436734843
68050 0.003775909729866278
68058 0.018386218156926506
68062 0.0037566448843057362
68136 0.10747140759211474
68140 0.006999072217908025
68146 0.02522054874210756
68149 0.0029979739304720043
68164 0.0027784996125431102
68186 0.0071904530988664474
68249 0.04327670588209699
68250 0.001681052222314632
68267 0.0053758684683636385
68269 0.028638979575129307
68271 0.0180466273853903
68278 0.008621807931193493
68290 0.00639973474367829
68305 0.011724560466941468
68359 0.037566448843057355
68368 0.010312358505937314
68406 0.01903411999915689
68580 0.007162474682139341
68587 0.013338811545723264
68657 0.008424512555193641
68683 0.02030404443108357
68689 0.004793635399244298
68765 0.0028341123838488227
68831 0.023599435811664238
68853 0.057716126299469026
68907 0.0009410817961706599
68957 0.09549099232680097
69098 0.00790024031463438
69109 0.03539915371749636
69190 0.0033930986051793743
69199 0.0006743851174232019
69384 0.0015125357381346018
69407 0.0063583972135053905
69408 0.016965493025896873
69433 0.005172897626840377
69435 0.00372584676649292
69509 0.0525930283802803
69534 0.005806801240724954
69626 0.016979143361125725
69647 0.0022852340078334085
69694 0.0008024219674410682
69753 0.08092831456473949
69764 0.019540255925839044
69897 0.039165021134251285
69918 0.006999072217908025
70147 0.0334682907874511
70216 0.019120679878351702
70390 0.0028942704297324068
70555 0.005682171048625938
70560 0.007528654369365279
70561 0.008662381144987344
70643 0.00660539195042533
70664 0.0135849150797772
70767 0.006239850824779018
70775 0.02011755183945148
70793 0.0027129786194691387
70826 0.00893570870538743
70936 0.0010527515014934394
70939 0.04382752365023358
70959 0.024637713993449228
70960 0.03970281299581309
71013 0.005578048464575183
71021 0.005536108250555821
71025 0.01542906346619469
71057 0.023154163437859254
71069 0.0038382645568612412
71086 0.008144938023494737
71132 0.008871113220770173
71177 0.005456628132960055
71267 0.0030300510177939267
71275 0.005646490777023959
71277 0.011362691316727225
71290 0.0019114463869368836
71294 0.019290515969810886
71303 0.0025907895753832662
71331 0.005486605047123131
71382 0.007783323438942117
71385 0.0037495396048082327
71389 0.0017373817775458336
71429 0.02286653407838274
71443 0.002663901582213908
71458 0.015868586149222503
71464 0.0048313805598682695
71492 0.009157990016466718
71514 0.016938428370496344
71535 0.006085143779536563
71548 0.004528307860964192
71614 0.001225128780905032
71631 0.009791255283562821
71642 0.012516750281812561
71685 0.0038194495345236852
71686 0.025215835524791924
71730 0.014494141679604807
71787 0.00030931876883041686
71822 0.0064474815877751685
71848 0.00513032233773058
71938 0.006597691732293228
71992 0.007772246434342462
72076 0.0010257765356978606
72105 0.004310903965596746
72165 0.004263833496688125
72170 0.010609544630027726
72230 0.019274931867118435
72256 0.0027169830159554397
72322 0.0011324437757723827
72385 0.0360932547707806
72500 0.005928360686988118
72501 0.0018773646030696691
72513 0.0018809117804292864
72559 0.003193310266568983
72564 0.010796222834661645
72566 0.01085991736465965
72587 0.012852250804830217
72602 0.002770136935003477
72721 0.0074074687859549725
72725 0.00463083268757185
72761 0.0007310120442803371
72801 0.00234192874466897
72815 0.006972417942217735
72886 0.013008876277807849
72905 0.021782216644218932
72911 0.00430083176006965
72942 0.01769957685874818
72966 0.027703740623745133
72972 0.0033136921571733763
72973 0.003389974204990443
72975 0.01597303871648307
73001 0.0107700134312329
73078 0.0009555943032872381
73228 0.0035812373410696705
73368 0.009765283784136925
73430 0.05718662055360234
73455 0.004403722472033039
73656 0.0028919968473052797
73665 0.02629651419014015
73694 0.00992321290193968
73827 0.00430083176006965
73905 0.005335524618289306
73937 0.003721397994234421
73948 0.0020613169018026995
73977 0.0344066540805572
74174 0.03574283482154972
74181 0.0052519616201761226
74225 0.008126912177760959
74336 0.0007447930379566298
74342 0.00600572917882483
74386 0.004825048475255073
74418 0.007799813530973774
74425 0.0024625498238258336
74452 0.037422439047414977
74499 0.020975277189881708
74623 0.011258446442261838
74636 0.002292512556212819
74648 0.0056725916588900175
74784 0.0008122384702353633
74836 0.0007395564456849379
74886 0.0011171293082705151
74929 0.005663864594799417
74936 0.00520723053270102
75029 0.014324949364278682
75061 0.0015250671029907294
75073 0.010710209004025181
75135 0.005366635549008194
75147 0.019582510567125642
75322 0.0013282211038445886
75434 0.01405157246801382
75488 0.008052402652672493
75593 0.002162102546077924
75594 0.0040996792724049234
75695 0.0016824133982031458
75779 0.016289876046989473
75805 0.002786912934609857
75813 0.009791255283562821
75838 0.0012582064205808685
75910 0.022723724399996717
75940 0.0031819464015727062
75944 0.0008713085882503012
75953 0.010372428011576408
75964 0.00455546361792387
76114 0.0008776882061873635
76115 0.0008072185496429235
76153 0.0035947760324928804
76157 0.012738795801451977
76178 0.012150763431467164
76182 0.001572544926005209
76274 0.011837659120963412
76363 0.037566448843057355
76457 0.008463245946252002
76463 0.015937281327357666
76467 0.004265946682062133
76652 0.001752477816490263
76666 0.011799717905832119
76667 0.015275983346969382
76668 0.014886447583812877
76699 0.002921154585877022
76700 0.0016329119582012914
76702 0.002058790527197464
76725 0.012230936832623326
76744 0.0006978333711552825
76755 0.0022461940125806106
76935 0.010924367912817867
76984 0.004765551712800195
77007 0.006910578315235759
77047 0.015150255088969635
77081 0.01048863813851744
77175 0.004758136182746816
77177 0.0021194657378351303
77282 0.000782967245133905
77285 0.0013261930787534658
77287 0.004007833619555515
77302 0.015088163879588612
77303 0.002474530226416298
77305 0.001590772802279487
77307 0.0011960727701818131
77309 0.0020606884904525048
77310 0.0024843928419061995
77313 0.005176883496797695
77319 0.0034246747765952494
77334 0.00191247375928292
77364 0.0005572982117195914
77446 0.029930991761135135
77681 0.008386132087971801
77697 0.007482747940283784
77766 0.015599627061947547
77777 0.002090580344474515
77781 0.002693132396941932
77806 0.10595769020331872
77852 0.0085417911522497
77855 0.014429031574867256
77919 0.03287064273767518
77972 0.0025808376304540803
77979 0.010640208053813932
78026 0.006645328495703287
78041 0.02921834910015572
78058 0.000544610849391793
78089 0.0007793209116468291
78100 0.005527795775705137
78114 0.007290122745781428
78132 0.060104654676736355
78159 0.0030325469412023237
78380 0.008405278508263975
78427 0.010004108659292448
78458 0.015533805850715699
78589 0.03681511986619621
78642 0.026524858044011296
78655 0.005026718474950478
78880 0.019687229874971235
78988 0.017284093833894936
79016 0.0033533273854161817
79033 0.004403722472033039
79092 0.01048863813851744
79096 0.011022490977903058
79108 0.025926140750842402
79150 0.04029895089020958
79151 0.023905921991036503
79192 0.0034151317130052144
79194 0.014551430777152652
79210 0.006669405772861632
79219 0.009464041096708536
79288 0.009139797126602133
79588 0.07363023973239242
79693 0.0045506946682566385
79707 0.005629223221130919
79722 0.002885197481676819
79764 0.011312779746538392
79776 0.04047624441780945
79817 0.02273870785336707
79841 0.002036234505873684
79918 0.0004032484758131685
79999 0.0027612817355249764
80002 0.0034406654080557206
80012 0.00677345512264124
80035 0.007833004226850258
80097 0.05578048464575184
80192 0.01435485505566289
80221 0.0003154139810332095
80290 0.006458792958981791
80312 0.009112653432226786
80330 0.008273060644089036
80339 0.01580048062926876
80475 0.002569094198618019
80488 0.002375169023625562
80489 0.00043739678902130765
80494 0.000883492197412916
80525 0.0017793678040694157
80527 0.0015514167663799499
80528 0.003271131747206211
80530 0.0016531261727075082
80539 0.0028090768996587
80542 0.0017836782880909017
80560 0.014360718022302757
80606 0.02638189577797504
80634 0.0019400378588056817
80636 0.007750551550778149
80651 0.005185228150168481
80673 0.038247852950489526
80675 0.005026493171351276
80676 0.00844383483169638
80697 0.017123311565672657
80708 0.0102690966068248
80711 0.022445506899452856
80730 0.007849705728400045
80731 0.02608092736545044
80738 0.0015902859553432488
80740 0.02207329470870776
80743 0.027703740623745133
80782 0.011224121910425674
80798 0.032367020351865235
80800 0.06238101917510275
80802 0.028506459801085526
80805 0.0261905110938767
80849 0.006999072217908025
80850 0.009694154961652652
80851 0.02662645447813819
80928 0.015868586149222503
80956 0.039203406543035564
80959 0.030298299199995618
80962 0.012607917762395962
80964 0.00790024031463438
80997 0.017531009460093436
81039 0.026702648310230056
81063 0.011130967214897598
81068 0.022723724399996717
81072 0.018718743664692655
81073 0.016770883141758102
81076 0.04794878184878965
81133 0.00430083176006965
81136 0.00790024031463438
81139 0.0152491037829702
81271 0.009320283510429421
81282 0.0014935139905150592
81289 0.011292981554047917
81329 0.012963070375421201
81340 0.010141906299227607
81369 0.014857819799997852
81375 0.009343939052334063
81376 0.00730458727503893
81378 0.005787689545350654
81401 0.05254741341686671
81524 0.0016509022361522964
81532 0.004055524814796783
81534 0.003280706126496134
81549 0.0015652687017940565
81551 0.002506134776459919
81719 0.0026735744274652296
81736 0.004367155381517937
81737 0.02402450067266367
81842 0.05639464449634222
81862 0.0021864537814996737
81869 0.005937922559063905
81961 0.05190582229028549
81965 0.03820779163465396
82013 0.026541303003219604
82069 0.012729346860623863
82176 0.0013866335166175597
82186 0.013485391892379564
82207 0.009976997253711711
82210 0.016149211937620752
82249 0.014105409910420003
82301 0.021532282583494336
82340 0.06631214511002824
82467 0.0076858287820868905
82587 0.013892498062715551
82588 0.005843669820031145
82612 0.023154163437859254
82613 0.016666688877921536
82623 0.005743388434663996
82700 0.007348327318602037
82708 0.0069857912459575355
82712 0.02272538263345445
82718 0.0016034459872036678
82723 0.0027784996125431102
82759 0.030176327759177224
82814 0.12008346191207278
82823 0.04523083613273475
82857 0.0165440391777278
82904 0.01051860567605606
82977 0.010169922614971329
83071 0.012522149614352452
83095 0.005320104026906966
83105 0.0026536150022744382
83147 0.001423621988991361
83153 0.0005106827558079652
83154 0.0011754246608852706
83155 0.0014576358543331158
83157 0.0011671986973940823
83183 0.0004686838939044712
83186 0.0018759376982944392
83191 0.0024550380623641808
83215 0.013485391892379564
83219 0.12640364411797136
83239 0.005890419178591394
83288 0.014551430777152652
83357 0.00668150995756737
83503 0.0008522018487545419
83550 0.06988487249209692
83552 0.0011884701425954665
83724 0.011091355231926432
83826 0.07965016799998849
83829 0.022585963108095835
83859 0.019436207034500955
83945 0.06898273478570431
83969 0.02629651419014015
84138 0.013521348460613135
84211 0.005478440456279198
84327 0.001056856839664743
84362 0.03377533932678552
84382 0.0013888797209435772
84486 0.0026026478665313797
84510 0.00372622670710488
84528 0.027270459160145342
84665 0.05663864594799417
84699 0.0009979701779939335
84703 0.0016869140384277038
84739 0.057996810295462733
84790 0.023905921991036503
84809 0.020917681742156937
84895 0.013626219216929247
84909 0.0017828145213654339
85028 0.000686849251235004
85043 0.007051291448351419
85072 0.006197831627305759
85089 0.0054487252100897336
85096 0.004511656846347575
85141 0.01282580584432645
85176 0.011762019126580259
85214 0.02244824382085135
85267 0.029799039507286438
85373 0.006633354930846164
85391 0.004994664775915589
85432 0.0003278867106002513
85467 0.0691127838342865
85632 0.02789193608663857
85664 0.004836656917516196
85691 0.015533805850715699
85782 0.01082797643123418
85861 0.010796222834661645
85921 0.04192720785439526
86152 0.054626166707796284
86207 0.0018967089060379296
86335 0.0094587885285928
86354 0.0004049513232349119
86374 0.0005059968757612734
86375 0.00032710013208526176
86379 0.0006595430790755111
86380 0.0009874307400321105
86384 0.0006821404459180325
86391 0.0007920696632029836
86398 0.0007703519536764221
86399 0.0008565639801348583
86413 0.0006130744357401534
86419 0.0014427761523807439
86422 0.0004605343991267977
86423 0.002747397004940016
86517 0.013892498062715551
86522 0.003905720079244734
86524 0.0013320957231335389
86571 0.023300708776073552
86621 0.0004502144977488904
86631 0.040456175677138696
86777 0.07513289768611471
86847 0.10981464117582111
87021 0.00422191741584819
87028 0.0026240285007980194
87079 0.03795373182082083
87144 0.11987195462197411
87293 0.018976865910410416
87548 0.0217024334157272
87585 0.01822530686445357
87708 0.008366901530661282
88449 0.0669365815749022
88477 0.05518618782856345
88479 0.09739596313035398
88480 0.09418310738201786
88482 0.16432429583714442
88483 0.1298612841738053
88484 0.0731419415986369
88485 0.13148257095070073
88486 0.08657418944920355
88607 0.024875080990673117
88662 0.10442040166267198
88736 0.02454341324413081
88805 0.07986519358241535
88840 0.005401509220400914
88995 0.005519508225816523
89114 0.0033993647152535745
89334 0.05026888419631174
89347 0.0523810221877534
89348 0.009979754355447817
89371 0.038241359756703404
89404 0.020238122208904724
89408 0.009303494985586053
89409 0.005148967813454016
89411 0.009619354383244837
89453 0.005470300128706717
89554 0.037777828123288816
89576 0.00971375194358739
89599 0.00680501291426917
89600 0.007059277055880697
89616 0.004251938363125958
89764 0.01787141741077486
89792 0.007985926218263821
89973 0.004375085305809606
90002 0.003492796698010345
90169 0.017044036975090836
90212 0.026826619083329454
90258 0.009045483996608405
90275 0.005498979570105967
90302 0.001817133260917878
90335 0.009415923928010052
90340 0.016756294732103914
90385 0.00427089557612485
90495 0.00828008604530225
90756 0.005959217629390684
90884 0.011936374040850121
90941 0.015595254793775687
90976 0.03495838039085817
91022 0.008807444944066078
91172 0.006550733072276905
91180 0.021129971662178493
91403 0.018302440195970184
91500 0.01082797643123418
91522 0.003935190429509252
91531 0.007333689216373747
91533 0.011914278273849907
91686 0.005313663202200058
91738 0.0024252384628587753
91739 0.002140413945709082
91781 0.0020509816081446357
91803 0.017928921008297325
91825 0.013840270626389551
91836 0.0195026488609524
91869 0.04047624441780945
91921 0.0021441537487592436
92016 0.0038269355370266333
92053 0.00870333802983362
92059 0.0525930283802803
92112 0.004236492504740646
92187 0.004660141755214711
92217 0.006402629541947168
92369 0.0018153412162818644
92513 0.004793635399244298
92603 0.020238122208904724
92619 0.11543225259893805
92638 0.008957450089098835
92665 0.01210357600066535
92697 0.022044981955806116
92840 0.010796222834661645
92858 0.049210613350311364
92899 0.09439774324665695
92932 0.006035265551835444
92965 0.049750161981346235
93056 0.016024014499595514
93057 0.00702578623400691
93176 0.0024015081452182785
93179 0.06817614790036335
93194 0.029127764674498388
93302 0.04331190572493672
93304 0.06035265551835445
93351 0.047198871623328476
93512 0.21962928235164222
93537 0.0031488069154357308
93563 0.042316229731260015
93643 0.0015937281327357668
93661 0.00652023184136261
93665 0.012459553960244372
93682 0.025442210776908798
93698 0.01769957685874818
93707 0.04965167125469524
93751 0.012607917762395962
93785 0.02789024232287592
93826 0.033302009896546914
93827 0.009685033422634859
93832 0.0040860288419751626
93866 0.09439774324665695
93905 0.0006431712066072014
93928 0.005437979300767535
93982 0.0017139255058750563
93992 0.010053776839262346
93994 0.0006778318443173831
94014 0.038531453044147755
94058 0.004968302276139839
94068 0.006402629541947168
94111 0.056156230994077974
94114 0.032599435848096554
94115 0.037777828123288816
94127 0.0135849150797772
94133 0.0287250766836067
94184 0.00827801014653739
94191 0.02244824382085135
94349 0.00790024031463438
94441 0.030258940001663376
94509 0.007749314238715029
94521 0.0057794536681626705
94545 0.01792590787934776
94584 0.006666148659187993
94667 0.005300460578522665
94739 0.010252590131233535
95059 0.02948880265648429
95064 0.0064215755033194
95084 0.004368144106757291
95215 0.0032753665361384527
95219 0.005957139136924953
95267 0.011224121910425674
95270 0.007176436621090879
95374 0.016765594072644444
95384 0.00893570870538743
95417 0.03316677465423082
95477 0.0036741636593010185
95616 0.004818732966779609
95665 0.00454507652669089
95775 0.026638212138216474
95776 0.008744684053728316
95779 0.005681345658363613
95785 0.00347640414222816
95801 0.01256488732634683
95836 0.02272538263345445
95895 0.008148159006983863
95899 0.0038469299755690923
95910 0.011150879499718524
95916 0.016666688877921536
95940 0.011651105869799356
96073 0.025744839067270077
96446 0.0016772264175943605
96452 0.0031705705189942297
96607 0.010548744947334158
96716 0.019478899400103816
96769 0.013432983630069862
96785 0.009688189438472687
96789 0.007162474682139341
96866 0.047811843982073006
96880 0.0143874605139644
96891 0.015799726576684832
96894 0.015452132591997767
96904 0.00891407260682717
96915 0.008682811289197219
96938 0.00913526547548293
96949 0.051852281501684805
96968 0.010341325805111296
96974 0.009203779966549053
97006 0.010399751374631698
97008 0.007290122745781428
97016 0.038716407703991644
97032 0.007985926218263821
97100 0.010004108659292448
97107 0.009488432955205208
97265 0.01446250960636347
97269 0.007985926218263821
97280 0.007701907921798369
97287 0.0085417911522497
97371 0.01619049776712378
97375 0.009001251801025968
97448 0.007232832979606328
97481 0.008786424789068308
97523 0.0085417911522497
97550 0.0025548313578206945
97559 0.009273329941107357
97566 0.008236044712795572
97585 0.009466779411708717
97608 0.00938756271135942
97614 0.008236044712795572
97624 0.0047198871623328476
97646 0.02667762309144653
97728 0.0071904530988664474
98006 0.005743388434663996
98100 0.011650354388036776
98103 0.002358431765931852
98104 0.006504438138903924
98165 0.007734268879452985
98185 0.002507377972784656
98199 0.0012691977155726724
98216 0.06813246065933208
98346 0.0015913560480833942
98362 0.001390299088602576
98439 0.028638979575129307
98720 0.008561655782836328
98734 0.0068176147900363354
98774 0.006282980348571499
98813 0.009343939052334063
98848 0.04021510735704938
98955 0.010956880912558396
99030 0.012522149614352452
99054 0.011022490977903058
99063 0.01070206972854541
99134 0.029693221247028428
99189 0.019238708766489674
99285 0.017123311565672657
99340 0.01085991736465965
99345 0.01397610233260685
99433 0.003692589755887283
99449 0.0360932547707806
99458 0.07267308299864565
99589 0.03201314770973584
99602 0.018407559933098106
99635 0.028591300455255424
99699 0.10388902733904425
99777 0.010784328097478642
99784 0.01769957685874818
99884 0.027526404886425205
99956 0.016146982397454476
100034 0.01042921242668448
100052 0.004356818919076475
100159 0.0022506634425354783
100312 0.030406544587037343
100405 0.014324949364278682
100628 0.005382327465818159
100630 0.006742695946189782
100646 0.010564985831089247
100769 0.00929674744095864
100874 0.011005792444442854
100930 0.00617703353459668
100962 0.02876181239546579
100987 0.027827418037243996
101006 0.018718743664692655
101035 0.047811843982073006
101163 0.0016926491892504004
101176 0.01574865074256692
101245 0.010458840871078469
101254 0.0047811843982073
101502 0.027680541252779103
101526 0.04947096539954488
101662 0.0027149793411649125
101713 0.007066241816928255
101714 0.029689612795319523
101749 0.019075191640516173
101833 0.004382752365023359
101914 0.007934293074611251
102006 0.03351258946420783
102032 0.06092923328792995
102096 0.060587388234935785
102145 0.016846869298223394
102264 0.001531043639166083
102339 0.00398963274026598
102366 0.01658338732711541
102383 0.008522018487545418
102409 0.06035989293749128
102527 0.012694868919378004
102538 0.012031084923593534
102563 0.04986673312274124
102579 0.005544445762981357
102599 0.0022366415471565134
102688 0.025215835524791924
102708 0.06946249031357775
102871 0.0041930660439859005
102901 0.09230018419744568
102930 0.018009478545451943
102949 0.03042571889768282
103012 0.028538852609454428
103052 0.005092599379364914
103105 0.005501046521017964
103124 0.020452844370109007
103202 0.07169161905198375
103249 0.004784951685220963
103253 0.02244824382085135
103254 0.041443128829523855
103262 0.06296304687214803
103399 0.015599627061947547
103502 0.01196495453983925
103509 0.005620711000681822
103548 0.009637465933559217
103567 0.018093832074938837
103914 0.054139882156170896
104039 0.059379225590639045
104124 0.005439216091049437
104157 0.008561655782836328
104286 0.004556326716113393
104372 0.05335524618289306
104397 0.010733271098016387
104425 0.011724560466941468
104499 0.02375169023625562
104550 0.007849705728400045
104551 0.007833004226850258
104698 0.017963520577356354
104914 0.028780475475499577
104944 0.00026878236012408714
104961 0.0052971395490929805
105057 0.02493336656137062
105078 0.013840270626389551
105222 0.015505824975976754
105302 0.0034593723273193457
105324 0.0063365094434072655
105366 0.014214331994670351
105409 0.01650868866666428
105442 0.005937922559063905
105556 0.03458147062923167
105579 0.038349083193954386
105763 0.02325873746396513
105808 0.015632710827274868
105824 0.009359371832346327
105834 0.011327729189598835
105837 0.0031385438931113563
105873 0.01658338732711541
105880 0.04136530322044518
105934 0.002871694217331998
105994 0.019912541999997122
106011 0.031925893785119355
106031 0.0003736058439841304
106053 0.0010976481772867086
106055 0.08940078387271218
106088 0.002716619654008046
106132 0.07083342773116653
106145 0.003201850930791083
106147 0.0025888906674362507
106149 0.0017233457673051298
106150 0.0026537299121409544
106151 0.0031761284504937416
106154 0.002247996748737382
106172 0.010989588019760063
106250 0.061273466244358935
106251 0.03792099134703333
106296 0.05752362479093158
106358 0.01769957685874818
106389 0.0023761258849779427
106394 0.01787141741077486
106422 0.011292981554047917
106453 0.007930460102217119
106547 0.014329521012281965
106570 0.0434048668314544
106649 0.01606531350603777
106742 0.01619049776712378
106759 0.008020723282395689
106799 0.05091160953747996
106810 0.0130132393326569
106815 0.01176102196291067
106818 0.017365622578394437
106857 0.013376269614469216
106906 0.06433531270189492
106931 0.0006269604881845404
106965 0.06912805455968732
107042 0.04136530322044518
107063 0.007115686804044127
107073 0.0024113814906363555
107128 0.003331685055764363
107143 0.025215835524791924
107246 0.004136530322044518
107279 0.07401786286726278
107412 0.09089489759998687
107446 0.004169322748153592
107479 0.014494141679604807
107509 0.007091401183552508
107689 0.020008217318584896
107698 0.010756666209104378
107699 0.026872350267296504
107712 0.03425965316573972
107780 0.02011755183945148
107808 0.021401845695287768
107816 0.0012283990612678081
107934 0.009343939052334063
107981 0.036151345084171775
107995 0.006436209766817519
108096 0.026550055999996162
108157 0.00913526547548293
108252 0.02217778305192543
108404 0.016965493025896873
108436 0.03554665207408877
108439 0.017404005133551424
108440 0.04475521142729332
108442 0.02621912232071917
108444 0.02996798865549353
108452 0.02944849424862529
108466 0.02103721135211212
108510 0.00252677555704847
108512 0.01841754988273729
108665 0.04626387003592146
108762 0.006830263426010429
108773 0.0045506946682566385
108784 0.03795373182082083
108790 0.011849794932513626
108791 0.006187415103562389
108813 0.009662761119736539
108817 0.008581613022423358
108847 0.01072864309869648
108872 0.023700918784572835
108873 0.006920135313194776
108961 0.004484180251668235
109152 0.02629651419014015
109239 0.04358980168071787
109246 0.01405157246801382
109334 0.001717866893638187
109434 0.013485391892379564
109578 0.06864179446361729
109690 0.06347434459689001
109832 0.010198094145760722
109856 0.03539915371749636
109872 0.014496143349634082
109914 0.007833004226850258
109931 0.020917681742156937
109948 0.013347626638849367
109950 0.016658425278821817
110028 0.019174541596977193
110031 0.00612564390452516
110073 0.006550733072276905
110122 0.005454091832029068
110138 0.02375169023625562
110188 0.002614710217769617
110199 0.01688766966339276
110216 0.054380401850380504
110449 0.04140809031450786
110472 0.002830060914285305
110476 0.021280416107627865
110688 0.020917681742156937
110783 0.01256488732634683
110839 0.017758808092144314
110877 0.014632257371696373
110884 0.012872419533635038
110895 0.006271741033423545
110929 0.016149211937620752
110962 0.09095483141346827
111055 0.0224220922314484
111157 0.007093472035875956
111159 0.06574128547535037
111178 0.03343926308346064
111179 0.00929674744095864
111205 0.005462183956408934
111251 0.00366413402842136
111345 0.014395708176310982
111414 0.034731245156788874
111451 0.01235406706919336
111460 0.014070748623798318
111464 0.014296655138400585
111556 0.06171625386477876
111676 0.00786647860388808
111686 0.006695031452338721
111698 0.09858261693729321
111708 0.011952960995518251
111742 0.030258940001663376
111816 0.0019655696671754515
111873 0.05765721116417077
111908 0.04378180777442668
111916 0.023791380306651354
111927 0.04218860432035177
111941 0.002269736119987436
111946 0.009099768818018475
112053 0.009512950869818142
112065 0.006166686744756484
112247 0.008144938023494737
112505 0.019683127995011856
112506 0.022949042527943664
112587 0.03201314770973584
112593 0.00831041080501043
112594 0.005050085029656545
112635 0.014360718022302757
112807 0.004563535910217888
112907 0.027554680830353662
112925 0.0037037343929774862
112950 0.0024023837985071156
112996 0.023845883629626183
112999 0.01008633420991677
113101 0.0028310979465001407
113111 0.015088163879588612
113162 0.016509022361522966
113183 0.012271706622065405
113258 0.0014509044687321846
113304 0.01048863813851744
113346 0.04136530322044518
113425 0.007467569952575296
113461 0.0017496855793797427
113482 0.004388747429298338
113588 0.005327803164427816
113645 0.02945209589295697
113647 0.04327331960795416
113716 0.0031561223495405848
113739 0.023483484182367426
113785 0.07505216369504548
113815 0.05859108835351145
113876 0.04366671342257192
113881 0.00521460621334224
113908 0.006946249031357776
113930 0.0036892000587426354
113993 0.027069941078085448
113995 0.02994599339534451
114038 0.004928396233761206
114039 0.03501877326035199
114045 0.002045059593288273
114088 0.10097898039155964
114129 0.0022097911084151384
114145 0.0051345483034124
114176 0.0013926143074938907
114269 0.005199875687315849
114278 0.002482476053013905
114282 0.006842959082936098
114302 0.00348628029035949
114304 0.002128041610762787
114306 0.016232660521725662
114351 0.0013892498062715551
114395 0.04509816323899672
114403 0.0006387753853152216
114423 0.001252638141343317
114488 0.0013387316314980439
114509 0.0011845276662225293
114511 0.0722306537816979
114536 0.0020238122208904724
114537 0.0011153553191856334
114539 0.0012325722838108343
114540 0.0016106825944037868
114545 0.005382327465818159
114546 0.0029612074300915227
114547 0.0021366333783182753
114551 0.0023746063391781543
114553 0.004009391321719604
114567 0.0009268381044829544
114568 0.00030818479688453956
114631 0.004533881756920715
114661 0.008012456526975924
114727 0.009157990016466718
114739 0.003960191639353656
114766 0.0669365815749022
114769 0.05906836752713744
114850 0.0024691562619849907
114851 0.0024444477020951587
114887 0.001552725426663695
114921 0.0029979739304720043
114953 0.08654199196785282
114964 0.034731245156788874
115060 0.01586875540497507
115071 0.04136530322044518
115081 0.05201809214049346
115160 0.006208283282663779
115184 0.0055495618130024255
115281 0.00794463976719602
115285 0.0065741285475350375
115300 0.0031546803655695126
115323 0.0028269123085454214
115324 0.0019694602339155307
115325 0.0008318331498706808
115332 0.060835167685030576
115333 0.0068676144853323405
115338 0.0014233725674279445
115346 0.007275715388576326
115587 0.0031547841143319245
115743 0.003645061372890714
115768 0.0008426850940033331
115772 0.04136530322044518
115856 0.008405278508263975
115860 0.009754838247797581
115957 0.014324949364278682
116001 0.011839960180405602
116016 0.01673414539372555
116097 0.014072980502730207
116113 0.09203779966549053
116177 0.005578048464575183
116208 0.025044299228704905
116212 0.023009449916372632
116291 0.006730369262558722
116313 0.011197197530433165
116653 0.001815335125939587
116678 0.0009358190103252723
116711 0.03315607255501412
116726 0.002819240904723046
116731 0.0050709531496138036
116847 0.013840270626389551
116858 0.07083342773116653
116935 0.005439216091049437
117016 0.0037903714302202343
117104 0.0030325469412023237
117168 0.02272538263345445
117241 0.00721865095415612
117276 0.06539233669654525
117320 0.03582380253070491
117396 0.019478899400103816
117397 0.05373570379605737
117465 0.013685918165872196
117486 0.004118022356397786
117530 0.04541316190721994
117537 0.0009647568099108023
117546 0.001890610142657766
117577 0.0017946727749126325
117608 0.006730369262558722
117765 0.05300589905120911
117793 0.010252206645300419
117854 0.01160771255184852
117999 0.014296655138400585
118006 0.0021900725678879367
118015 0.0037914644558389504
118045 0.00207522597260244
118071 0.013609916245289639
118096 0.008955322420046572
118239 0.003700012046853891
118257 0.001406036707988637
118333 0.015353058227444965
118485 0.0028231532782860185
118507 0.05974934317450835
118525 0.009001251801025968
118558 0.0027777814796535894
118582 0.07236933781237559
118590 0.025822389345836978
118626 0.0012086382096584442
118631 0.0784708040358543
118640 0.017809547543836155
118651 0.0761325625905327
118769 0.013008876277807849
118854 0.027553727260099886
118941 0.011651105869799356
118974 0.004205119045915698
118984 0.0026872350267296502
119013 0.0037451800474258604
119014 0.002786092694421772
119098 0.005989198679068902
119175 0.0035297334483409596
119218 0.002629651419014015
119228 0.017519424707480462
119249 0.049249458599908556
119423 0.008730170364625568
119485 0.03219194289999534
119498 0.002642865747752779
119576 0.005486605047123131
119649 0.0017801996073730146
119664 0.01135399205891194
119672 0.006631214511002824
119673 0.0018595887948516274
119689 0.01521285944884141
119728 0.027827418037243996
119729 0.019900064792538495
119737 0.02286653407838274
120007 0.010609544630027726
120131 0.025442210776908798
120275 0.00731910931733523
120322 0.007307551747177791
120467 0.00800328692743396
120510 0.001261655924132838
120512 0.007348327318602037
120513 0.002533967299442074
120514 0.002488359936264533
120548 0.0699176595219178
120609 0.004433949935169075
120627 0.045746080728408675
120684 0.015868586149222503
120826 0.036666715531427384
120852 0.028205165793405675
121060 0.05752362479093158
121226 0.016317648273148314
121245 0.001911481643772663
121296 0.0019134677685133166
121299 0.04178006483626795
121318 0.0180466273853903
121354 0.003662362890918129
121379 0.0028672211733797672
121385 0.0056725916588900175
121449 0.037566448843057355
121772 0.004326101041856194
121783 0.019793075196879686
121794 0.05525750510603181
121802 0.007985926218263821
121919 0.010892047297691186
121941 0.00022047622389625234
121942 0.00023107657460580096
122031 0.00464837372047932
122048 0.010198094145760722
122158 0.04947096539954488
122197 0.039165021134251285
122206 0.001488040531304751
122233 0.13176789679130663
122268 0.0769177554982378
122320 0.012395663254611519
122321 0.018783224421528678
122545 0.05482788719420918
122626 0.021871374176640895
122639 0.020917681742156937
122661 0.012657018383354179
122740 0.04128040821418977
122774 0.0024061150559887188
122838 0.10595769020331872
122893 0.11770620605378145
122924 0.011362691316727225
122974 0.0454507652669089
123009 0.022261934429795197
123132 0.003907974858876522
123211 0.12732132310240127
123260 0.007544081939794306
123268 0.012694868919378004
123292 0.016658425278821817
123392 0.0019823930980119317
123395 0.06702517892841565
123495 0.019793075196879686
123529 0.00884978842937409
123530 0.035664140736920015
123533 0.009112653432226786
123631 0.051852793932878415
123655 0.021280416107627865
123688 0.04803813960927424
123723 0.07079830743499271
123725 0.06946249031357775
123768 0.051375270725530345
123807 0.06278873825467858
123855 0.032579752093978946
123901 0.011576650138207828
123923 0.11197197530433164
123938 0.07883741118366207
123977 0.008819710383560369
124154 0.0027169830159554397
124282 0.007176436621090879
124324 0.02583968660869192
124463 0.016362275496087205
124507 0.023001260665471052
124577 0.008405278508263975
124590 0.007590746364164167
124737 0.02945209589295697
124751 0.021066872912060674
124785 0.019793075196879686
125035 0.010476201693528704
125156 0.001680310199216808
125259 0.013882481145904367
125318 0.12694868919378002
125589 0.034681144234533653
125596 0.05328321583447506
125735 0.08636887352707492
125758 0.012905469234663881
125837 0.014494141679604807
125881 0.054139882156170896
125899 0.006876336566403827
125915 0.03603087653377257
125953 0.023449120933882937
125963 0.034438351604103065
125969 0.0014468288943818132
125980 0.16795796295649745
125985 0.09444457030822204
125986 0.0415556109356177
125987 0.02810314493602764
125995 0.0013120142503990097
126027 0.06030319653079107
126031 0.02870971011132578
126197 0.2077780546780885
126385 0.012230936832623326
126429 0.048440947192363436
126846 0.01405157246801382
126872 0.01298612841738053
126913 0.06379649132500902
127116 0.07804107369695841
127123 0.0018216288899651765
127135 0.005707770521890886
127158 0.0010727016278029198
127188 0.0018490768390856964
127209 0.002082303159852727
127266 0.029353168591965448
127283 0.01305500704475043
127289 0.01236774134988622
127327 0.00023033923460048935
127362 0.06347434459689001
127400 0.05648647669401839
127401 0.014105409910420003
127497 0.07363023973239242
127542 0.004141047546869619
127680 0.007497987752789452
127803 0.011122392708820608
127833 0.04798798941614213
127867 0.0022461940125806106
127874 0.0011062235536717611
127952 0.01394512116143796
127966 0.01338731631498044
128032 0.01117086315473594
128041 0.022312193858300734
128064 0.0032516127492658604
128113 0.031737172298445006
128124 0.23118871826488657
128130 0.020526101154359086
128173 0.019687229874971235
128382 0.0018679130766023374
128411 0.024220473596181718
128511 0.002594441146314039
128544 0.05930047501830755
128648 0.00844383483169638
128756 0.0645879295898179
128757 0.09203779966549053
128900 0.06342341242837153
128991 0.012522149614352452
129075 0.027827418037243996
129126 0.03958615039375937
129180 0.019298271332330204
129255 0.008662381144987344
129330 0.009879880173911615
129333 0.021529309863272637
129522 0.002099706332233673
129655 0.01859349488191728
129656 0.05365323816665891
129688 0.11875845118127809
129830 0.0030989158136528797
129849 0.0018848254224556296
130016 0.008911264470586948
130026 0.0468672303785162
130284 0.019687229874971235
130287 0.03351258946420783
130357 0.006031277358312946
130364 0.00030322971638412164
130371 0.01508997323437282
130400 0.04553012428830812
130546 0.03078102938402242
130573 0.009976997253711711
130575 0.0020764701369426633
130576 0.08983798018603352
130583 0.02876181239546579
130717 0.01235406706919336
130902 0.01673414539372555
131161 0.03645061372890714
131207 0.0334682907874511
131214 0.014159661486998543
131255 0.011724560466941468
131267 0.04465934275143863
131275 0.011540789926707276
131279 0.01324284887273245
131323 0.01673414539372555
131344 0.0761325625905327
131484 0.023599435811664238
131536 0.01443730190831224
