13 0.0007871396952886984
17 0.00508665862568843
60 0.0010352921843456652
103 0.020627806587590766
118 0.005806129435545351
202 0.0007629987938532645
216 0.020321453024408725
254 0.0034379677645984615
300 0.026425349417804934
314 0.0018386922223328358
362 0.03042105493759527
363 0.0031311468428150747
364 0.0067738176748029085
380 0.016051400924753163
385 0.002434717384893572
417 0.0008519994833811878
433 0.00844636524882832
436 0.01240161181550019
440 0.007595908852915978
446 0.004593692399483226
456 0.015490315135587029
460 0.003356446043279283
502 0.004975676982946137
526 0.0007318476575023289
534 0.0015305494075058025
542 0.002703063668090495
621 0.004840723479870947
661 0.0015507871216209152
667 0.002794372709959539
671 0.002458527272875175
676 0.004881014876255128
734 0.0012367982859085758
748 0.002882678027338878
760 0.004555975039878538
777 0.026655412408640018
778 0.000914239089294112
784 0.00894321026346528
810 0.005394041679463478
813 0.010809108243263017
828 0.00882781400200121
865 0.001243542414701776
872 0.01983059667116214
882 0.04455292692575718
884 0.0029789067568436593
900 0.0007382973940522595
903 0.009858520000593077
1036 0.0032447509805873576
1068 0.0019587685107331533
1104 0.0011738442982357916
1177 0.012669547873242476
1333 0.003985372340709284
1390 0.0010914473573333057
1406 0.009224569687484412
1571 0.002790573426873258
1684 0.004783383758030365
1687 0.00295957715279781
1765 0.00505473207303136
1819 0.0009506562091085138
1832 0.02280518617183646
1853 0.0031216224417722907
1906 0.001591676429209214
1928 0.0026426831180297035
1951 0.011393863279373967
1966 0.0040885791941539466
1988 0.00572515134020999
2077 0.008982349039235367
2079 0.0036913202964125777
2230 0.0013118994921478308
2273 0.0019603311895561425
2319 0.004442568734773336
2342 0.003350966131371888
2407 0.004247146685755322
2422 0.011005183675417059
2467 0.0023237233702501237
2549 0.0037528383371588122
2553 0.021604913215424015
2692 0.002932095364950402
2744 0.0071639328288491495
2763 0.009371994317193065
2773 0.0009132221381380562
2792 0.001408210466871548
2820 0.0013019135778403307
2846 0.009590966147034025
2848 0.0021469317525787458
3019 0.0010252081695630777
3062 0.0007192804469827516
3066 0.0010640319351528046
3071 0.031097981143413354
3108 0.002234585471382996
3111 0.023591571901899786
3119 0.0013587995732971079
3144 0.0035882285934707714
3165 0.0014332868404087161
3192 0.0015220368968967603
3235 0.0013485326908444688
3267 0.0010571551663483294
3445 0.0008462035685282544
3469 0.0030406914895781943
3503 0.0009633732717508948
3547 0.004751080452465929
3616 0.005111996900287127
3741 0.005024398422191631
3827 0.0023470174447859132
4043 0.0025528193475936336
4071 0.0027311600205792166
4114 0.001682349799561706
4119 0.0027005216019449557
4168 0.003189536527529575
4214 0.0015649765577318195
4231 0.024434128041253347
4233 0.01728919552342816
4240 0.004469618392551846
4256 0.0044212828246934606
4300 0.002659876234373563
4301 0.0010681586028963212
4303 0.02255457973038771
4305 0.0109464893624815
4312 0.008534165303389943
4388 0.016315156339009672
4414 0.010981591580611745
4417 0.029504758102125533
4438 0.006657333908446475
4443 0.001301088276047722
4474 0.0036237000002179976
4526 0.007339236114485871
4579 0.001409661233149232
4590 0.0011277289865193854
4605 0.007366966390263708
4606 0.005269491028152198
4662 0.005259257576437367
4670 0.011174045981379615
4694 0.0011022914905828578
4708 0.008516459566245981
4724 0.20524667554652815
4738 0.040347893514675555
4763 0.004481368461714588
4784 0.00591488978520254
4832 0.001208740278333586
4849 0.005822600724724203
4883 0.004330098640222112
4905 0.0036749628566970123
4935 0.00516343837852901
5008 0.0008257762041703003
5166 0.0033373443178297255
5242 0.02890826815504835
5291 0.0036166815074278086
5292 0.016667282015391176
5305 0.004307380389224095
5306 0.0030139012561898404
5318 0.003114517079613477
5396 0.0005784855567827738
5408 0.0032792782299978715
5414 0.001249599242292409
5437 0.004618110697952239
5533 0.004308900558225741
5585 0.002636437707726758
5680 0.007559730222708219
5769 0.005966473126352562
5794 0.011880780513535248
6078 0.016910600001017323
6149 0.00814470934708445
6152 0.009704334541207003
6153 0.009224569687484412
6199 0.01196823366641724
6212 0.0016454205966898957
6313 0.02472851512608773
6553 0.003348232880041242
6570 0.03658029789693747
6643 0.005577355313764351
6701 0.008752523477463886
6808 0.004910207548960003
6910 0.010745899243273726
6982 0.004745587873908165
7010 0.0015935300896469575
7136 0.006459346282916468
7183 0.005365926158079167
7252 0.033104302507504534
7270 0.0045509240697678074
7276 0.006952916795968046
7340 0.02648344200600363
7342 0.001447948328370569
7387 0.017770274939093344
7475 0.008091101979532153
7533 0.0031479551464191433
7598 0.007745157567793514
7664 0.0015849164134867037
7742 0.0018591184379214505
7875 0.004205874498904265
7885 0.004404435097564981
7890 0.0032908411933797914
7903 0.003452425156375578
8110 0.0035850947693716706
8143 0.022069535005003027
8219 0.005455460439888635
8267 0.006943313287130989
8342 0.03600818869237336
8344 0.04760449726313781
8353 0.0009713519902817232
8375 0.04024444618559375
8395 0.0026707439888943156
8606 0.001429792236478775
8656 0.04243676803056359
8742 0.00695025660041812
8755 0.011094414894406927
8860 0.007101961091575368
8876 0.005517383751250757
8908 0.0018951678259143871
8936 0.020024065906978354
9038 0.008962736923429176
9071 0.003398123767326625
9164 0.004712897257095939
9295 0.003505494031537628
9339 0.0007681539125130549
9357 0.008209867021861125
9521 0.007587677469372574
9523 0.005923424979697781
9531 0.010036512251663967
9542 0.0019463885779661275
9722 0.015849164134867037
9788 0.0012013267518087686
9863 0.03086416173632002
10010 0.0011175969264717023
10026 0.004964469000298657
10059 0.010471769160537148
10188 0.006521320143985169
10261 0.009987672775986771
10301 0.014608304309361433
10354 0.03478757212653019
10417 0.013458798396493648
10429 0.03665119206188002
10483 0.008138473770981404
10505 0.0006334773936621239
10573 0.007473394193997979
10596 0.01603489652707251
10601 0.008817465619451799
10609 0.003331926551080002
10627 0.0328394680874445
10655 0.023456762919603216
10704 0.004357678886338177
10774 0.003105093427330229
10824 0.010975758050616477
10834 0.0016347803707409648
10879 0.007789247648824597
10893 0.001660754265332884
10916 0.0014948774621014432
11125 0.0011371006955486324
11160 0.009727330594622188
11179 0.008676974532357204
11230 0.004875217946473352
11280 0.01798468457245179
11334 0.0017640245178726192
11342 0.002581719189264505
11356 0.0036683945584723527
11396 0.008917968503722421
11618 0.02428954740195599
11763 0.0016844208087527955
11764 0.007101961091575368
11778 0.004258229783122991
11795 0.0023231089478950554
11901 0.002508212414441761
11914 0.010313903293795383
11916 0.01140259308591823
12257 0.000580038647863581
12324 0.025183641171353147
12399 0.02042255478074907
12505 0.0034699353431365703
12688 0.011068451627012066
12689 0.048868256082506695
12762 0.003505494031537628
12845 0.003954656561590137
12857 0.011034767502501514
12859 0.025450226229937808
12878 0.01150704735168563
12950 0.014660476824752008
13013 0.020943538321074297
13050 0.015788205811271397
13097 0.002389643248322998
13110 0.009183296445034815
13316 0.0016892730497656636
13414 0.011603099499863306
13483 0.007226995617835498
13623 0.04707466617598038
13669 0.0012130418176508754
13717 0.005991600517601827
13726 0.019454661189244375
13746 0.0014135445974278798
13797 0.010888417800876824
13809 0.002357802131493718
13912 0.006544497740506704
13977 0.0014014795189247397
14243 0.0050491187096316885
14389 0.0018118500001089988
14413 0.0005441322257331076
14416 0.03133537031244704
14506 0.007687141406237009
14530 0.06318415091289199
14541 0.013728874618496865
14544 0.0025972558297526604
14731 0.003192016727006658
14763 0.015608112208861455
14770 0.03478757212653019
14791 0.009789093803405802
14792 0.0029745895006743207
14885 0.01170470639973425
14887 0.0015397350003490482
14908 0.006072386850488998
14916 0.0037973482987331757
14919 0.00450102358654667
14964 0.012253532868449442
15074 0.005992603665592062
15086 0.0162894186941689
15175 0.013241721003001816
15204 0.08475922683436732
15285 0.0025168200557514177
15443 0.0328394680874445
15470 0.0049278913696645405
15524 0.002802002396539633
15547 0.009266215600294723
15549 0.07894102905635698
15555 0.03508490180282533
15596 0.050678191492969905
15619 0.027184990138613
15631 0.0012511226793448834
15643 0.004601943397904218
15667 0.03665119206188002
15681 0.01662740813497158
15687 0.05186758657028447
15703 0.01992686170354642
15717 0.04024444618559375
15763 0.006670111900593205
15771 0.009371994317193065
15928 0.01648567675072515
15961 0.007077471570569935
16026 0.0012904537915531475
16139 0.011154710627528703
16154 0.005814353414915811
16180 0.022069535005003027
16237 0.0325788373883378
16259 0.009635994157113997
16299 0.056508249023586934
16301 0.04945703025217546
16351 0.020621374844034635
16466 0.009613427426066891
16518 0.014203922183150737
16531 0.02083722594380996
16601 0.01068993101804834
16606 0.0010322674291427477
16615 0.013637652860234427
16640 0.006370537672243923
16684 0.028115982951579195
16823 0.0222027420366093
16855 0.02171922492555853
16862 0.015374282812474018
16890 0.01287084555632985
16915 0.012908595946322526
16927 0.01401261411374621
16976 0.04561037234367292
17004 0.0012813719931882208
17078 0.007730571583673376
17150 0.00045957607601103477
17167 0.012800392139976831
17173 0.007477110220274249
17205 0.005012128828975046
17226 0.001871834706306686
17277 0.0054083445466805834
17468 0.016161155554844736
17627 0.008173305417651242
17628 0.003339017019459073
17694 0.015796037728222998
17702 0.006837034849368579
17721 0.0009228717425653244
17767 0.005864190729900804
17774 0.015548990571706677
17793 0.0037148719555932697
17805 0.004530831689768833
17831 0.006600433618630694
17882 0.017247619793825893
17887 0.014010011982698167
17972 0.013284574469030948
18009 0.0016565510536442948
18027 0.0076441964821798184
18049 0.0059491790013486414
18202 0.004520851884284761
18252 0.026146073318029064
18333 0.02581719189264505
18373 0.0027773569086133715
18375 0.004909060096903497
18388 0.023727939369540825
18440 0.005830871464390004
18499 0.001538009057922072
18576 0.001362407404889002
18604 0.0022631900359551026
18740 0.004032351189519216
18761 0.004307380389224095
18769 0.00734335154012623
18797 0.006718385451604849
18871 0.044080531405116995
18932 0.022069535005003027
18959 0.001987861264373154
18967 0.02754988933510445
18990 0.01140259308591823
19011 0.003108343739006315
19016 0.003381329086433742
19034 0.022188829788813855
19074 0.004887662869492349
19145 0.0020361773367711124
19149 0.007939910079169367
19162 0.02830988628227974
19164 0.02458044018521295
19166 0.030483581580781228
19207 0.004322460567087009
19223 0.007671364901123753
19260 0.011088580881411418
19281 0.0022485462958324555
19284 0.11259286999891584
19302 0.023865892505410248
19349 0.0007282124376318188
19365 0.011795785950949893
19366 0.0036749628566970123
19367 0.004823658649742142
19406 0.004576291539498955
19415 0.02022134734448553
19429 0.005202091733215223
19526 0.006072386850488998
19533 0.010043723411008844
19540 0.0075458336597988285
19609 0.03698138298135642
19623 0.007863857300633261
19625 0.003523548078051985
19673 0.008258727163796015
19704 0.041887076642148593
19815 0.014601379412643108
19825 0.004008724131768128
19998 0.014253241357397787
20139 0.0011877701131164822
20148 0.0030205544598458887
20177 0.042639611045509944
20191 0.00783384257811176
20195 0.011094414894406927
20278 0.002983236563176281
20351 0.00767277291762722
20384 0.048603193009916924
20418 0.005305539389632153
20505 0.014302904219270253
20507 0.004601943397904218
20556 0.0028585887959126483
20606 0.004945703025217546
20702 0.031576411622542794
20708 0.015910595003606833
20781 0.007620895395195307
20790 0.008276075626876133
21200 0.05262735270423798
21202 0.008786670796988773
21278 0.005554713817226743
21320 0.013821324952628156
21354 0.007436473751685802
21358 0.015076478525852754
21361 0.004608923475078329
21399 0.0360116922301457
21433 0.0006966961152292197
21713 0.008309582005932313
21834 0.034207779257754686
21864 0.03478757212653019
22109 0.009594103516068245
22116 0.0020795002588300726
22122 0.007181510036587739
22165 0.014981509163980155
22262 0.023323485857560017
22319 0.007291178527407749
22339 0.002300971698952109
22371 0.0008141333724280333
22585 0.0013957611393847545
22600 0.0008099710952901663
22662 0.00783384257811176
22785 0.0031335370312447043
22872 0.015410768515339512
22879 0.018136134547798756
23097 0.012908595946322526
23183 0.005444208900438412
23262 0.0058558252652361805
23359 0.015113445456498962
23523 0.0018171463085128654
23533 0.01140259308591823
23558 0.003789670992594395
23590 0.0012591820585676574
23651 0.0028554875104429417
23657 0.02347319866540711
23692 0.004586517889307891
23773 0.0027181292923027455
23774 0.010020176923707606
23788 0.001765562800400242
23791 0.006435422778164925
23881 0.03202477290038813
23902 0.03232231110968947
24069 0.012990295920666337
24171 0.003554054987818669
24193 0.012650020426144505
24281 0.012257948148885573
24355 0.0013655800102896083
24450 0.0045916482225174075
24517 0.007909313123180274
24684 0.004467220277446475
24731 0.007189025413188376
24744 0.051104827944250884
24771 0.0011912169213379462
24792 0.004566110690690281
24811 0.014057991475789598
24819 0.0018641841557359502
24865 0.013637652860234427
24900 0.0030887385334315747
24921 0.0005880151140138322
24940 0.01603489652707251
24979 0.0017604500001059068
25006 0.01992686170354642
25062 0.010262333777326407
25244 0.008429021583019636
25257 0.0076584580427809
25424 0.0016116739344054034
25454 0.023456762919603216
25482 0.017103889628877343
25506 0.0022641663049810055
25507 0.0011605692708313718
25544 0.0018847261299038396
25566 0.0023741662874092323
25615 0.011371006955486323
25719 0.0011488758776743808
25776 0.0013169501157942133
26099 0.005296688401200726
26102 0.04696119324606838
26103 0.06620860501500907
26150 0.0018995527584130323
26172 0.01863339571157673
26274 0.02773603723601732
26356 0.020024065906978354
26459 0.11210091290996968
26502 0.0021892978724963002
26535 0.014872947503371604
26563 0.01274824071717566
26934 0.005372949621636863
27167 0.007863857300633261
27172 0.07473394193997979
27420 0.0043716011830996415
27452 0.0325788373883378
27535 0.0029906439760835285
27589 0.007789247648824597
27848 0.0093082392538108
27977 0.0021975018795131495
28252 0.01792547384685835
28265 0.008360353382750636
28328 0.0010517380248348867
28589 0.02255457973038771
28600 0.001576395357500216
28658 0.02272998393193775
28712 0.027471369962126957
28739 0.0019128301542080907
28756 0.0004549915219386569
28770 0.011215665330411373
28874 0.011466294723269729
29028 0.0027059548522943722
29046 0.0006958693864944164
29070 0.025655834443316018
29243 0.04275972407219336
30343 0.003890932237848875
30512 0.09546357002164099
30541 0.006578419088029748
30618 0.0006276656744542144
30661 0.0027494531218557015
30682 0.009658667084542499
31036 0.003594512706594188
31281 0.029745895006743208
31464 0.0010123140594156751
31487 0.0033537038487994795
31497 0.0049338143160223115
31564 0.010888417800876824
31570 0.006343640581888371
31600 0.01083095913174291
31637 0.017247619793825893
31647 0.01849069149067821
31673 0.0037317577372096024
31761 0.006247996211462044
31873 0.005717177591825297
31874 0.030183334639195314
31905 0.0011755250604039414
31922 0.007113677877955746
31933 0.012630564649017116
32065 0.01274824071717566
32110 0.0034728709906349936
32136 0.017032919132491962
32139 0.010205956828807811
32162 0.0026162737482030352
32351 0.0651576747766756
32356 0.017617740390259925
32435 0.020323975279071607
32439 0.007278250905905253
32885 0.0019048415363946928
33038 0.011880780513535248
33064 0.010622273625406176
33079 0.0055025918377085295
33083 0.005487879025308238
33298 0.007939910079169367
33327 0.002370483151575075
33369 0.011246393180631678
33409 0.016430866667655128
33414 0.0031167069957031925
33588 0.003026937424527199
33619 0.003578843514324815
33757 0.005965885493921133
33780 0.0030540328111391
33796 0.009613079668628106
33875 0.008534165303389943
34108 0.013156838176059496
34211 0.0005267462480342054
34242 0.006325013113914581
34251 0.0010123140594156751
34352 0.01648567675072515
34359 0.004750688038563308
34392 0.011641437716492445
34595 0.0023393660721703533
34811 0.0014905350439108798
34995 0.0011658430874554283
35071 0.002464630000148269
35091 0.06729399198246824
35111 0.005372949621636863
35337 0.0014755332533898501
35485 0.005099296286870264
35506 0.028138690689951902
35592 0.04343910375261325
35620 0.007396276596271284
35644 0.0031168819369252567
35688 0.04064290604881745
35804 0.03331391569677896
35911 0.0012615038447850529
35925 0.012217064020626674
36120 0.006145110046303238
36121 0.007330238412376004
36142 0.015972503933581957
36417 0.020127719416365437
36555 0.03192196935847344
36606 0.005372949621636863
36610 0.012630564649017116
36618 0.06891731128163527
36806 0.01668672158914863
37101 0.006031572105101034
37106 0.004249413572391887
37169 0.004525836285480224
37188 0.0034466276330231424
37238 0.00503672823427063
37295 0.0160977784742375
39305 0.028506482714795573
44674 0.0160977784742375
44693 0.008842565649386921
44816 0.00783384257811176
45020 0.000811091387261522
45301 0.033925070338269116
45319 0.010717842065092853
45344 0.010546671624306708
46296 0.009313150173193955
46308 0.02042255478074907
46323 0.013156838176059496
46442 0.006952150241238948
46507 0.0035262590565287265
46542 0.008904411086617273
46743 0.003973798171278377
46769 0.0010745899243273726
46824 0.10802456607712006
47271 0.005757270001305137
47335 0.001602237904344482
47342 0.0006677946170376709
47442 0.006875935529196923
47459 0.0002348628853948142
47478 0.001934464425509219
47509 0.10220965588850177
47514 0.01481956530765638
47573 0.0015036386486925138
47666 0.004561037234367292
47774 0.00651576747766756
47810 0.03909460486600536
47997 0.0002465869832961232
48001 0.019004321809863715
48011 0.009162798015470005
48063 0.005046668957354662
48250 0.004236257493220394
48283 0.009392238649213677
48302 0.0017014092045087197
48305 0.058641907299008034
48578 0.02458044018521295
48728 0.007601728723945486
48774 0.015608112208861455
48920 0.010236741922520106
48933 0.008209867021861125
48959 0.0010618038052070777
48979 0.002651765833934472
49048 0.005822600724724203
49049 0.008876445211261966
49521 0.0009893790096241414
50120 0.01270599396785311
50207 0.0017153921901088855
50208 0.001450506540964863
50260 0.011215665330411373
50281 0.0006319171045151728
50396 0.011154710627528703
50623 0.011740298311517095
50645 0.003982738747204997
50834 0.005569787667477018
50835 0.002621285766877754
50861 0.00223824073660336
50889 0.0038580202170400025
50994 0.01711885862171951
51043 0.014693988584393488
51104 0.005182996857235559
51107 0.0018465737790960696
51158 0.002120920537204187
51305 0.004840723479870947
51414 0.0010876877347457772
51466 0.0038946238244122987
51590 0.018083407537139044
51605 0.007615832116754291
51657 0.0041049335109305625
51711 0.07745157567793515
51834 0.007716040434080005
51928 0.002807752059460029
51987 0.005739270520576482
52070 0.12339556419436333
52167 0.014010011982698167
52485 0.0039281660391680025
52488 0.07330238412376004
52603 0.012990295920666337
52627 0.02022134734448553
52664 0.024146667711356252
52768 0.008692900010297083
52971 0.0011908713405658726
52993 0.018891656316478714
53080 0.0021214126671475772
53144 0.00044296250252838705
53292 0.003935698476443492
53516 0.003426488740342707
53655 0.00996343085177321
53660 0.004423103617793564
53742 0.0021093343248613414
53795 0.0009620186339185758
53841 0.004413907001000605
53845 0.025339095746484953
53961 0.010085831722188115
54005 0.001169496726760844
54195 0.012827917221658009
54308 0.006678035618106877
54364 0.0064139586108290046
54431 0.015849164134867037
54442 0.043669505435431515
54514 0.019199603868558342
54527 0.007382973940522595
54628 0.014010011982698167
54629 0.025655834443316018
54716 0.12827917221658008
54857 0.0011714992896491331
54987 0.021050941081695192
55176 0.0325788373883378
55257 0.041869015665169394
55582 0.003698138298135642
55592 0.03086416173632002
55883 0.001690664543216871
55986 0.005931984842385206
56029 0.019640830195840012
56043 0.007986251966790979
56347 0.0030429455232991566
56381 0.0015657331716111248
56455 0.006606707795074259
56484 0.0015800359934297777
56505 0.0007579271622840774
56535 0.0014771261284384895
56539 0.0010313903293795385
56561 0.0009524207681973464
56562 0.0017415924950914563
56810 0.006459346282916468
56950 0.0661929200039821
57188 0.001296447789669487
57319 0.0006608070687267486
57359 0.0008167396559750423
57398 0.005814353414915811
57476 0.01108493875664772
57672 0.01063454277443151
57677 0.002936290065043321
57695 0.008660197280444225
57743 0.003665119206188002
57764 0.008064702379038433
57811 0.0013583499374356595
57883 0.009900650427946038
58030 0.007143120863739074
58137 0.022069535005003027
58162 0.0007234637840906878
58178 0.0025914984286177795
58182 0.0006681011823914371
58183 0.0013349377271318903
58186 0.004964469000298657
58218 0.0028705828747766175
58236 0.08910585385151436
58459 0.033104302507504534
58502 0.0033131021072885895
58664 0.009041703768569522
58703 0.014872947503371604
59023 0.006908311074742909
59169 0.01668672158914863
59237 0.02773603723601732
59282 0.015241790790390614
59811 0.0012334535790055779
60025 0.001694153326838862
60029 0.0022971088477507346
60248 0.001907496984633161
60251 0.0021730722662416956
60413 0.0010102117151770524
60575 0.008660197280444225
60688 0.003966119334232428
60691 0.005577355313764351
60762 0.0025162248370785597
61456 0.03173633150875854
61569 0.04461884251011481
61590 0.018163422614737003
61628 0.0023314381353733175
61642 0.00108057472021426
61689 0.0160977784742375
61700 0.02118980670859183
61788 0.007409627276047948
61794 0.08551944814438672
61799 0.008842565649386921
61801 0.004981715425886605
61814 0.004908373305380028
61849 0.006154323104843422
61877 0.015036386486925138
61880 0.017247619793825893
61937 0.011694967267608441
61975 0.0025991984294757367
62003 0.022431330660822747
62014 0.010266257903128686
62055 0.001988824375450854
62086 0.011728381459801608
62134 0.013728874618496865
62143 0.007417563074085506
62148 0.003752224415841465
62212 0.0032597602961416563
62278 0.006063417298272619
62312 0.0030864161736320023
62328 0.05006016476744589
62336 0.03086416173632002
62372 0.0012198910879437036
62379 0.001730579051825701
62474 0.018658788686048013
62487 0.00996343085177321
62541 0.002838819855415327
62611 0.004675694362723474
62687 0.0033953130776927733
62717 0.0010920280688828314
62761 0.034495239587651785
62799 0.0022431330660822747
62804 0.005275078098664893
62960 0.00383638645881361
63082 0.011308356779423039
63143 0.0015197828622475242
63149 0.0031335370312447043
63178 0.08373803133033879
63216 0.010135638298593982
63275 0.03698138298135642
63350 0.005864190729900804
63370 0.0006779411248440236
63386 0.01983059667116214
63390 0.016161155554844736
63591 0.004343844985111707
63597 0.015203457447890973
63615 0.0057092260235473745
63721 0.0027886776568821756
63820 0.0012009831967085358
63901 0.025030082383722944
63942 0.006899047917530358
63991 0.002793755972621152
64047 0.005235884580268574
64083 0.0010511993625942542
64103 0.023865892505410248
64285 0.0075056766743176245
64352 0.010552528305734093
64477 0.004409165962331431
64490 0.005592552467207851
64547 0.004817997078556999
64663 0.004231890217454189
64665 0.011761987137336855
64797 0.003718236875842901
64878 0.0029958002588009137
64949 0.038725787838967574
64951 0.005765356054677756
65057 0.0023686863883038444
65069 0.004072354673542225
65146 0.05472642992455213
65242 0.0027329783694610937
65284 0.0042406337922836395
65285 0.009843965254030126
65395 0.0024521705561114473
65471 0.009393440528445223
65491 0.009162798015470005
65496 0.004869434769787144
65549 0.01255331348908429
65608 0.0025137376062036513
65715 0.006887472333776112
65758 0.006867842490531739
65807 0.0017917649545746673
65819 0.01668672158914863
65820 0.014203922183150737
65821 0.017847537004045923
65824 0.017847537004045923
65995 0.01689273049765664
66013 0.00844636524882832
66017 0.0017240375938389597
66088 0.005607832665205687
66112 0.004452205543308637
66168 0.03217711389082463
66189 0.0010259768835117627
66266 0.0029056256690711203
66278 0.0017824287932829191
66470 0.0160977784742375
66517 0.0025575909725424066
66529 0.003804386942475035
66550 0.02126908554886302
66559 0.01874398863438613
66585 0.028907982471341992
66599 0.03133537031244704
66637 0.007221009145183913
66668 0.007126620678698893
66744 0.013414815395197918
66776 0.0023977415367585062
66938 0.01041861297190498
67011 0.014203922183150737
67091 0.011434355183650593
67107 0.0058978929754749465
67118 0.009038044994041768
67167 0.005806129435545351
67217 0.002239461817201616
67223 0.0016747293826521936
67446 0.008017448263536255
67473 0.0017225906466347305
67544 0.00232837975662539
67611 0.001765562800400242
67908 0.0018294041007017219
67911 0.008551944814438672
67931 0.006557401774649461
67954 0.0015525467136651146
67972 0.0021061741975015712
67978 0.006255159444384213
68009 0.01641973404372225
68034 0.01857435977796635
68061 0.010110673672242766
68064 0.017229327820408816
68110 0.010365993714471118
68111 0.013414815395197918
68170 0.01274824071717566
68206 0.0068644373092484326
68225 0.0011459892548661538
68272 0.0014342884384802804
68348 0.06413958610829004
68417 0.01777559232843509
68420 0.003523548078051985
68475 0.004452205543308637
68487 0.01140259308591823
68637 0.003658029789693747
68734 0.013327706204320009
68736 0.0050491187096316885
68804 0.02631367635211899
68855 0.0009181242475800855
68862 0.006295910292838287
68889 0.005283054711622346
68944 0.014168855115467777
69000 0.004680653946329034
69190 0.0037833488580005185
69272 0.005717177591825297
69306 0.003776387774545136
69312 0.009843965254030126
69372 0.02581719189264505
69375 0.014819310448652707
69383 0.007098246152105563
69443 0.00475658576005859
69456 0.003939475538321077
69589 0.03658029789693747
69595 0.0009462732851384422
69632 0.00960602430820785
69636 0.005025492841950919
69883 0.017542450901412664
70015 0.005992603665592062
70080 0.0030656710313148343
70125 0.0026296819416595533
70222 0.008534165303389943
70289 0.007711712837612261
70388 0.005782243427968486
70519 0.0325788373883378
70759 0.02472851512608773
70823 0.004659402396061932
70853 0.0018187565400667092
70882 0.00637412035858783
70958 0.005734244717046804
70974 0.002544017789318492
70984 0.007601728723945486
71001 0.0008507046022543599
71148 0.0029745895006743207
71183 0.018534017601114988
71215 0.0109464893624815
71221 0.0004218412600399441
71230 0.011308356779423039
71297 0.01075664891425857
71325 0.02631367635211899
71370 0.002753141187746856
71373 0.0010743086916855699
71400 0.0007923052520614867
71442 0.010745899243273726
71504 0.009287179888983175
71517 0.017058740416246356
71520 0.057012965429591146
71521 0.11393863279373967
71542 0.007369719050144637
71547 0.0014408331031697307
71567 0.0035084901802825324
71570 0.01057972554363547
71610 0.006229034159226954
71616 0.008053599768734786
71620 0.003728678433700708
71737 0.005814353414915811
71762 0.016667282015391176
71779 0.014478426739839342
71798 0.007716040434080005
71829 0.0017632875906059117
71978 0.011064510811133592
72062 0.0009320920778679751
72087 0.004957649167790535
72090 0.014106300724847294
72102 0.0023323485857560016
72157 0.005155976706541632
72211 0.004452205543308637
72217 0.0020029557926277003
72313 0.003456119642177086
72489 0.0036391254529526264
72598 0.010085831722188115
72626 0.007053150362423647
72647 0.006575455629534645
72737 0.004953853599727812
72738 0.007278250905905253
72741 0.006072386850488998
72761 0.0009268218081091567
72799 0.023727939369540825
72875 0.0058558252652361805
72881 0.011840300852501057
72907 0.01909411153961022
72920 0.006134383583775923
72972 0.007753972916475615
73248 0.009704334541207003
73479 0.0021591353216583163
73493 0.014556501811810505
73574 0.01151693036123584
73798 0.0016899685100578686
73825 0.011434355183650593
73906 0.004869434769787144
73925 0.015259975877065289
73928 0.01303153495533512
73941 0.03985372340709284
73982 0.0024551037744800015
74155 0.017103889628877343
74233 0.0073237688097135085
74277 0.0029030647177726754
74350 0.00882781400200121
74368 0.004571195446470559
74442 0.011434355183650593
74454 0.018658788686048013
74581 0.005394130763377875
74583 0.008292794971576894
74679 0.0012511226793448834
74720 0.008360353382750636
74732 0.008551944814438672
74760 0.001691361149950788
74772 0.027261594652545598
74799 0.0016317807246219688
74838 0.0035265751812118234
74876 0.001767843889289648
74946 0.013735684981063478
74977 0.009502160904931858
75014 0.0016393504436623652
75054 0.02691349028000862
75100 0.009775325738984698
75139 0.004607108317542719
75249 0.007436473751685802
75265 0.003711513120190382
75297 0.005296688401200726
75344 0.0018173617235446526
75429 0.010917376358857879
75465 0.00693400930900433
75604 0.01063454277443151
75616 0.0031383283722710726
75693 0.004945703025217546
75708 0.002792389152437975
75781 0.004352070507462818
75785 0.005822600724724203
75792 0.019857876001194628
75806 0.0033373443178297255
75836 0.048293335422712504
75898 0.010471769160537148
75975 0.011595857375510063
75999 0.006364238001442733
76020 0.015972503933581957
76059 0.012591820585676573
76071 0.0034036516162674435
76135 0.008715357772676353
76178 0.0080018197094163
76322 0.011094414894406927
76342 0.018886566848962283
76354 0.04372925842743355
76372 0.006036666927839063
76410 0.019306268334494777
76413 0.0162894186941689
76447 0.020943538321074297
76458 0.02996301832796031
76570 0.01058109851939073
76692 0.004963643906808419
76765 0.0038435707031185045
76780 0.007518193243462569
76801 0.010061111546398438
76806 0.002821260144969459
76872 0.0068644373092484326
76895 0.010211277390374534
76910 0.006830172231165662
76995 0.00804888923711875
77050 0.010365993714471118
77092 0.006477190909928127
77103 0.012990295920666337
77138 0.009041703768569522
77198 0.008259423563240569
77220 0.0012677373412385926
77253 0.003004765926126407
77328 0.007423026240380764
77404 0.021166250393622625
77433 0.002130020410793172
77435 0.019004321809863715
77451 0.001292078536647958
77676 0.001787084680422535
77735 0.0015636122835586321
77759 0.010262333777326407
77841 0.012477001552980434
78036 0.05262735270423798
78058 0.0005190536079856759
78156 0.004163218570923491
78466 0.010404183466430445
78868 0.0011957277922897064
78870 0.015275289231688175
79023 0.03698138298135642
79028 0.08923768502022962
79164 0.013156838176059496
79291 0.030183334639195314
79340 0.014010011982698167
79582 0.014057991475789598
79819 0.009727330594622188
79918 0.0004916721349235028
80014 0.008771225450706332
80036 0.015036386486925138
80253 0.012630564649017116
80273 0.0023741662874092323
80282 0.0071514521096351265
80394 0.005685503477743162
80423 0.019735257264089246
80469 0.015549934855964636
80472 0.0058356478592931325
80489 0.0002880452958340161
80600 0.011228201293082586
80633 0.006912900275162792
80651 0.009789093803405802
80732 0.004109042553484047
80738 0.0017731894215682776
80788 0.022787726558747935
81037 0.017770274939093344
81135 0.0035602198707116763
81378 0.006453348746906332
81514 0.0067850140676538225
81552 0.0013788826036044886
81593 0.010552528305734093
81728 0.006108532010313337
81803 0.003924410622304553
81834 0.02953189576209038
81909 0.0007245911271094633
81932 0.020943538321074297
82032 0.023245005352568963
82101 0.008720522710687729
82176 0.0026177990962026818
82234 0.0019030753411824583
82297 0.006642287234515474
82327 0.07239850625435541
82329 0.038717706284212165
82369 0.012104870161208814
82396 0.001932642895918344
82474 0.009635994157113997
82666 0.005487879025308238
82821 0.009350645810775769
83051 0.024822345001493287
83124 0.00023439350830414907
83153 0.0005694178819434821
83155 0.0006810906771081073
83237 0.004519760708396856
83268 0.008752523477463886
83287 0.03569507400809185
83293 0.006899047917530358
83407 0.007265369045894801
83423 0.003009482046136776
83503 0.0009502160904931858
83525 0.012253532868449442
83616 0.009524207681973464
83684 0.010262333777326407
83715 0.0012249876188990042
83853 0.004096740030868825
83863 0.003318458780057043
83871 0.006993072420665354
83932 0.002082161953390689
83940 0.03800864361972743
83964 0.022188829788813855
84083 0.01254558953144065
84122 0.03665119206188002
84263 0.040408468607082096
84337 0.0005529274664507763
84351 0.02911300362362101
84360 0.026146073318029064
84370 0.009987672775986771
84436 0.008715357772676353
84447 0.004530831689768833
84492 0.014302904219270253
84538 0.00783568951569123
84560 0.004138037813438067
84568 0.010160726512204362
84670 0.005634230046939552
84755 0.009502160904931858
84852 0.0031600719868595554
84856 0.002244359492034206
84938 0.010012032953489177
85015 0.03985372340709284
85052 0.0003870023108259228
85191 0.007436473751685802
85214 0.025030082383722944
85414 0.00391692128905588
85430 0.015788205811271397
85503 0.014253241357397787
85549 0.00221619449997866
85647 0.004554713857268401
85666 0.0052934170604860015
85670 0.00884683946321242
85701 0.01149841319588393
85934 0.0028601879014066335
86017 0.011339595334062327
86073 0.00704105233435774
86132 0.028506482714795573
86216 0.009635994157113997
86220 0.004898488676528118
86274 0.006495147960333169
86279 0.008292794971576894
86398 0.0008589523981859307
86451 0.026938979071388064
86454 0.022188829788813855
86455 0.013114803549298922
86474 0.02083722594380996
86527 0.005554713817226743
86553 0.013683111703101877
86557 0.010135638298593982
86563 0.0004860210171596688
86564 0.025339095746484953
86604 0.016962535169134558
86623 0.01769367892642484
86743 0.007730571583673376
86806 0.012477001552980434
87001 0.005931984842385206
87058 0.03800864361972743
87137 0.007629987938532644
87147 0.11032153333997016
87279 0.010607063335737889
87511 0.002753141187746856
87616 0.007436473751685802
88295 0.00991529833558107
88359 0.023456762919603216
88370 0.05940390256767624
88374 0.002022134734448553
88479 0.06413958610829004
88516 0.00837741532842972
88598 0.007924582067433518
88601 0.011932946252705124
88651 0.022431330660822747
88716 0.024146667711356252
88747 0.049572167762326404
88762 0.003273471699306669
88771 0.0070050059913490835
88801 0.011622502676284481
88833 0.008623809896912946
88942 0.004068318643142282
88987 0.007436473751685802
89007 0.007939910079169367
89228 0.02280518617183646
89268 0.008033137986165484
89270 0.007490754581990077
89302 0.022565768183175714
89344 0.006599571560981612
89384 0.00884683946321242
89491 0.011595857375510063
89515 0.023865892505410248
89536 0.041049335109305626
89561 0.012787954862712033
89637 0.0013052252816949325
89693 0.014106300724847294
89713 0.008551944814438672
89808 0.004987768543050501
89896 0.003603980255426306
89926 0.0076441964821798184
89928 0.012364257563043865
89937 0.015091667319597657
89962 0.01668672158914863
89983 0.0025121992110958154
90087 0.004205874498904265
90099 0.016619164011864626
90128 0.009590966147034025
90226 0.003105093427330229
90234 0.022431330660822747
90237 0.012990295920666337
90344 0.03086416173632002
90450 0.009796977353056235
90457 0.04320982643084803
90480 0.02632672954703833
90496 0.012708772479661186
90595 0.01204550537334163
90647 0.005310392640272397
90707 0.025655834443316018
90830 0.007409627276047948
90835 0.003671556577083
90945 0.002953189576209038
91017 0.011393863279373967
91076 0.023191714751020127
91145 0.024005459128248904
91152 0.011530712109355513
91224 0.008225155740139786
91259 0.010262333777326407
91435 0.01112448105943242
91463 0.013073036659014532
91566 0.007605263734398818
91568 0.007471838054847961
91570 0.011780095932912068
91571 0.0030429455232991566
91576 0.0019417850099009285
91577 0.0010321141372762281
91758 0.01682349799561706
91792 0.021651889720928724
91795 0.013683111703101877
91944 0.0058978929754749465
92107 0.01682349799561706
92159 0.02652769694816076
92163 0.009658667084542499
92183 0.016552151253752267
92221 0.0068644373092484326
92356 0.01792547384685835
92378 0.012990295920666337
92384 0.015374282812474018
92661 0.008309582005932313
92663 0.011962575904334114
92708 0.006325013113914581
92847 0.009081711307368501
93021 0.0013933922304584395
93079 0.000931457569986513
93250 0.015426109747882956
93381 0.004012642728182368
93492 0.05401228303856003
93496 0.0015408909575565174
93545 0.010562700000635441
93645 0.018093866776086875
93734 0.001871125957907126
93905 0.0007171442192401402
93906 0.03113828235884718
93956 0.005691170431669456
93968 0.005480552084019443
93995 0.02074703462811379
94016 0.010662164963456008
94038 0.048293335422712504
94058 0.005539721337288209
94127 0.015147356128895065
94134 0.02549648143435132
94458 0.0028251435037374827
94521 0.006444165637253631
94559 0.03538735785284968
94842 0.01954730243300268
95068 0.024878384914730683
95099 0.01543208086816001
95187 0.01675483065685944
95341 0.013458798396493648
95555 0.011029537462744427
95576 0.005738601401948906
95589 0.020321453024408725
95632 0.01083095913174291
95665 0.005067819149296991
95823 0.011595857375510063
95885 0.0023429985792982663
95966 0.012364257563043865
96006 0.007189025413188376
96012 0.015203457447890973
96024 0.01682349799561706
96026 0.005131166888663203
96149 0.005966473126352562
96183 0.0007267918594621115
96233 0.02549648143435132
96347 0.014126537805727887
96447 0.006993072420665354
96487 0.008429021583019636
96508 0.009409778760716308
96545 0.007804056104430727
96599 0.04561037234367292
96604 0.008957614332610846
96625 0.02083722594380996
96772 0.011661742928780009
96791 0.010262333777326407
96810 0.0028407844366301472
96885 0.05605045645498484
96900 0.010643578254851639
97086 0.01182977957040508
97101 0.011761987137336855
97142 0.009350645810775769
97252 0.004072354673542225
97275 0.0047021002416157654
97310 0.0065054413802386095
97489 0.027366223406203753
97504 0.020321453024408725
97518 0.012430938692773702
97530 0.0018075444786131935
97540 0.0022045829811657156
97543 0.02083722594380996
97547 0.005351934173312337
97588 0.029320953649504017
97598 0.02042255478074907
97763 0.006631556560469407
97910 0.009590966147034025
98094 0.016962535169134558
98162 0.008167164042794502
98199 0.0003751195751558588
98257 0.02870582874776617
98258 0.009727330594622188
98259 0.0009346387775342811
98276 0.01874398863438613
98278 0.022309421255057405
98293 0.01675483065685944
98339 0.026829630790395836
98369 0.018552234261184995
98371 0.050177449340446496
98377 0.01119203961419987
98427 0.018916744290002594
98430 0.005880993568668428
98480 0.022069535005003027
98510 0.015548990571706677
98565 0.005638644932596928
98572 0.012180811605135202
98648 0.02773603723601732
98715 0.01240161181550019
98718 0.013458798396493648
98733 0.02074703462811379
98741 0.010135638298593982
98789 0.0076235963807118655
98790 0.025980591841332674
98826 0.01648567675072515
98862 0.007986251966790979
98870 0.00991529833558107
98950 0.027043800001626928
98969 0.015940955505546146
98987 0.010288053912106673
99042 0.0067738176748029085
99071 0.014608304309361433
99087 0.01800409434618668
99223 0.028115982951579195
99324 0.06620860501500907
99423 0.024146667711356252
99640 0.02996301832796031
99652 0.012636830182578399
99720 0.004012642728182368
99739 0.014872947503371604
99780 0.014203922183150737
99801 0.008226319661183491
99932 0.05401228303856003
99954 0.006118183627128627
99995 0.04088386235540071
100172 0.0022033996301291264
100222 0.014106300724847294
100306 0.02149179848654745
100312 0.020024065906978354
100346 0.015727714601266523
100476 0.020024065906978354
100573 0.0025137376062036513
100589 0.013683111703101877
100605 0.013241721003001816
100675 0.006423996104742665
100819 0.022431330660822747
100840 0.009613427426066891
100918 0.02472851512608773
100996 0.017730246429638063
101008 0.009524207681973464
101090 0.012144773700977995
101163 0.004503714799956633
101228 0.005539721337288209
101274 0.15788205811271397
101309 0.020731987428942236
101540 0.03800864361972743
101549 0.03538735785284968
101650 0.013503070759640008
101709 0.010975758050616477
101831 0.030483581580781228
101883 0.025638880685132166
101928 0.07330238412376004
102002 0.0038937011767048294
102050 0.003505494031537628
102288 0.01954730243300268
102579 0.0061821287815219325
102599 0.006962325030189528
102600 0.001285201474931297
102646 0.012949317069181586
102648 0.025183641171353147
102651 0.017617740390259925
102766 0.015548990571706677
102981 0.009943142489868554
103052 0.008002924583256273
103192 0.008157578169504836
103204 0.016619164011864626
103258 0.018244148937469166
103293 0.008752523477463886
103446 0.0019735257264089246
103483 0.009547348625639062
103497 0.0022817862762259935
103506 0.023591571901899786
103508 0.01415494314113987
103510 0.015727714601266523
103525 0.008623809896912946
103587 0.003997014129435796
103707 0.011371006955486323
103708 0.007687141406237009
103759 0.00661929200039821
103886 0.023727939369540825
103902 0.013073036659014532
103937 0.019735257264089246
103977 0.01832559603094001
103997 0.011339595334062327
104076 0.058641907299008034
104138 0.0055080971292867055
104164 0.015548990571706677
104423 0.017175454020629966
104446 0.020122223092796876
104447 0.017103889628877343
104478 0.016744580666505433
104527 0.015374282812474018
104643 0.01603489652707251
104645 0.014819254552095895
104646 0.014302904219270253
104647 0.02115945108727094
104648 0.01386801861800866
104649 0.007016980360565065
104650 0.015788205811271397
104652 0.06219596228682671
104662 0.00658897834820315
104679 0.010012032953489177
104698 0.01182977957040508
104707 0.005012128828975046
104850 0.009183296445034815
104915 0.012108948409824669
105070 0.021604913215424015
105144 0.009266215600294723
105167 0.008904411086617273
105232 0.006219596228682671
105254 0.02118980670859183
105255 0.01415494314113987
105298 0.008498827144783774
105349 0.02263927231406554
105379 0.0013756479594271324
105382 0.011736599332703554
105468 0.014725119916140084
105470 0.0065216908721076414
105478 0.008698694118170362
105573 0.006506543738825082
105634 0.01119203961419987
105709 0.019640830195840012
105937 0.038725787838967574
105968 0.017175454020629966
106010 0.009987672775986771
106030 0.013073036659014532
106031 0.00041657535122088113
106058 0.0160977784742375
106066 0.015972503933581957
106116 0.013774944667552224
106138 0.0037625421731719184
106174 0.019092714004328198
106262 0.01712513931801692
106376 0.004607108317542719
106408 0.006807518260249689
106428 0.003449523958765179
106541 0.001627542277900794
106577 0.010110673672242766
106587 0.02428954740195599
106613 0.010373517314056896
106635 0.0435072024149033
106665 0.008982349039235367
106685 0.048868256082506695
106731 0.014010011982698167
106735 0.0007849849334106754
106863 0.0018171463085128654
106897 0.010288053912106673
106918 0.00841174899780853
106931 0.0018241773044011293
106976 0.008715357772676353
106978 0.007317172033744318
107007 0.01387224462190726
107009 0.007139014801618371
107179 0.010562700000635441
107267 0.013774944667552224
107495 0.020627806587590766
107535 0.0018769700552951818
107720 0.009635994157113997
107727 0.021451409260549753
107781 0.009142390892941119
107798 0.011761987137336855
107809 0.005806396491577377
107931 0.004142213431816915
107950 0.0038079160583771453
107980 0.0040885791941539466
108034 0.013284574469030948
108096 0.014106300724847294
108109 0.0135924950693065
108110 0.015548990571706677
108144 0.023456762919603216
108171 0.018829970233626436
108210 0.1100626931450076
108285 0.00556224052971621
108315 0.06996842635646913
108464 0.014203922183150737
108639 0.02126908554886302
108677 0.04064290604881745
108697 0.0328394680874445
108765 0.01386801861800866
108802 0.01675483065685944
108872 0.015608112208861455
108954 0.017175454020629966
108959 0.04320982643084803
108977 0.016161155554844736
109152 0.029320953649504017
109172 0.009142390892941119
109174 0.015849164134867037
109205 0.011466294723269729
109392 0.017175454020629966
109393 0.028138690689951902
109406 0.01476594788104519
109419 0.010917376358857879
109527 0.030183334639195314
109579 0.023061424218711025
109722 0.012669547873242476
109746 0.01415494314113987
109751 0.013327706204320009
109755 0.01039223673653307
109766 0.00328394680874445
109779 0.0328394680874445
109921 0.062392227324239984
109936 0.0383638645881361
110046 0.025030082383722944
110710 0.004173659859354784
110731 0.013481477167769026
110753 0.002991934045867757
110843 0.01068993101804834
111144 0.015849164134867037
111146 0.013458798396493648
111164 0.042639611045509944
111312 0.023591571901899786
111322 0.012439192457365342
111342 0.007986251966790979
111402 0.017032919132491962
111403 0.01603489652707251
111479 0.01274824071717566
111489 0.011185104934415702
111542 0.013199143121963224
111562 0.026655412408640018
111637 0.011603099499863306
111712 0.0032220828186268155
111718 0.0008231268319491804
111720 0.001056270000063544
111733 0.0039699550395846835
111734 0.003997014129435796
111803 0.01415494314113987
111844 0.010859612462779266
111849 0.0035265751812118234
111852 0.026227383397804227
111863 0.009061612256086206
111941 0.0025307851485391877
111979 0.0019946226972451715
112025 0.018163422614737003
112072 0.0006558083223644197
112120 0.004951668891351704
112470 0.009658667084542499
112482 0.004334671078068176
112525 0.012908595946322526
112562 0.012073333855678126
112570 0.02564670332257609
112596 0.010745899243273726
112699 0.006718385451604849
112701 0.021050941081695192
112732 0.012037928184547105
112774 0.018163422614737003
112812 0.011530712109355513
112853 0.013547635349605817
112887 0.025030082383722944
112899 0.037317577372096025
112921 0.013113691698902114
113155 0.006747821942153514
113213 0.006899047917530358
113254 0.002606997974650458
113256 0.005480552084019443
113257 0.012477001552980434
113258 0.0026193679196136297
113259 0.02881052849972258
113285 0.01991477535936424
113332 0.005074083449852364
113354 0.012708772479661186
113420 0.0016282957203215243
113603 0.00856328420497456
113665 0.008017448263536255
113721 0.0383638645881361
113762 0.017542450901412664
113764 0.010552528305734093
113937 0.012253532868449442
114053 0.015490315135587029
114109 0.020524667554652813
114147 0.012236367254257254
114179 0.027690265340311236
114222 0.0035326450180125325
114271 0.0047401079802893336
114277 0.0165877245833368
114293 0.001687883844955001
114333 0.006718385451604849
114383 0.016276947541962808
114403 0.00043196125546414666
114433 0.002611280859370587
114449 0.019271988314227995
114460 0.012364257563043865
114480 0.004945703025217546
114507 0.0037798651113541094
114531 0.018829970233626436
114539 0.00046652273109791596
114546 0.0019500871785893409
114548 0.0030910643907609663
114552 0.0002849856644633826
114567 0.0003960379653575073
114568 0.00010404880642123498
114595 0.0012206165658431645
114623 0.011761987137336855
114636 0.011466294723269729
114638 0.011694967267608441
114698 0.031592075456445996
114743 0.0032553001672724524
114937 0.003523548078051985
115103 0.00415188566333221
115114 0.018310374583663983
115221 0.0035296074900520746
115231 0.020731987428942236
115323 0.00186164785076216
115393 0.010185939233078319
115427 0.00441865824642687
115494 0.006219596228682671
115536 0.010552528305734093
115553 0.010236741922520106
115576 0.012787954862712033
115593 0.00837380313303388
115631 0.017076797544024865
115667 0.01736827401250889
115688 0.021319805522754972
115704 0.01983059667116214
115837 0.020122223092796876
115880 0.00163869601234753
116024 0.0016225033640041749
116027 0.0004911382520854944
116066 0.035460492859276126
116085 0.01326384847408038
116097 0.007477110220274249
116191 0.0093082392538108
116198 0.02773603723601732
116400 0.00812858120976349
116489 0.03086416173632002
116493 0.004486266132164549
116530 0.008982349039235367
116531 0.031821190007213666
116545 0.0024033568565167227
116549 0.003505494031537628
116602 0.0135924950693065
116653 0.0009645050542600006
116677 0.003973798171278377
116750 0.0018424297625361592
116754 0.007924582067433518
116761 0.014556501811810505
116783 0.010185939233078319
116882 0.003501388715575879
116926 0.0058391657338983825
116945 0.00884683946321242
117056 0.00237691575618446
117069 0.021050941081695192
117079 0.01832559603094001
117150 0.0034408495481396168
117189 0.01083095913174291
117214 0.015910595003606833
117254 0.00575533471792343
117297 0.0036683945584723527
117336 0.011761987137336855
117499 0.0006734919624168274
117541 0.0036782558341671707
117565 0.03133537031244704
117640 0.002168847912941694
117666 0.01769367892642484
117675 0.013681607481138032
117683 0.003793808188001157
117739 0.01057972554363547
117774 0.0014053178743343247
117826 0.005480552084019443
117834 0.0014163962910980477
117868 0.008534165303389943
117926 0.006301875574399714
117947 0.000487463901072386
118095 0.010365993714471118
118162 0.004939751517365298
118180 0.004712038373164827
118213 0.04286684344543638
118246 0.0024033568565167227
118397 0.00932920349049412
118465 0.01675483065685944
118537 0.014819254552095895
118586 0.004723743971151395
118602 0.0014125412090932842
118618 0.0013657411280051325
118619 0.017103889628877343
118626 0.0013476472458734611
118674 0.011661504363117652
118675 0.02056288935034947
118689 0.013735684981063478
118698 0.011260998575430598
118717 0.003273471699306669
118733 0.006295910292838287
118747 0.00681397705923345
118759 0.013327706204320009
118764 0.004376261738731943
118766 0.0050060164767445885
118799 0.01792547384685835
118820 0.011661504363117652
118821 0.0028207210228969643
118848 0.00957184878911601
118885 0.015727714601266523
118921 0.014872947503371604
119014 0.0011127496641177995
119056 0.003578843514324815
119089 0.011324097825782574
119097 0.0017598957401914618
119099 0.0025030082383722943
119163 0.047731785010820496
119167 0.0028506482714795575
119209 0.009568609582588724
119217 0.007016980360565065
119274 0.015241790790390614
119323 0.008394029710649903
119337 0.002636437707726758
119432 0.0037729168298994142
119466 0.0030250062718721908
119478 0.0033024404754067277
119486 0.08209867021861125
119493 0.002821260144969459
119494 0.0029257051313995312
119495 0.00552620212834492
119496 0.005528911998748364
119497 0.0009593207550667359
119498 0.0029468295125129667
119514 0.0024999595072658725
119617 0.027924717761432398
119699 0.010288053912106673
119767 0.008473684852859582
119814 0.028138690689951902
119829 0.013821324952628156
119866 0.03765994046725287
119970 0.006969326843685166
119977 0.011530712109355513
120008 0.008885137469546672
120029 0.008008376659463287
120038 0.006145110046303238
120039 0.002232155253360828
120076 0.013327706204320009
120115 0.0035602198707116763
120121 0.005400354778879658
120143 0.00799133943432691
120178 0.006538341110459191
120188 0.007247400000435995
120222 0.005257380181859395
120223 0.011728381459801608
120244 0.005725087809240625
120253 0.0045967900458348965
120265 0.005105638695187267
120275 0.01381760755550322
120278 0.04343910375261325
120317 0.012301339115784283
120322 0.008148014771885252
120335 0.0036749628566970123
120403 0.006888262240255818
120424 0.007562847225699804
120435 0.011962575904334114
120449 0.0075458336597988285
120464 0.0022698421294637884
120468 0.017393786063265096
120473 0.0049278913696645405
120476 0.003204475808688964
120483 0.004840723479870947
120498 0.0064340650641544865
120505 0.016619164011864626
120511 0.004571195446470559
120513 0.0013463212564547597
120514 0.002774553533101046
120532 0.0054952255835750505
120540 0.009943142489868554
120549 0.005451181647386761
120557 0.004100832678252311
120563 0.014449597921867193
120576 0.01303153495533512
120656 0.0035571347581720646
120672 0.003112234071605639
120687 0.003529938626993037
120699 0.00742548782095953
120723 0.025933793285142236
120728 0.0036488297874938337
120741 0.007449363987586409
120758 0.013637652860234427
120787 0.01042017481322057
120789 0.001794898780468108
120828 0.0020475710054150666
120839 0.019735257264089246
120883 0.008504110474041864
120903 0.011921537908092831
120977 0.002716699874871319
120978 0.005739270520576482
121015 0.03904638539560742
121026 0.011005183675417059
121041 0.013414815395197918
121045 0.0046541196269054
121050 0.0023834899178388613
121059 0.012799735912372228
121081 0.007477110220274249
121082 0.007252532704824316
121084 0.008962736923429176
121101 0.008463780434908377
121136 0.006566054809607018
121139 0.0064848870630814575
121146 0.008569798561441674
121215 0.002751487173562201
121216 0.002596716298634874
121229 0.003426488740342707
121238 0.0030702569266496354
121239 0.004616201550379678
121245 0.002131326771057381
121341 0.020871641442697056
121348 0.0015136185512280836
121349 0.010445123437482348
121364 0.020809151498257843
121387 0.0021029372494521326
121431 0.0028403173683768366
121434 0.01805261454654057
121454 0.004670871371248737
121461 0.007053150362423647
121462 0.0036969450002224042
121479 0.0020261271031246607
121501 0.002333674537197591
121507 0.005285366236059407
121512 0.010135638298593982
121530 0.020024065906978354
121540 0.034495239587651785
121541 0.014302904219270253
121557 0.0026971396087052
121576 0.005524846264243339
121603 0.01270613638102033
121626 0.013962358880716199
121631 0.004561037234367292
121689 0.004881014876255128
121706 0.0046859971585965325
121716 0.010498551178850546
121734 0.00625585652602891
121737 0.002802522822749242
121757 0.0046753229053878844
121759 0.057815964942683984
121772 0.004823658649742142
121798 0.018163422614737003
121805 0.03364699599123412
121822 0.03765994046725287
121904 0.013371118928112583
121907 0.011820164286425374
121915 0.014608304309361433
121919 0.02056288935034947
121920 0.010979868247106034
121937 0.0064340650641544865
121971 0.022679190668124655
121979 0.0032475739801665843
121987 0.009480215960578667
122036 0.029325977216954093
122055 0.0109464893624815
122064 0.005983868091735514
122066 0.009142390892941119
122087 0.01779889237645539
122112 0.020627806587590766
122131 0.007436473751685802
122143 0.01832559603094001
122153 0.011034767502501514
122162 0.017467802174172608
122165 0.020321453024408725
122176 0.022932589446539458
122186 0.009021831892155083
122201 0.005215925680979114
122252 0.023323485857560017
122302 0.0328394680874445
122304 0.015147356128895065
122309 0.01732039456088845
122370 0.008885137469546672
122372 0.021834752717715757
122428 0.028506482714795573
122474 0.009371994317193065
122511 0.08733901087086303
122530 0.034207779257754686
122542 0.01648567675072515
122549 0.00651301841084154
122559 0.024878384914730683
122583 0.027184990138613
122589 0.020024065906978354
122621 0.0005863353108028228
122633 0.019092714004328198
122635 0.023323008726235304
122637 0.013073036659014532
122662 0.003398658484312039
122685 0.030406914895781945
122713 0.020321453024408725
122743 0.02996301832796031
122746 0.03985372340709284
122757 0.014203922183150737
122779 0.01150704735168563
122794 0.00601753818218019
122810 0.025339095746484953
122831 0.005196118368266535
122854 0.016619164011864626
122892 0.008752523477463886
122914 0.010061111546398438
122924 0.021451409260549753
122934 0.024434128041253347
122985 0.014203922183150737
123137 0.009224569687484412
123176 0.017175454020629966
123329 0.012477001552980434
123502 0.016962535169134558
123553 0.007252532704824316
123647 0.010471769160537148
123714 0.02083722594380996
123761 0.013284574469030948
123896 0.014556501811810505
123910 0.021864629213716773
123952 0.018658788686048013
124016 0.02149179848654745
124074 0.009568609582588724
124091 0.006145110046303238
124116 0.00346407891217769
124377 0.017770274939093344
124433 0.01232712766045214
124437 0.01732039456088845
124441 0.01232712766045214
124562 0.03569507400809185
124564 0.0013660095519689702
124581 0.0026500539128021705
124648 0.004963643906808419
124799 0.006957514425306038
124846 0.027363214962276065
124902 0.0160977784742375
124903 0.007436473751685802
124904 0.0029566529926965852
124905 0.011308356779423039
124914 0.03736697096998989
124969 0.00977365121650134
124970 0.01732039456088845
125175 0.009329394343024006
125186 0.026829630790395836
125275 0.005806129435545351
125277 0.0032630632042373315
125285 0.03033332362748031
125469 0.01476594788104519
125513 0.0014194099277076635
125706 0.010158801780901425
125964 0.013915028850612077
126080 0.015583534978515964
126134 0.004633504400278747
126149 0.02911300362362101
126228 0.011005183675417059
126246 0.047731785010820496
126282 0.010552528305734093
126284 0.013241721003001816
126322 0.020731987428942236
126332 0.02171922492555853
126551 0.002519910074236073
126566 0.023323485857560017
126568 0.02115945108727094
126607 0.012669547873242476
126619 0.021951516101232953
126728 0.005317717368338271
126774 0.007126620678698893
126808 0.02042255478074907
126839 0.01476594788104519
126872 0.020407457687303492
126875 0.03206979305414502
126933 0.010975758050616477
126960 0.017847537004045923
127018 0.01063454277443151
127364 0.01849069149067821
127372 0.01689273049765664
127375 0.013503070759640008
127385 0.02062390682616653
127427 0.011551391143756695
127442 0.0058978929754749465
127480 0.011277289865193855
127509 0.028907982471341992
127528 0.01998427076761834
127550 0.004549735109106213
127749 0.021050941081695192
127767 0.014693988584393488
127813 0.015490315135587029
127886 0.0033755495873813114
127925 0.013458798396493648
127970 0.023560191865824136
128032 0.0073565116683343415
128055 0.0023591571901899785
128160 0.002085840198643579
128196 0.0325788373883378
128274 0.02042255478074907
128295 0.014302904219270253
128584 0.004738539004512875
128661 0.0023696749404766857
128683 0.0019109861425400385
128694 0.011246393180631678
128697 0.0041297117816202844
128766 0.0031147336817224282
128796 0.04231890217454188
128806 0.017866983548632698
128822 0.006210186854660458
128859 0.013371118928112583
128895 0.0031722824659432478
128915 0.012868130128308973
128949 0.010339882899069426
128950 0.019972001725339427
128965 0.026834967569181932
128981 0.05006016476744589
128988 0.03600818869237336
129002 0.004432973553920695
129020 0.0020642583101269153
129021 0.0036613328805408032
129022 0.00191133262242062
129023 0.001937322219007947
129025 0.0017578884530627607
129072 0.01769367892642484
129090 0.004212276727526133
129127 0.01991477535936424
129246 0.0026707439888943156
129318 0.009820415097920006
129339 0.025655834443316018
129384 0.0008294470622207643
129405 0.03086416173632002
129457 0.012799735912372228
129590 0.01954730243300268
129627 0.018838901310571136
129660 0.0041247813652333055
129694 0.002819322466298464
129747 0.01603489652707251
129802 0.004150590000940913
129812 0.004969653160932885
129880 0.0347512830020906
130017 0.005864190729900804
130088 0.0047779611260146465
130096 0.025339095746484953
130120 0.10072835652779884
130152 0.0306338321711236
130159 0.025655834443316018
130164 0.027006141519280016
130364 0.0007095514298825804
130421 0.014453991235670996
130471 0.008862822952885194
130522 0.016430866667655128
130541 0.013683111703101877
130559 0.0040283940244657136
130570 0.01849069149067821
130585 0.0041547910029661565
130587 0.011308356779423039
130608 0.008696893031632548
130677 0.013199143121963224
130689 0.01732039456088845
130786 0.012630564649017116
130801 0.025980591841332674
130802 0.023191714751020127
130845 0.017175454020629966
130882 0.009613427426066891
130949 0.011898358002697283
130952 0.006338001913772017
130980 0.006352086362469288
130986 0.012827917221658009
130993 0.008752523477463886
130994 0.009867628632044623
131055 0.020462384584808573
131107 0.017542450901412664
131114 0.004881014876255128
131137 0.004344258149371866
131146 0.008177158388307893
131209 0.009750435892946704
131277 0.010353394940965415
131316 0.0018633379532140548
131411 0.01240161181550019
131428 0.017847537004045923
131480 0.016869554855383787
131544 0.007587677469372574
