4 0.015458780873186395
10 0.004560016952132388
24 0.0015962563918852299
25 0.0047800177699984245
39 0.014340053309995273
112 0.0012912844212791953
119 0.00249078150757953
139 0.0030716044663308094
144 0.0065357964111522684
149 0.001567437998002322
150 0.0031954734465035324
208 0.0032091589272143194
211 0.00127840944464474
226 0.004531576097961084
239 0.004613535288623104
289 0.012746714053329132
293 0.0017966693788962322
296 0.0031033380180934917
325 0.06442704561506771
350 0.002100904195777621
357 0.0029151127695864667
363 0.0033252297530423826
365 0.012042475707841335
380 0.010067843432421624
416 0.0010168827166406726
470 0.022423138424851993
474 0.0038786471532280264
475 0.0075382281586574675
477 0.010529337421673229
485 0.023437506485153567
495 0.016106761403766927
508 0.0031205269908651133
519 0.0005736776162966921
564 0.0061141321265618
599 0.0031355418575161145
626 0.004697603670515693
627 0.005933332421698501
629 0.0021699234476050587
641 0.002201705154665941
757 0.0211620204186338
763 0.03442933036656772
790 0.0014934485119008438
816 0.002506829330786983
846 0.017578129863865175
854 0.0013475660606610707
859 0.01658666411818637
873 0.0017902982366482807
877 0.012042475707841335
900 0.0007840604687479431
921 0.002590241358430519
936 0.000821944936814358
977 0.04898175512627599
979 0.04316214065582736
980 0.061815138360402797
1016 0.00828778746433187
1019 0.005348927860415415
1042 0.0006900771814316505
1055 0.01068474560352589
1067 0.0026500767211176677
1082 0.013751975414001777
1091 0.01205796555567539
1092 0.020660550740467125
1093 0.028492654942735708
1104 0.002616139684683904
1132 0.001901996599580525
1169 0.004627715191761018
1203 0.006832878066204645
1220 0.0026516886899261333
1231 0.00040707593671104333
1280 0.047384523980853945
1286 0.0007175927911503809
1309 0.021796881031192816
1317 0.009998514182884824
1330 0.0027178155899242914
1334 0.010606754759704533
1390 0.001962527394999451
1439 0.0032925802161922683
1442 0.005751155944905756
1454 0.01221447326747612
1457 0.0013896640759447124
1475 0.003952290304840039
1490 0.0053177705566231515
1516 0.00823779635334033
1590 0.001057074734781417
1592 0.049872064409411714
1683 0.004743608494274824
1734 0.007585884411709079
1766 0.011970949204772504
1769 0.0013280074725787933
1785 0.014628779215565648
1819 0.0010095822617504778
1822 0.0036297886812977215
1825 0.012314622051521364
1877 0.01311024073284713
1896 0.018708876231778353
1907 0.001125871954090538
2022 0.007812502161717855
2069 0.004352043356481683
2080 0.00588724100676135
2083 0.028680106619990545
2133 0.027977769663664328
2156 0.010529894217967543
2174 0.003909754445057007
2176 0.0032055502723684704
2193 0.026104049139153075
2226 0.002387391131565478
2234 0.0014767534573978873
2289 0.0038206627574395823
2317 0.003008541205133584
2336 0.0017015519930673548
2337 0.010479269726535009
2350 0.020858259359993126
2420 0.0014924259521528801
2421 0.008753767482406753
2438 0.0011725057036682525
2451 0.006354775810843386
2464 0.0034783532198835697
2619 0.0012893748022001074
2729 0.02136949120705178
2799 0.0014545799820615828
2823 0.004299187580116926
2854 0.117159770358618
2869 0.006401433489337097
2878 0.013003443573684133
2891 0.0030592113727989914
2898 0.004147836542567615
2949 0.004434767249479718
3121 0.0015168323612521097
3129 0.0016569274824167857
3132 0.0014752542153091584
3154 0.0012419875231448898
3173 0.0010997417271035729
3184 0.0015393277564401705
3188 0.0013981322021291093
3189 0.002678180527065651
3193 0.0016903358690339523
3200 0.0013339584474414206
3219 0.0016689801708417165
3255 0.0014924259521528801
3281 0.001472264845065371
3311 0.005435247078492588
3314 0.008045440726177343
3328 0.0015126218619842342
3329 0.0013504882918954656
3340 0.0013417593740346454
3344 0.0013870112014758393
3404 0.0012970473687112655
3410 0.0026723626113660157
3427 0.0019987403192139896
3450 0.010763891867255711
3456 0.006800898917688866
3464 0.008014186246029245
3493 0.0027749052872301483
3511 0.003118294854247899
3530 0.008632428131165472
3555 0.004668605649963905
3621 0.0033252297530423826
3622 0.0063905329286518915
3671 0.010257355779384855
3686 0.00315295409337588
3716 0.0035938798072865322
3756 0.00659512285361356
3810 0.00380399319916105
3827 0.0024924964015086122
3877 0.0039062510808589275
3962 0.0010838826967276387
3983 0.0411261906248921
4000 0.002127562814172066
4044 0.0030897130960282383
4062 0.006986179817690005
4102 0.008789064931932588
4109 0.0038246279730204205
4118 0.009560035539996849
4149 0.012672605250693497
4158 0.04588817059198488
4188 0.005212616901548683
4229 0.009784642221753598
4234 0.010504520978888106
4235 0.005859376621288392
4284 0.01141197959748315
4295 0.0065357964111522684
4318 0.0020495421750063767
4363 0.010844219418503888
4432 0.019997138560727355
4592 0.0018112533116886982
4607 0.0049821442357012155
4629 0.020660550740467125
4638 0.007052400215202756
4651 0.004613096514538163
4671 0.001409432979708556
4683 0.0043034315954971
4694 0.0036048453773635
4703 0.018013951265448608
4721 0.0052188479619735394
4760 0.005797617539505459
4793 0.01645438934773312
4824 0.08103432993279455
4857 0.0013241627554406736
4900 0.005395619740117897
5005 0.009134982094793236
5010 0.0020592235268014
5028 0.024527186266326044
5114 0.025554861668546407
5134 0.05021133015369343
5163 0.02723234256268928
5171 0.0015407715188372445
5185 0.009375002594061427
5186 0.007594732066617706
5327 0.020958539453070017
5396 0.0010401727075243707
5408 0.004330232792966139
5461 0.025345210501386994
5473 0.004062226490144708
5501 0.0035363898250249763
5521 0.007351393265157779
5532 0.01597633232162973
5551 0.022128813229637376
5602 0.047905233035588614
5625 0.0065339009460781425
5707 0.01509676646425679
5744 0.005610522787951819
5745 0.0017873621181789927
5822 0.045140958520325576
5827 0.009272695392704691
5833 0.006157311025760682
5891 0.003742933840057269
5893 0.01657557492866374
5928 0.003179705475009893
5973 0.0033499232798753623
5974 0.004221673441653002
5985 0.002910130978797439
6042 0.02158107032791368
6056 0.004412324095383161
6074 0.011185964893101088
6087 0.00424476748416608
6121 0.004329072697357063
6145 0.01809084689361013
6228 0.0065487762901500456
6318 0.01397235963538001
6340 0.014246327471367854
6384 0.007229479612335926
6388 0.0018409527897966906
6425 0.01114929976020093
6451 0.012042475707841335
6462 0.004282294898073245
6463 0.005600946108873483
6543 0.0062516555642712175
6546 0.0044518931763209806
6643 0.010028621647544748
6644 0.012419875231448899
6701 0.015737879600411373
6731 0.005707199299650414
6740 0.010953206548338099
6768 0.0025359954661073663
6770 0.006936042818301451
6776 0.011532741286345405
6793 0.06605115463997824
6843 0.004143893732165935
6863 0.005793615017733858
6874 0.025345210501386994
6910 0.01141197959748315
7013 0.010111048674784842
7040 0.0033201646658328737
7136 0.012476249242845424
7267 0.005617752843090932
7273 0.004774782263130956
7310 0.01793981977875952
7346 0.06581755739093248
7362 0.001842508962907254
7364 0.004682466386937232
7382 0.04715794060484337
7458 0.0009748157885148844
7496 0.006919644771807243
7522 0.005131042646424017
7694 0.016086259063610935
7819 0.006811525322247755
7825 0.012821694724231069
7841 0.01297433394713858
7886 0.008604429163728127
7890 0.003494822695356503
7933 0.0037548460002054806
7940 0.010728292925280427
7943 0.004084706990920273
7954 0.20805509717894613
7955 0.020983120360870675
7958 0.004959472362046147
8022 0.009456347518955669
8215 0.00719369010930456
8271 0.013395763217047068
8296 0.0035355849199015113
8442 0.002458757025515264
8603 0.013013063302204666
8724 0.015189464133235412
8743 0.003916780059513534
8846 0.0079550660697784
8870 0.023821727902942968
8879 0.0036756966325788894
8915 0.005847529431673584
9027 0.027590988647079515
9176 0.003065665405231057
9186 0.053485982120238654
9187 0.030064663491300436
9200 0.019179539784779067
9207 0.005422109709251944
9224 0.015032331745650218
9238 0.010817310685455491
9260 0.17774252417378195
9322 0.0234044803917192
9335 0.06250286564352772
9339 0.0008157676318073535
9465 0.007940575967647657
9619 0.015852277113594774
9700 0.003722780705583743
9864 0.0032007167446685483
9917 0.0061489305660119165
9944 0.007839780528685076
9945 0.007573582920853559
10004 0.009390668616530451
10047 0.017658051513380225
10054 0.04541016881498503
10159 0.008852545951067738
10175 0.0029817894707514113
10194 0.010721509469483548
10215 0.0009243800267681432
10238 0.009495427000936599
10243 0.005016543390378094
10405 0.008878566611483835
10599 0.005955431975735742
10731 0.01054437933227562
10739 0.007594732066617706
10742 0.003611276681626046
10769 0.005996390930176841
10776 0.005440230295132494
10823 0.2050295981275815
10835 0.024237728743226293
10893 0.001041666954895714
10919 0.005031401181044945
10952 0.037580829364125545
11154 0.004139958410482966
11231 0.008746310207781658
11255 0.004811646370660323
11262 0.015852277113594774
11295 0.01974916935264244
11324 0.008303573726168693
11467 0.017507534964813505
11492 0.07852197375098867
11585 0.001892090367291043
11657 0.0007170956506939604
11755 0.011846130995213486
11834 0.02724610128899102
11904 0.013795494323539758
12037 0.017507534964813505
12053 0.002140096321177498
12102 0.007030606642226233
12181 0.012635873061561054
12239 0.0033151149857327477
12306 0.015805279513046968
12353 0.025053886242750362
12415 0.003738744602262919
12422 0.01676683156245601
12448 0.07388773230912819
12457 0.08072918900441783
12497 0.003290095249991368
12679 0.02519870639444256
12762 0.003722780705583743
12873 0.006585160432384537
12959 0.0027125827533109013
13574 0.009752519477043765
13584 0.002226443414830727
13585 0.033277680963653154
13630 0.014246327471367854
13655 0.010028621647544748
13669 0.0012882317394321994
13690 0.00839956879814752
13746 0.0015011626054540507
13754 0.003933444518368619
13926 0.002939565884179746
14171 0.0023847791062574196
14283 0.003930907309502762
14298 0.0172307359930378
14323 0.002226443414830727
14389 0.0011364380099683428
14400 0.00595727645891278
14427 0.05161584288526527
14430 0.06811525322247755
14540 0.009539116425029678
14544 0.0034187744683630843
14572 0.011943496455448118
14629 0.006221743336690972
14704 0.0032363594701102917
14756 0.0019461500920707872
14781 0.008057996684359636
14828 0.005165137685116781
14945 0.018545390785409382
14954 0.0031713190819966674
14984 0.014777546461825638
15002 0.0014199922495891086
15012 0.0016279368179516838
15030 0.00839956879814752
15213 0.0047800177699984245
15274 0.018088697951197358
15305 0.05069042100277399
15514 0.03583041520676182
15814 0.03498135323503761
15815 0.04494202274472746
15816 0.0035241521473230097
15869 0.004006779601322208
15929 0.02158107032791368
15942 0.027766727428271104
16007 0.01742505001498711
16017 0.01758194984099234
16019 0.053163124466323944
16022 0.004728173759477834
16035 0.010632624893264789
16096 0.00873622486220153
16101 0.005588943854152004
16102 0.07159017531584697
16150 0.007826528197914835
16319 0.0029257558431131296
16330 0.0411261906248921
16399 0.02075893431542173
16403 0.0067840675851038
16415 0.051396856614267496
16423 0.011293720741550682
16433 0.0029730651211624195
16522 0.03353366312491202
16557 0.021028676731034
16793 0.0011244199654987267
16941 0.02018229725110446
16980 0.0013270551617164577
17007 0.005033921716210812
17049 0.007388773230912819
17054 0.019120071079993698
17068 0.055496733327766425
17083 0.003872954154485222
17095 0.030064663491300436
17108 0.08111061024827401
17205 0.005322803670620956
17218 0.008060476191488647
17224 0.005110640335566897
17226 0.006121497576516951
17248 0.0192892752488432
17273 0.0032876140318541204
17291 0.0036388783023694185
17303 0.014108013612422535
17312 0.0026340641729538147
17344 0.02693819537442677
17345 0.04920710355061956
17646 0.003072146727440848
17649 0.01370873020829737
17651 0.005617752843090932
17687 0.024218756701325353
17721 0.004134817196044408
17870 0.009818414878915683
17913 0.009158353374450763
17928 0.17337924764912174
17940 0.008988404548945492
17941 0.1085450813616608
17942 0.11022458406433269
18007 0.03583041520676182
18008 0.018709769125487396
18009 0.0017592317216459093
18013 0.050993896367388755
18015 0.04667673712928374
18033 0.02594866789427716
18064 0.0021039460454819322
18066 0.026744639302077076
18309 0.01685054663079513
18375 0.007982997341810625
18675 0.006529146890393768
18684 0.005315534192677331
18711 0.011372982330651671
18725 0.006176623876646806
18729 0.00771571009953728
18781 0.0441979972011553
18782 0.00877138069665707
18857 0.004827659143121332
18910 0.02462924410304273
19005 0.012349507666398196
19016 0.013315309570200242
19034 0.05623110734566111
19055 0.1362305064449551
19056 0.077695426658873
19095 0.02356419570939764
19117 0.015910679091025413
19223 0.015384000826093447
19224 0.05425898829131029
19226 0.06309407225751458
19263 0.0017606527488847187
19270 0.0034164390331023224
19271 0.004339962275777806
19272 0.03062682793607027
19273 0.03280473570041304
19303 0.001193368794480855
19310 0.011479106582570661
19367 0.015774905035607138
19377 0.004174810821602338
19378 0.021059788435935086
19387 0.011197798556455658
19403 0.0025257104323514273
19413 0.03573259185441446
19429 0.00976134409312989
19499 0.0016175792973055893
19518 0.0048330113151203585
19523 0.0037006589187084577
19546 0.003909754445057007
19547 0.0026057239726470787
19587 0.0028965954858727995
19597 0.014293036741765781
19616 0.0017290947793119663
19638 0.007732102797772544
19653 0.014727622318373525
19721 0.028945355029776212
19722 0.021906413096676198
19723 0.019636829757831365
19724 0.018550537047823674
19725 0.01736721301786573
19873 0.05168723433525206
19876 0.015349916219149872
19971 0.00877138069665707
20104 0.02122654403095038
20391 0.004747713500468299
20392 0.02519870639444256
20393 0.077695426658873
20396 0.027236404179309722
20401 0.05647308936629391
20410 0.004394532465966294
20435 0.010666279671377073
20440 0.004430260372193662
20552 0.03790761918468316
20556 0.011452739214245156
20611 0.011235505686181865
20617 0.05049880999488983
20645 0.013170320864769073
20671 0.0015174888019311133
20692 0.006664160704002118
20696 0.04637634261955918
20735 0.011595235079010918
20744 0.03765849761527008
20750 0.011200402932614468
20753 0.08831871174540576
20754 0.04036459450220892
20778 0.01529605686399496
20798 0.0423240408372676
20864 0.00943870272710094
20954 0.010464600003176254
20982 0.010161716098458189
21084 0.08582634340224342
21361 0.01090592407934751
21363 0.06613675318094213
21399 0.038243862863175826
21402 0.07852197375098867
21428 0.02331217222587467
21442 0.005279505270801766
21452 0.13654687279611363
21453 0.03947093867696756
21467 0.061815138360402797
21469 0.12301775887654891
21473 0.2170901627233216
21474 0.005622508930439805
21475 0.04403410309331882
21476 0.01406250389109214
21635 0.059048524260743473
21649 0.007594732066617706
21652 0.02714730111970212
21659 0.0012897562740350778
21971 0.003784180734582086
22095 0.0064883975016593
22106 0.007401919659659039
22107 0.009392854699527326
22109 0.01257818864790248
22116 0.006505739923763137
22118 0.017214044984008463
22120 0.007117710253223659
22122 0.010555139936566288
22124 0.032091589272143194
22254 0.003995761875562386
22339 0.007198615812504727
22357 0.06837263934659542
22371 0.000510644981403135
22459 0.007410708366057163
22479 0.018164067525994015
22600 0.001805177679033073
22753 0.033793614001849326
22779 0.010574592453571539
22888 0.006213018125078227
22893 0.006176623876646806
22961 0.010454139583305906
23089 0.039264551404891046
23103 0.0059635789415028225
23205 0.034598223859036215
23286 0.04953836597998367
23523 0.0019297814104641715
23551 0.011336605300296919
23603 0.040842144988123275
23606 0.008655289004105596
23890 0.01887740545420188
23908 0.005042341111312964
23914 0.009952913712873431
24122 0.009500232747897082
24405 0.008842548085676598
24537 0.003710107409564735
24543 0.04588817059198488
24576 0.008481276665833782
24702 0.011120857668975926
24771 0.002141922673416406
24777 0.006555120366423565
24814 0.015189464133235412
24829 0.07593251721859347
24889 0.0013839289543614486
24935 0.001287851168755853
24963 0.015404156205789976
24979 0.0011041986337990283
24992 0.0107109980497262
25104 0.005676271101873129
25125 0.0037006589187084577
25127 0.003054923760503548
25185 0.008554897087950087
25238 0.0009173771477774754
25308 0.002347667154132613
25417 0.033068376590471064
25473 0.0007365055256358445
25485 0.003072146727440848
25727 0.002798059182438102
25738 0.013454864834069638
25743 0.0055436264849522635
25801 0.001299366976524162
25827 0.006755060301141357
25830 0.011594085654889796
25838 0.00488165709827575
25899 0.0030506481499220175
25920 0.003048514829537457
26056 0.04359376206238563
26263 0.033706904486898774
26497 0.0032556954490205853
26645 0.0034057626611238775
26662 0.003895778557853944
26821 0.030273445876656688
26827 0.0010605607902806533
26958 0.024218756701325353
26986 0.0028436896322495517
27179 0.053163124466323944
27180 0.4574320238669807
27225 0.005541340489934635
27350 0.0012019234094950548
27353 0.005179695110591533
27535 0.0031760178711673554
27824 0.025277621686962105
27977 0.0023337131725045842
27991 0.011293720741550682
28044 0.013979290781426013
28091 0.004914158144203019
28199 0.005091997111513897
28200 0.005559883454116346
28201 0.002051471155876971
28202 0.0054454387492207015
28203 0.005824639809074268
28204 0.005842589392461245
28206 0.0018043775688073524
28207 0.0060315596750382
28223 0.014435020550458819
28258 0.004292649640423413
28346 0.02642046185599129
28384 0.0033303103179820955
28397 0.03573259185441446
28455 0.007854731903132546
28506 0.0078106513572412
28606 0.0013974684120025935
28648 0.007926138556797387
29425 0.0011907610505978046
29926 0.0017230735993037799
30172 0.011734603390449816
30206 0.05189733578855432
30433 0.014482977429363999
30989 0.006420288963532494
31461 0.04036459450220892
31491 0.1864506136847455
31574 0.0048303276015520666
31605 0.0022196416528709587
31762 0.023952616517794307
31891 0.07538228158657467
31916 0.003632813505198803
31932 0.016549474288324966
31994 0.06343143206675186
32111 0.0035791266061071946
32158 0.0028481526157040677
32216 0.32091589272143195
32219 0.006919644771807243
32258 0.0024741068139832933
32260 0.019636829757831365
32291 0.0172307359930378
32328 0.013759037264008551
32461 0.005883098793844215
32542 0.006157311025760682
32593 0.000677978396127139
32865 0.0038323289369641403
32880 0.0025227871563880573
33073 0.007649980865583084
33075 0.005137995278736244
33078 0.009623960699764844
33084 0.0012990259649054794
33192 0.005931124090120494
33759 0.002347536998512958
33813 0.019603872533467334
33917 0.0354420829775493
34076 0.00771571009953728
34103 0.04403410309331882
34163 0.004248904684443044
34476 0.005348927860415415
34533 0.021796881031192816
34652 0.018342940774439983
34681 0.005245959866803792
34685 0.017578129863865175
34727 0.1805638340813023
34741 0.0034958911036395857
34846 0.015805279513046968
35011 0.004200947941145666
35012 0.005474264459635248
35016 0.004514413169781612
35018 0.004573150887604049
35019 0.003901197427374701
35057 0.019992129256804998
35303 0.003798798524237228
35307 0.004380454322013611
35308 0.0061060233747300295
35319 0.003670345864044224
35323 0.004326533137510513
35324 0.004222577535808315
35327 0.004398727969364085
35331 0.002030450026194021
35347 0.0041373685720812415
35348 0.004684403726236362
35349 0.005990269377104816
35350 0.004116600966309501
35351 0.004648026154025777
35353 0.005891000283336119
35355 0.004590214883453317
35356 0.004303828298888008
35357 0.004116600966309501
35359 0.0040466368051496355
35360 0.00398760968805669
35361 0.0042517658597885566
35365 0.003940771773941769
35366 0.005872752476573074
35367 0.0058365939184823225
35370 0.004316412592159611
35371 0.0054454387492207015
35374 0.004186650897670411
35375 0.005598189737756912
35376 0.004227652715961004
35377 0.004225699989533309
35378 0.005360754734741774
35379 0.004217751732910249
35381 0.004604532459509005
35382 0.0039428768870688755
35388 0.004459858327850716
35390 0.004066702772778477
35391 0.004616050989739171
35392 0.005350668648693342
35394 0.004575986071043357
35395 0.00463053044704701
35397 0.004293813573352493
35485 0.005415374169240451
35690 0.0045338240372192464
35777 0.04266511868550829
35793 0.07852197375098867
35810 0.007314389607782824
35863 0.007826528197914835
35949 0.010479269726535009
35950 0.020887307025889527
36060 0.012481092056397835
36061 0.038240142159987396
36062 0.01054437933227562
36064 0.011092560321217719
36065 0.023437506485153567
36067 0.007851135742601741
36227 0.05478227830742284
36393 0.0059635789415028225
36457 0.004430260372193662
36487 0.004480345535702532
36494 0.008102929751372794
36517 0.00659512285361356
36532 0.011594085654889796
36540 0.018224317561362554
36686 0.010475745264163868
36688 0.030374755278160224
36709 0.010021554497100146
36838 0.025145309511764427
36865 0.012245438781568998
36866 0.06542613118834784
36940 0.10379467157710864
36970 0.009752519477043765
37080 0.0029756834172276884
37094 0.0029615327488033715
37194 0.0683431993758605
37247 0.013091219838554245
37248 0.01937500536106028
37333 0.0032054236810577673
37388 0.01249104930154316
38289 0.0038715596858246567
38535 0.011293720741550682
39300 0.014108013612422535
39344 0.007826528197914835
40112 0.036943866154564096
40260 0.012413788614495592
41459 0.09343120927332829
42878 0.006772626861293819
44693 0.01163949170144989
44694 0.09275268523911837
44695 0.06605115463997824
45014 0.014827810225301235
45289 0.009796351025255199
45296 0.014478388511283465
45298 0.07146518370882891
45299 0.36594561909358453
45300 0.050107772485500725
45301 0.06100054159167714
45347 0.007753220097261486
46472 0.004536291577771658
46507 0.008201311932127394
46508 0.0026026126604409335
46509 0.014827618277697916
46528 0.0022072790917663614
46531 0.020057243295089497
46630 0.025345210501386994
46671 0.018592104616103108
46672 0.02075893431542173
46681 0.0354420829775493
46717 0.01597965416120938
46748 0.02369648031650867
46800 0.010067843432421624
46804 0.026173991250329553
46877 0.015349916219149872
46973 0.0127840944464474
46979 0.05518197729415903
47015 0.007691360072428699
47076 0.006924076484608756
47096 0.0031521158396518893
47156 0.016388632354280314
47342 0.0023421524114977093
47350 0.021792186871881312
47351 0.018164067525994015
47394 0.06390742442203397
47679 0.14219401933902556
47864 0.013052024569576538
47876 0.032291675601767135
47886 0.009082033762997007
47904 0.007516165872825109
47933 0.011976308258897153
47934 0.017437504824954254
48252 0.013454864834069638
48302 0.0010671667579531367
48362 0.0385785504976864
48363 0.02724610128899102
48365 0.018471933077282048
48367 0.01529605686399496
48382 0.017095592965641424
48383 0.011846130995213486
48386 0.021059788435935086
48656 0.006420288963532494
48747 0.0040327254451790594
48803 0.002468502948039957
48912 0.02408495141568267
49050 0.004124291585845377
49275 0.00846480816745352
49297 0.014199922495891085
49303 0.09275268523911837
50053 0.009581046607117722
50117 0.011943496455448118
50257 0.0703125194554607
50281 0.0011362477728745282
50301 0.0019229714187201426
50555 0.012384591494995918
50562 0.0008734619512449507
50625 0.011008525773329706
50672 0.0017055462465722078
50703 0.006708858748125077
50773 0.007181838890014108
50887 0.2830309256673019
50939 0.00595727645891278
51261 0.02108875866455124
51454 0.0031160659086766
51854 0.0029356068728879216
51928 0.0029817894707514113
52015 0.05252260489444052
52145 0.00931633449830918
52187 0.010555390329875456
52388 0.007274653747515599
52485 0.012846358072059019
52602 0.002058251277733033
52603 0.013795494323539758
52643 0.08389318434634924
52682 0.02636094833068905
52705 0.02136949120705178
52765 0.0031475640478256773
52768 0.013546361438245887
52966 0.0034352846384858656
53163 0.023692261990426972
53208 0.013454864834069638
53209 0.013052024569576538
53235 0.0033533663124912026
53257 0.003515625972773035
53315 0.003272804959638561
53599 0.0025523279896010323
53683 0.004342008173544386
53711 0.005899020576777488
53742 0.0022400805865228934
53749 0.008896686135180742
53889 0.09275268523911837
53919 0.00802831713856089
53938 0.009952913712873431
53943 0.14997771274327237
53988 0.0036912584303459466
54024 0.036027902530897216
54081 0.003065665405231057
54154 0.012746714053329132
54187 0.005750245428874678
54210 0.003657194803891412
54263 0.0037355408793818025
54300 0.003794061102035303
54413 0.0038206627574395823
54430 0.0039921027529657175
54511 0.003348215212164795
54568 0.007099961247945543
54618 0.009375002594061427
54621 0.0033176379042911437
54680 0.0036726000052557397
54738 0.003078655512880341
54749 0.010737379818321584
54823 0.023437506485153567
54851 0.0036726000052557397
54903 0.0029981954650884204
55029 0.04316214065582736
55046 0.0043989669084142915
55080 0.006743047745774775
55082 0.0035732591854414453
55100 0.14997771274327237
55103 0.010395866947313991
55117 0.005277695164937728
55201 0.004517488296620273
55204 0.04645136396298158
55317 0.11016515720287962
55355 0.029416850409452137
55593 0.061508879438274454
55606 0.0039775330348892
55629 0.08718752412477127
55700 0.0025825688425583906
55879 0.010454139583305906
55885 0.004332594304386523
55927 0.0011609523851500833
56339 0.010379467157710865
56503 0.0020657894017892344
56731 0.0004978161706336145
56750 0.011502311889811512
57047 0.004021564765902734
57049 0.004337687767401555
57242 0.00152266021873509
57291 0.028307637702847815
57293 0.022587441483101364
57319 0.0007017669359688607
57353 0.0096446376244216
57472 0.07763249894736796
57474 0.05252260489444052
57476 0.011772034342253483
57595 0.016902706607907943
57609 0.006963859754374702
57739 0.04953836597998367
57993 0.04403410309331882
58061 0.005948400830519905
58062 0.011064406614818688
58084 0.004470109139376656
58141 0.007680973360649592
58222 0.010044645636494385
58277 0.0018301327482109838
58387 0.012935834439877043
58388 0.03277690069393141
58514 0.001901996599580525
58518 0.1371546648474788
58540 0.013578538090308272
58871 0.009042544950017524
58995 0.03963069278398694
59100 0.01366575613240929
59385 0.0068651593799032495
59406 0.01138218330610591
59549 0.10251479906379075
59634 0.01887175846856521
59650 0.00968750268053014
59682 0.022587441483101364
59799 0.032532658255511666
59856 0.034057626611238775
59857 0.008774570875049735
59950 0.007688494190896937
59982 0.008133164563877917
59986 0.002732715858049957
60029 0.002439494239641054
60171 0.003570332683242067
60285 0.0039921027529657175
60414 0.03735593408545161
61174 0.018790414682062773
61257 0.013757354101262578
61335 0.02306548257269081
61459 0.00489267812147987
61678 0.011206622638145406
61686 0.003482543006219876
61704 0.006897747161769879
61766 0.013250383605588337
61964 0.028680106619990545
61999 0.004774782263130956
62018 0.004299187580116926
62124 0.005359484755324905
62224 0.0159101321395568
62358 0.001351744560073973
62516 0.0053293107655728155
62655 0.004093310991773299
62756 0.012349507666398196
62804 0.005161708444336187
62988 0.0022447869239127513
63170 0.03465394120204399
63301 0.005183562670913868
63374 0.009975689259127146
63382 0.0007547396478944881
63571 0.01147204264799622
63581 0.010330275370233562
63634 0.0017393639850927516
63696 0.035891351975434825
63700 0.004753954423379022
63725 0.0024203412381282384
63789 0.004969646809577128
63800 0.0034434251234111875
63822 0.047384523980853945
63831 0.008892850039268596
63901 0.026581562233161972
63916 0.003692152400883494
63939 0.030064663491300436
64027 0.0025964122729235043
64084 0.005110640335566897
64136 0.0048223188122108
64289 0.047384523980853945
64307 0.014980674248242485
64476 0.006287108630828735
64477 0.00792810476110949
64649 0.001057074734781417
64732 0.055496733327766425
64801 0.08547796482820712
64824 0.00877138069665707
65152 0.0028197776236989413
65162 0.027590988647079515
65184 0.008572359869722717
65301 0.012935834439877043
65338 0.00851667585982784
65459 0.009709078410330875
65553 0.017658051513380225
65608 0.002669550646808673
65627 0.01256304382201315
65917 0.0388477133294365
65982 0.008582634340224342
66013 0.02140484538878046
66044 0.028492654942735708
66079 0.01458708603279236
66129 0.001224057302254218
66174 0.0023944283540546724
66222 0.07377935868822269
66277 0.0035938798072865322
66310 0.0067482603811742465
66331 0.01138218330610591
66412 0.010836202978070109
66425 0.010569819431694183
66428 0.0012966837384817593
66495 0.0385785504976864
66499 0.007802394854749402
66531 0.01397235963538001
66535 0.005743578664345933
66641 0.023677684442984404
66646 0.013770644650359952
66664 0.07166083041352364
66772 0.22944085295992436
66785 0.022128813229637376
66888 0.017454286676086082
66923 0.014777546461825638
67135 0.007265432391223508
67200 0.009560035539996849
67243 0.06605115463997824
67278 0.1387033981192974
67582 0.003861272104728577
67611 0.0018750005188122852
67817 0.06362987528097358
67828 0.004572034221559028
67836 0.10898440515596408
67874 0.06506531651102333
67890 0.02394932062130789
67908 0.001567437998002322
67931 0.014614441657092036
68019 0.18002598859982769
68088 0.03790761918468316
68205 0.1085450813616608
68312 0.030273445876656688
68386 0.0033218116708339037
68497 0.009818414878915683
68530 0.027590988647079515
68612 0.06706732624982405
68829 0.004550636421236791
68832 0.004416794535196113
68845 0.0385785504976864
68917 0.015539085331774598
69034 0.010898440515596408
69187 0.0035644940361721695
69239 0.00412819716499864
69453 0.01313065122361013
69489 0.006625191802794169
69584 0.00996105214283892
69618 0.06613675318094213
69625 0.004059009503015422
69908 0.005676271101873129
69929 0.0023337131725045842
69973 0.008804583240806537
70004 0.008101834002295409
70052 0.007444713054399244
70128 0.007353278311003262
70203 0.0030917561746372792
70207 0.020276168401109598
70213 0.0081789422255883
70225 0.04500649714995692
70227 0.03515625972773035
70263 0.008154495732703975
70307 0.0068259546318551875
70377 0.00818382845116694
70452 0.0010328947008946172
70493 0.008084947794685177
70499 0.07516165872825109
70559 0.002714431012601845
70662 0.01515619205871239
70781 0.022478232131055563
70782 0.014684816175504998
70840 0.02201705154665941
70972 0.0034598223859036215
71155 0.0028850934521764153
71221 0.0002645894759795195
71338 0.003703803063924013
71370 0.0029237935655523563
71502 0.016831568363855458
71520 0.060546891753313375
71521 0.14997771274327237
71522 0.013323222983019736
71548 0.0027490001983586348
71688 0.01786629592720723
71743 0.004406606288115185
71787 0.0010790061006140507
71799 0.0036388783023694185
71930 0.012245438781568998
71938 0.007812502161717855
71939 0.032091589272143194
71962 0.06308603019310201
71989 0.01009114862555223
72064 0.0034543393076375303
72087 0.012563713597762446
72175 0.15032331745650218
72367 0.02519870639444256
72378 0.0032387638976512354
72382 0.002945524463674705
72576 0.006046874077992158
72655 0.004093310991773299
72667 0.02571799837140395
72710 0.017368032694177544
72711 0.01114929976020093
72754 0.004359376206238563
72911 0.008622740108169316
73031 0.05736021323998109
73309 0.02408495141568267
73585 0.0055099337176627685
73596 0.007594732066617706
73702 0.08383415781228007
73746 0.06706732624982405
73790 0.008060476191488647
73852 0.008460033339597123
73854 0.008871472995904968
74067 0.024218756701325353
74129 0.004480345535702532
74145 0.038243862863175826
74193 0.007529147161033788
74248 0.037580829364125545
74250 0.007594732066617706
74269 0.02519134994059022
74386 0.009673742506674882
74399 0.031589682653902634
74425 0.002915970706514089
74445 0.03892300184141574
74549 0.003275269219461472
74595 0.0026500767211176677
74642 0.06919644771807243
74654 0.04403410309331882
74730 0.002153841999129725
75115 0.02318817130977959
75206 0.001152055022790318
75271 0.0411261906248921
75274 0.007037415751799703
75338 0.022241715337951853
75383 0.014579853532570445
75466 0.0028717893321729667
75625 0.0038363126468778245
75656 0.036027902530897216
75657 0.029858741138620293
75838 0.0014898756685709376
75969 0.003400449458844433
76182 0.0007135989861251536
76199 0.0075552447248501955
76654 0.0014032443978313565
76922 0.006373357026664566
77092 0.003277726470856063
77222 0.0013601797835377733
77260 0.03632813505198803
77261 0.013331425707151569
77276 0.06706732624982405
77297 0.0411261906248921
77439 0.0096446376244216
77470 0.014293036741765781
77524 0.38119335322248393
77945 0.06362987528097358
78068 0.0172307359930378
78761 0.005033416613770817
78827 0.0046597635938086706
78911 0.018218484866807893
79732 0.01847736209404495
79750 0.00876306559132147
79769 0.009470642316086556
79770 0.046875012970307134
79900 0.0066657128535757846
79918 0.00033879856479358003
79922 0.028945355029776212
80171 0.010021554497100146
80176 0.02018229725110446
80318 0.022299291639253576
80538 0.0018378483162894447
80550 0.015569200736566298
80555 0.05588943854152004
80556 0.03892300184141574
80738 0.003188365240860879
81059 0.06710059575084486
81209 0.1190494440740796
81218 0.06506531651102333
81266 0.10395866947313992
81312 0.040741833703164136
81336 0.002244352065304824
81344 0.048437513402650706
81345 0.048242258382960354
81353 0.037580829364125545
81363 0.03927365951566273
81366 0.03277726470856063
81367 0.033277680963653154
81639 0.022128813229637376
81671 0.0031890096607451084
81690 0.05252260489444052
81737 0.006004650421816203
81909 0.0006208314856247736
82195 0.010021554497100146
82209 0.009975689259127146
82222 0.014153818851423907
82275 0.0385785504976864
82284 0.012935834439877043
82332 0.004948213627966587
82396 0.002052437008586894
82417 0.07648028431997479
82441 0.014249161259831921
82475 0.01562500432343571
82507 0.013372319651038538
82563 0.005867262727104392
82718 0.0018986830166544265
82933 0.08072918900441783
83023 0.00835129541425012
83190 0.0019044893867359385
83353 0.010817310685455491
83519 0.025364486366298743
84043 0.018552332017826193
84447 0.004811673516819606
84670 0.005983465588833539
84702 0.0004942603408433745
84833 0.02408495141568267
84907 0.060546891753313375
84910 0.003827371559471961
84987 0.010305853915457595
85052 0.0015754142590284552
85125 0.012935834439877043
85204 0.011252940316530891
85335 0.006972014950836037
85372 0.0127840944464474
85445 0.0020992791617158515
85485 0.014435020550458819
85600 0.02173073747586607
85775 0.0081789422255883
85803 0.012211137832601018
85815 0.0061141321265618
86183 0.06605115463997824
86217 0.02741746041659474
86435 0.01011941134138843
86503 0.007388773230912819
86589 0.008649555964759054
86621 0.00020430106880863074
86640 0.010055947592088466
87221 0.003981165485149373
87230 0.009752519477043765
87253 0.004457439883679513
87716 0.01981534639199347
88149 0.00742653527468239
88164 0.009101190545737282
88172 0.004248904684443044
88244 0.029062508041590423
88319 0.008367324772050985
88441 0.007181838890014108
88666 0.06625958508883635
88708 0.0046893681909739105
88754 0.053347460815114385
88761 0.13654687279611363
89248 0.02577081824602708
89352 0.0016098139609448166
89487 0.06227680294626519
89640 0.0049821442357012155
89657 0.00835874299704257
89658 0.008210306487867558
89737 0.041917078906140035
89749 0.018009134797912624
89853 0.009602150234005647
89983 0.0026679168948828412
90247 0.009354962652209042
90334 0.16775148937711215
90564 0.02294408529599244
90691 0.07236338757444052
90794 0.0034218023596849006
90842 0.0017409649385936754
90857 0.0019435471271683296
91127 0.0163297910013118
91142 0.010491560180435337
91248 0.01636765690233388
91302 0.0022622606155882526
91402 0.09112426583448066
91476 0.007926138556797387
91515 0.008272061112407142
91526 0.03860185855417559
91560 0.01736721301786573
91587 0.08387574468855608
91719 0.016831568363855458
91737 0.003217251812722187
91789 0.013411033152149527
91833 0.13926538740741384
91893 0.011464461751052148
91921 0.002538949450342786
92017 0.0027873249400502324
92092 0.007295566568851367
92132 0.016725119702631835
92149 0.03632813505198803
92172 0.051286778896924276
92173 0.05189733578855432
92208 0.04151786863084346
92221 0.021475469246669623
92233 0.05069042100277399
92237 0.04403410309331882
92246 0.041917078906140035
92248 0.0423240408372676
92249 0.03999427712145471
92256 0.08683606508932865
92259 0.03632813505198803
92260 0.0626671979454657
92261 0.06410847362115533
92263 0.07388773230912819
92284 0.020909534086665536
92306 0.20983327247748249
92570 0.026064502784443347
92804 0.04407946974130215
93012 0.03927365951566273
93049 0.020002887622203074
93075 0.005761955919276296
93455 0.012903960721316318
93496 0.0027706702449673175
93694 0.053819459336278554
93734 0.004067586668015141
93932 0.02408495141568267
93933 0.02136949120705178
93968 0.005820261957594878
94054 0.07265627010397606
94057 0.07784600368283148
94492 0.005033921716210812
94617 0.015473931934157095
95128 0.008581449224879061
95365 0.010305853915457595
95589 0.060249157444029616
95641 0.0034598223859036215
95665 0.0053819459336278555
95788 0.007941528192135082
95953 0.014167112346627512
95965 0.01895380959234158
96043 0.037259625694346696
96206 0.012635873061561054
96233 0.06461338421706402
96235 0.0061389754706540995
96392 0.09226331915741168
96724 0.09687502680530141
96810 0.0030168693468778985
96820 0.05469000743808675
96851 0.12949237776478834
96854 0.09512837488524765
96858 0.046715604636664146
96864 0.029257558431131297
96865 0.0703125194554607
96907 0.05971748227724059
97059 0.004403410309331882
97167 0.028500437624110947
97192 0.050107772485500725
97220 0.07516165872825109
97413 0.00036859526559893156
97455 0.06919644771807243
97469 0.007672625293755649
97472 0.00032933264381948806
97519 0.0005710474464551432
97572 0.003936568284049565
97621 0.01596841101186287
98076 0.055496733327766425
98103 0.002792681746469291
98226 0.016450476249956842
98273 0.122385351281733
98397 0.0018339824174331356
98445 0.005981414532085037
99290 0.06215020456158183
99468 0.08389318434634924
99766 0.04541016881498503
99841 0.0096446376244216
100246 0.054751341362880554
100266 0.01824006780852955
100269 0.02444061434633422
100392 0.05449220257798204
100394 0.05940675634636113
100508 0.04528261062940451
100712 0.0318202642791136
101034 0.0019997138560727355
101178 0.0011600256003828002
101245 0.012384591494995918
101457 0.022180713984962273
101895 0.037259625694346696
101996 0.010737379818321584
102220 0.0589104892734941
102299 0.027541289300719904
102618 0.012279932975319896
102638 0.007764861124315389
102740 0.004368112431100765
102784 0.004937005896079914
102819 0.09974412881882343
102844 0.1506339904610803
102858 0.0820118392510326
103328 0.10111048674784842
103426 0.03663341349780305
103469 0.0023488018352578466
103488 0.028492654942735708
103545 0.0267423004086049
103621 0.017299111929518107
104103 0.005668889735030641
104127 0.0030592113727989914
104217 0.07375957456784231
104258 0.0034930899088450023
104301 0.05252260489444052
104368 0.030093972346883716
104513 0.028680106619990545
104523 0.06919644771807243
104584 0.009263454028601015
104611 0.04920710355061956
104706 0.06100054159167714
104749 0.06710059575084486
104858 0.026744639302077076
104885 0.07455621750093873
104956 0.08022897318035799
105379 0.00817400547779149
105382 0.005939204640651993
105593 0.029135797698533805
105712 0.015349916219149872
105922 0.015458780873186395
105959 0.009044348975598679
105960 0.01995705534582815
106092 0.04556213291724033
106152 0.0025495908575450554
106164 0.011976308258897153
106167 0.06605115463997824
106227 0.0411261906248921
106373 0.0054766032741690495
106526 0.06506531651102333
106735 0.0008336419169406973
107128 0.0066796973145637414
107202 0.008632428131165472
107230 0.03515625972773035
107236 0.03663341349780305
107346 0.00919699621569317
107444 0.09585799392977837
107645 0.006084967462978512
107786 0.015349916219149872
107854 0.007404095985015876
107858 0.13180474165344527
107923 0.15704394750197734
108033 0.023692261990426972
108128 0.017649296381532644
108540 0.03487500964990851
108554 0.13926538740741384
108561 0.014929370569310147
108569 0.001323429327941276
108574 0.0703125194554607
108698 0.1210010743048022
108703 0.012859516832562133
108767 0.0192892752488432
108964 0.025643389448462138
109001 0.028945355029776212
109478 0.0031843507715402218
109944 0.016638840481826577
110540 0.02940663558801966
110718 0.0038341039632705043
110917 0.02794471927076002
111534 0.09112426583448066
111795 0.01839399243138634
112000 0.05026725536999788
112072 0.000411339517478634
112107 0.09082033762997006
112120 0.01468073558949817
112177 0.019725684191124724
112262 0.007451925138869339
112574 0.01962783935650435
112876 0.005134718735263325
112925 0.007425619248081423
112955 0.00462778790471185
112984 0.012667618649356397
113276 0.03128619486810793
113294 0.011323055081139125
113387 0.014678034364439606
113475 0.011064406614818688
113620 0.027766727428271104
113693 0.0092555758094237
113695 0.02794471927076002
113720 0.01509676646425679
113741 0.002574941645740439
113868 0.0052713134295508625
113930 0.002834510573192371
114033 0.008062028027726468
114041 0.04359376206238563
114045 0.0034129773159275937
114072 0.010871262359697166
114073 0.00841646833248164
114074 0.008057996684359636
114082 0.1210010743048022
114110 0.018629812847173348
114148 0.009197838071571447
114158 0.1640236785020652
114159 0.14472677514888105
114172 0.01074175783486501
114290 0.07705744339960967
114297 0.011427539721778388
114322 0.030700135829998705
114403 0.0005685917015127169
114515 0.02318817130977959
114568 0.00011049823091956209
114624 0.047905233035588614
114660 0.014967992602801879
114793 0.0163805237366179
114981 0.02881649545414766
114987 0.0030200759134995643
115004 0.06710059575084486
115201 0.019997138560727355
115296 0.0836435407876621
115349 0.1054437933227562
115350 0.022241715337951853
115361 0.040741833703164136
115658 0.036005197719965534
115744 0.056344011699182704
115880 0.004541126366116585
116503 0.005820261957594878
116585 0.0055112214996694865
116590 0.010479269726535009
116652 0.13180474165344527
116662 0.016366083143720237
116818 0.13420119150168972
116847 0.04276511859820317
116854 0.16512309299916358
116922 0.0025301080709451904
116972 0.07955339545512707
117348 0.0013958937580014611
117472 0.06474618888239417
117640 0.003233215158486514
117655 0.004325469795820085
117999 0.009998569280363677
118101 0.01192782330813509
118387 0.014430032298642925
118423 0.039053256786206
118452 0.03426457107617833
118560 0.0026245491909925125
118756 0.04316214065582736
118795 0.01529605686399496
119151 0.03136241874991772
119322 0.008340187042477892
119338 0.09837247825096358
119478 0.005938105818658837
119677 0.014001015960898124
119782 0.0029415493969221075
120004 0.002714431012601845
120031 0.010224312766686368
120083 0.005625001556436856
120115 0.006401617981433595
120121 0.005735093653918364
120294 0.036027902530897216
120332 0.10395866947313992
120350 0.0007471081758763604
120359 0.007843852850789515
120437 0.058125016083180846
120591 0.0385785504976864
120656 0.0037776223624250978
120663 0.0047253940669609055
120724 0.005610522787951819
120747 0.039053256786206
120755 0.041466660295465925
120795 0.03195266464325946
120954 0.04170093521238946
120992 0.0354420829775493
121073 0.008670367032867412
121131 0.04012561612868252
121136 0.0033226952791452465
121162 0.007083556173313756
121315 0.009314906423586674
121337 0.008022897318035798
121454 0.002929688310644196
121506 0.02164535346801447
121512 0.045411523180260566
121554 0.02444061434633422
121556 0.023357802318332073
121617 0.028680106619990545
121629 0.03999427712145471
121694 0.010384381926605691
121713 0.010111048674784842
121764 0.008482864688383331
121924 0.004489573847825503
121937 0.006832878066204645
121940 0.0012255379072122726
121941 0.0009098107036799829
121942 0.0010488588404164465
121943 0.03746733772889815
121973 0.021906413096676198
121979 0.008999621477153517
122013 0.01895380959234158
122238 0.03048514829537457
122285 0.012624823447815335
122672 0.011532741286345405
122774 0.0014197087002486889
122783 0.004731452264482651
123055 0.007334314343727947
123132 0.0037334676442048226
123170 0.0159101321395568
123193 0.008666751901070701
123339 0.02420021486096044
123770 0.03353366312491202
123788 0.029062508041590423
124165 0.02056309531244605
124377 0.01887175846856521
124463 0.01937500536106028
124516 0.1178209785469882
124766 0.016010988140114826
124873 0.004593652482864661
125009 0.04840550517110907
125087 0.0035012018665670167
125134 0.0228239591949663
125216 0.006297837485147555
125286 0.0056473339958629945
125372 0.07388773230912819
125454 0.04235481702472044
125533 0.039260986875494334
126102 0.006059988121997483
126272 0.009158353374450763
126376 0.0093241979894443
126691 0.1325889924252118
126692 0.007547101771567418
126707 0.006667629207401025
127060 0.007366332866859215
127132 0.009996064628402499
127187 0.03583041520676182
127189 0.006514620946683967
127198 0.011078546175662733
127201 0.006898192086535453
127239 0.018087619807182636
127338 0.0022847883680495616
127387 0.005886017171126742
127725 0.04528261062940451
128033 0.047384523980853945
128088 0.03999427712145471
128131 0.06410847362115533
128134 0.1118343262514081
128796 0.10724489545306501
128814 0.00792810476110949
128824 0.04637634261955918
128890 0.0027314387257133853
128953 0.004342008173544386
129365 0.008362343134202014
129377 0.1362305064449551
129394 0.122385351281733
129465 0.007623867064449678
129490 0.007229479612335926
129522 0.0017641170010977377
130030 0.004503487816362152
130046 0.02136949120705178
130047 0.053163124466323944
130048 0.014482977429363999
130364 0.0006079454355154382
130575 0.0008346498575988059
130696 0.017095592965641424
130799 0.040555305124137006
131249 0.06018794469376743
131554 0.00839956879814752
