18 0.011648935493795526
24 0.0013990665843884775
38 0.014983728792019342
40 0.005984516956903811
60 0.003080988201328139
149 0.000811393255885524
153 0.009251454823159644
161 0.005537464988354975
164 0.005403291462341983
173 0.013102098905417487
178 0.0653460891960911
184 0.01202859474783787
195 0.006715027841766138
234 0.023583778029751475
281 0.003775544310242028
300 0.019844364510469385
338 0.0057629726123151325
341 0.0020454233629362594
365 0.010554836580013625
373 0.03056680673571946
388 0.014767006501133523
392 0.0025220137570725627
393 0.0008992353123005254
399 0.0129520367524235
409 0.006551792815249623
411 0.0012176070242080727
440 0.007070232601544283
449 0.05458358345664189
451 0.002479461935084317
452 0.0017095529494250258
465 0.003442928595217147
493 0.005617112437368924
522 0.0009303264772254523
526 0.001777549125473177
541 0.008723403748778384
542 0.0033470023591351075
558 0.004038954378398449
561 0.006949447270473404
562 0.0077502045475962116
573 0.014752319853146458
586 0.004108441765553691
603 0.004090846725872519
621 0.007628847677373843
629 0.001901867019395188
634 0.003691643325569983
676 0.0045432233554874345
689 0.02065324779440504
695 0.0013872810605736162
748 0.0026831817710427897
752 0.027765076525377765
762 0.006859696305143505
769 0.00034301560660426726
778 0.0008509690071191386
779 0.008306197482532461
788 0.008476199291876851
798 0.003980052960380138
810 0.0035623694000071694
817 0.0016764550554287062
843 0.09545814916804168
851 0.006235317726566009
869 0.022085843017138337
870 0.013042868609703667
873 0.0015691379227782065
880 0.005951481062250673
884 0.002772750973849733
895 0.00412618881421699
897 0.0024508344079313227
926 0.003032421303146772
940 0.019009208168979764
954 0.006542552811583788
974 0.05027435318374911
976 0.01296966546068436
992 0.01010807101048924
1033 0.0012433618099462844
1034 0.0016114933960206378
1037 0.0020323674691302834
1040 0.0008607458531121723
1043 0.0006484811340741568
1044 0.0030923818501018257
1056 0.002043235744366274
1073 0.0658767386545678
1074 0.0007039150408925816
1082 0.012053157230173289
1116 0.021004100098743567
1130 0.00335194965306374
1186 0.006142847012805357
1191 0.0015150082640622254
1192 0.005411970031111803
1195 0.003709563924237798
1201 0.0031162152362297782
1204 0.006967274016044146
1216 0.017211039828670865
1231 0.0003567887610388395
1232 0.003951901545762381
1256 0.009229108313924957
1274 0.0013420621151966745
1374 0.006208903677860062
1375 0.009722266773447666
1402 0.004076410101079407
1410 0.02221424908119147
1459 0.014527949969448412
1508 0.0044532061095162384
1526 0.013894003061690663
1585 0.010054870636749822
1588 0.006222884107434744
1612 0.024749179857456116
1690 0.005094467789286576
1691 0.02221424908119147
1696 0.003274079556096772
1709 0.03836595468954786
1735 0.0074335619493481175
1746 0.017607607566658676
1758 0.0028102792486590007
1819 0.0008848658735444494
1849 0.016121733510400558
1859 0.0055091690748405465
1861 0.004317345584141167
1884 0.013823211176096195
1893 0.015406656620826341
1912 0.004434038951619615
1914 0.014695580161403588
1917 0.01329765262042372
1920 0.0032490228248001126
1939 0.012568588295937277
1958 0.012968843816266326
1966 0.003805628328650331
1981 0.012015254220015512
2026 0.012417011190811936
2030 0.0036528210726242184
2034 0.002540459336412854
2035 0.003709563924237798
2073 0.0026188148334235317
2075 0.009861681143922286
2080 0.0056424861600334174
2085 0.0011086997138668414
2093 0.0022073084009040624
2097 0.002774764591114693
2099 0.004893542231779893
2100 0.003066493452620331
2108 0.014256906126734822
2129 0.03450880852617534
2161 0.011543356018020944
2167 0.007892209183184548
2172 0.007718890589828146
2179 0.008803803783329338
2183 0.04898526720467862
2220 0.010793363960352917
2244 0.0359403490578501
2246 0.007318170622639161
2247 0.00446961233562737
2292 0.002910015873545265
2325 0.00945755158902211
2336 0.004393397062205712
2339 0.012137453715596658
2341 0.00619262697239049
2410 0.0044274053788701416
2414 0.012325325296661072
2421 0.0076723912489255666
2515 0.03547733392552959
2560 0.004203356261787605
2615 0.003584287844244777
2618 0.004521716972739565
2646 0.0018467137950531332
2689 0.021782029732030368
2695 0.009626879211924134
2726 0.003993372117538901
2735 0.0017026964536385617
2747 0.005074171104867108
2753 0.002084889373404967
2772 0.009206869498710682
2782 0.0022409682357565587
2785 0.005692047235092629
2825 0.014925198601425518
2855 0.006309351610633988
2876 0.004135119958836507
2939 0.0018812658010659443
2948 0.005505755600351506
2950 0.00241367709536635
2968 0.008124097801535463
3030 0.004043228404195696
3038 0.0023269493556424678
3045 0.006930410138388507
3046 0.002790979431676357
3060 0.013313069135766315
3062 0.0011335662923450183
3064 0.0011091003895398932
3094 0.016339919030217035
3156 0.0010257317696550153
3402 0.0012453881492714904
3411 0.004424940376479493
3445 0.0007876418969212394
3454 0.0038555507991573485
3458 0.006137454843822547
3475 0.003625095675488551
3484 0.0037286817466357456
3538 0.010029864853353518
3554 0.003013289307543322
3566 0.0058333600640685995
3567 0.004784298645653641
3576 0.003926876507672079
3586 0.008010169480010342
3601 0.004630825218620629
3618 0.014925198601425518
3667 0.007419127848475596
3672 0.007718890589828146
3742 0.015222513314601324
3807 0.03351623545583274
3886 0.005875806385479581
3895 0.00647601837621175
3912 0.0027971089619069785
3938 0.005935221709930053
3962 0.0009499877777138071
3970 0.009872999591640653
3972 0.004930130118664429
4011 0.0012091300132800419
4012 0.01278865156318262
4016 0.0012214996297841858
4026 0.00292859340444229
4044 0.0012903920438922434
4061 0.005066195652834882
4066 0.005366363542085579
4085 0.011204841178782792
4086 0.018194527818880632
4107 0.002640532717321999
4109 0.0010885614934373026
4141 0.014408157751476657
4164 0.002063094407108495
4205 0.020109741273499643
4214 0.001456672070897801
4217 0.0013858726303826378
4218 0.0011078141032081566
4244 0.002645871972971882
4255 0.0009921411197866248
4261 0.004171026969963262
4281 0.0128962868725051
4304 0.008478719305914834
4309 0.0030469304959847947
4315 0.06263689904860545
4318 0.0017963567663210778
4353 0.015344782497851133
4370 0.009750362448412786
4373 0.009673040106240335
4375 0.0013719392610287012
4381 0.009504604084489882
4387 0.01096485225493732
4395 0.014312528385869511
4398 0.006872033888426138
4416 0.009754847360237837
4418 0.011684559149739855
4421 0.0014780854320947513
4429 0.010279227529719397
4436 0.011792749512237445
4443 0.002541516491320286
4446 0.0012110462256624192
4460 0.056188982970072535
4481 0.053067372805068506
4491 0.05259563276758552
4567 0.010764164443282894
4579 0.0013121053715538919
4587 0.012864817649713577
4590 0.0010496842972431133
4605 0.004449286678413356
4668 0.0025286901667537606
4669 0.0009411205746891211
4678 0.002189599336369589
4701 0.003130997473688209
4737 0.012684829079241212
4739 0.0012349227026389568
4745 0.015513819737201485
4765 0.008703532669623992
4783 0.005427344945972916
4805 0.0029873736059147244
4809 0.004104028831326458
4819 0.02709823292173711
4874 0.001661962088718979
4882 0.008146803500991328
4891 0.009032744307245703
4916 0.03898827389760135
4935 0.004806101688006204
4962 0.0059887944231425275
4969 0.003925523562143822
4974 0.002930100338930163
5008 0.0007686282120227183
5025 0.004448021934767093
5066 0.0039148061905378406
5101 0.013995790629908177
5107 0.02014694605556659
5138 0.012015254220015512
5197 0.005226882136750934
5221 0.010916716691328378
5230 0.005458358345664189
5280 0.003775181040544022
5300 0.011369530457667872
5301 0.014867123898696235
5304 0.03745932198004836
5396 0.0009116774000018347
5466 0.04120549573511477
5519 0.003224346702080112
5544 0.009998860634332331
5570 0.0031383501096342477
5624 0.005728412056918939
5633 0.004484566715921282
5691 0.010734249705643241
5710 0.027889422204123594
5722 0.004307610870309958
5739 0.019104254209824662
5744 0.004917439951048819
5782 0.01660778655530256
5788 0.008369033415799507
5792 0.040713345490700714
5795 0.03210799026861288
5809 0.0037721649156927223
5821 0.013648233819436749
5827 0.004800063871815242
5829 0.04029389211113318
5855 0.033127007821626045
5863 0.020734816764144293
5878 0.0059887944231425275
5919 0.01504271985025564
5952 0.006132986905240662
5992 0.0009217975493280899
5993 0.011042921508569168
6002 0.006656534567883158
6003 0.011940158881140415
6080 0.009078190671386429
6104 0.01990026480190069
6139 0.0059134029528455385
6151 0.02418260026560084
6183 0.013220937169428832
6185 0.05027435318374911
6206 0.0298084926770093
6212 0.000904557490995486
6214 0.005998195984246362
6247 0.024363383708595313
6322 0.006835153563443529
6412 0.012651823980016333
6438 0.0018479276082004673
6443 0.0036364602756678013
6465 0.026533686402534253
6485 0.005216971067088811
6542 0.02034359380633025
6569 0.0025137176591874554
6571 0.0019145495206904465
6599 0.013944711102061797
6637 0.002098366146744411
6658 0.01248644066001612
6682 0.008010169480010342
6684 0.004327124396336277
6756 0.00671085355851973
6816 0.008948128435515065
6870 0.002433662956665562
6879 0.0111395068278861
6916 0.014695580161403588
7002 0.004961091127617346
7008 0.015723666016316595
7078 0.004670966799468133
7136 0.008473675482212924
7143 0.0025455368700632464
7183 0.0049945762640064475
7196 0.00773451587442294
7203 0.013406494182333096
7212 0.004962143950603809
7253 0.012417011190811936
7268 0.017211039828670865
7290 0.029618998774921957
7296 0.033224789930129846
7321 0.009504550090351812
7342 0.0013477428013985654
7399 0.014203906475706069
7416 0.005234042249267031
7492 0.005521460754284584
7510 0.017689124268356168
7531 0.0008667991928232605
7533 0.002930100338930163
7551 0.033519496530637405
7578 0.006872033888426138
7604 0.006936405302868081
7624 0.027889422204123594
7658 0.03381283930942418
7663 0.029950290881541754
7671 0.0013053812237666322
7688 0.020542208827768457
7775 0.034228903864619145
7789 0.008325949588691144
7818 0.0031681012881552492
7820 0.009410962664938257
7882 0.0015144077851624784
7890 0.0030630979310667704
7903 0.005440927527681261
7979 0.039499923793672426
8001 0.01306921783921822
8031 0.018638296790072843
8040 0.01654047983534603
8177 0.007861833008158297
8297 0.010394649107065017
8315 0.003720400040861668
8354 0.011698486130945785
8415 0.02497288132003224
8429 0.053067372805068506
8452 0.013995790629908177
8592 0.01925375842384827
8602 0.012365213080792662
8606 0.001330843205142784
8618 0.033224789930129846
8642 0.01546903174884588
8712 0.013995790629908177
8729 0.027889422204123594
8742 0.009970273044779049
8805 0.002264878981603398
8835 0.0020291294965294384
8863 0.0038988273897601357
8879 0.0032216280286382227
8895 0.014809499387460979
8908 0.0017640123924122495
8923 0.01032662389720252
8963 0.03473500765422666
8968 0.029272682490556645
9021 0.007813600903813769
9121 0.019494136948800676
9175 0.006947001530845332
9204 0.007448052323518387
9208 0.009728214782575968
9229 0.002999097992123181
9326 0.0406349576655994
9339 0.0004222867862472295
9528 0.005038366690352818
9535 0.010171796903165125
9607 0.012698711446881762
9614 0.007222780419593446
9633 0.04864107391287984
9668 0.0013161732145935009
9688 0.011996940551133033
9736 0.011153901431746585
9801 0.0049945762640064475
9823 0.0016433767062214763
9930 0.007209152532009306
10010 0.0010402534282507303
10072 0.09375743232482636
10080 0.011940158881140415
10094 0.008969133431842564
10095 0.0037349470595942646
10099 0.003165576505356199
10204 0.0315772796856606
10230 0.004356405946406074
10267 0.006026578615086644
10330 0.02709823292173711
10356 0.012586114456056457
10360 0.0039228448069455165
10386 0.0028032654746624596
10391 0.019104254209824662
10449 0.005649839257713765
10463 0.021855617670314253
10495 0.03673895040350897
10599 0.005219741587383787
10625 0.002427478298580008
10682 0.014695580161403588
10728 0.02437229340460639
10729 0.009481019458970057
10781 0.02437229340460639
10788 0.02021614202097848
10790 0.005473149602718289
10799 0.0022621970645144655
10817 0.012445768214869488
10837 0.01616629945587803
10921 0.004808900220918304
11041 0.02000445466997347
11049 0.042930908336684635
11070 0.08129469876521132
11125 0.003924627903858619
11140 0.010439483174767575
11246 0.013313069135766315
11250 0.005343847331419486
11256 0.0021127572927540886
11279 0.004739386688947266
11287 0.008043896509399857
11328 0.011865996403617803
11342 0.004068718761266049
11377 0.015595309559040543
11404 0.013549116460868555
11411 0.005780409745786585
11485 0.034499214687816776
11488 0.002091325036652946
11490 0.044310019386390544
11623 0.012325325296661072
11644 0.010999292908251718
11657 0.0003712086701607823
11710 0.015723666016316595
11800 0.008605519914335433
11925 0.0029908750949667216
11941 0.010417492480536262
11954 0.016891025666874723
11963 0.004153098741266231
12017 0.022608584863697826
12080 0.00630431236321725
12089 0.002736999170461986
12108 0.02034359380633025
12127 0.008453209827356045
12133 0.004800063871815242
12146 0.005314117999951227
12197 0.012207191188386365
12221 0.00945755158902211
12227 0.03210799026861288
12262 0.0012643450833768803
12299 0.04198737188972454
12395 0.010584074354473498
12400 0.01252737980972109
12415 0.0032768875145496846
12455 0.04495118637605803
12473 0.01736750382711333
12515 0.01504271985025564
12583 0.009889018241714865
12644 0.0010514174028522104
12680 0.03210799026861288
12783 0.004962143950603809
12793 0.019594106881871447
12797 0.005754293436694176
12868 0.00936483049501209
12877 0.004752302042244941
12923 0.010298789331441868
12945 0.0049945762640064475
13005 0.009296474068041198
13044 0.0027448641106069915
13089 0.0024924010710795385
13098 0.005660519765873974
13122 0.010161837345651415
13127 0.0007973394912280744
13130 0.002766727619091189
13272 0.016190045940529377
13369 0.017771399264953174
13545 0.012322405391262893
13554 0.004670966799468133
13603 0.02087896634953515
13656 0.011270946436474727
13695 0.02000445466997347
13732 0.004581355925617424
13975 0.006064842606293544
14027 0.0025886523319545614
14040 0.004088977322853392
14057 0.019594106881871447
14077 0.0011885472773126987
14095 0.005087684210339458
14195 0.004860452915411735
14358 0.0163778805833241
14413 0.0005064754562519794
14477 0.006323815083492688
14498 0.01299609129920045
14578 0.0032462623975912765
14580 0.006498045649600225
14634 0.001891597318834216
14663 0.01350576791317958
14671 0.007829612381075681
14699 0.02065324779440504
14724 0.017771399264953174
14725 0.02221424908119147
14726 0.019297226474570366
14728 0.011865996403617803
14730 0.011543356018020944
14734 0.061626626483305365
14756 0.001705736983020059
14761 0.02110967316002725
14777 0.007601953972283219
14792 0.004687871616241318
14797 0.041084417655536914
14798 0.03783020635608844
14853 0.05381480059105539
14884 0.014472919855927776
14887 0.0037397873386268
14895 0.005404315193726921
14940 0.009722266773447666
14943 0.019594106881871447
14950 0.023542322823184955
14958 0.002139334178031877
14960 0.009430412289231806
14968 0.0497635602339463
14975 0.0005274971732198869
15012 0.0008427108164898395
15030 0.007361947672379446
15074 0.005577884440824719
15142 0.012537331066691897
15220 0.002136941186781282
15223 0.005878232064561435
15238 0.024298437970046976
15254 0.003186828980499024
15294 0.016013026807953017
15308 0.033224789930129846
15316 0.002934601261109779
15337 0.018182504603436515
15348 0.003482999855938863
15402 0.0329383693272839
15423 0.018458216627849914
15436 0.017689124268356168
15438 0.006172618484596014
15440 0.00549762711074091
15441 0.00843450173456717
15477 0.008824135893683447
15479 0.0008038819360330175
15483 0.008010169480010342
15524 0.0026080893119214557
15565 0.03265684480311908
15578 0.013549116460868555
15607 0.016121733510400558
15624 0.004767327067364052
15643 0.004283465069467413
15658 0.02134553542997169
15684 0.0011955102759589901
15692 0.0033995804693740138
15693 0.015723666016316595
15699 0.011578335884742219
15793 0.013175347730913561
15843 0.0026775408843482357
15912 0.006036099276405896
15941 0.007513661823940789
15984 0.02088147013050912
16000 0.004351766334811996
16053 0.0017399138624612626
16068 0.02437229340460639
16073 0.0031787444608693282
16124 0.0032137420916110377
16141 0.012736169473216442
16152 0.006956196591841956
16213 0.005666773519516256
16305 0.004800063871815242
16365 0.030813313241652682
16402 0.008591318499884487
16412 0.0021381370128511095
16433 0.0010919836644655424
16445 0.01777270008355225
16451 0.016486702501643875
16606 0.0005674811884694687
16648 0.014151299414684937
16723 0.013764389000878762
16727 0.011578335884742219
16747 0.0030714235064026787
16763 0.014639275256570623
16805 0.004157617891147914
16832 0.01621369130429328
16841 0.0029967457584038687
16869 0.0037240261617591934
16901 0.02358549902447489
16914 0.013843662470887436
16920 0.0015078337971448036
16932 0.00516331194860126
16964 0.002870661789605509
17004 0.0005683252776981901
17035 0.004597895116684636
17073 0.018022881330023267
17114 0.0008837790751930354
17144 0.009054148914608845
17149 0.012651823980016333
17189 0.03935146089401067
17272 0.0034640533472030215
17295 0.008683751913556664
17310 0.012275641044426982
17330 0.019139830859210116
17379 0.005914629786323425
17392 0.014408157751476657
17397 0.01667335781034283
17409 0.0030145679545261037
17460 0.0027296467638873497
17571 0.009022681771845216
17573 0.006163324004700617
17576 0.009822238668290314
17628 0.0025074662133383794
17646 0.0026926362522656324
17761 0.004917439951048819
17787 0.013793685350053908
17793 0.005854536498111329
17794 0.005702762450693929
17801 0.009035283282699747
17804 0.0058512264042342
17955 0.005481851997080248
17957 0.010354609327818246
17965 0.00558603924263879
17998 0.007976724095960192
18104 0.0057456403638570415
18123 0.016121733510400558
18156 0.007196065439836506
18178 0.010946299205436579
18253 0.008691777711021073
18307 0.005343847331419486
18473 0.001648339448647512
18499 0.0016748149660172063
18524 0.015595309559040543
18582 0.005887289432919773
18666 0.002809449148503627
18671 0.00819198096932714
18720 0.01161352839503019
18740 0.003753291593285788
18830 0.0315772796856606
18950 0.004144089850287346
18957 0.014752319853146458
18964 0.0011902962124501347
19019 0.002999097992123181
19030 0.010271104413884229
19061 0.01299609129920045
19143 0.0031696535180857515
19145 0.0032089597373080453
19199 0.008342469087259677
19224 0.013995790629908177
19260 0.0039553321345392675
19261 0.06263689904860545
19327 0.015723666016316595
19349 0.0006778163636623971
19354 0.008060866755200279
19372 0.001814269155728838
19376 0.009251454823159644
19458 0.03473500765422666
19474 0.0012187721983939177
19520 0.003942268635230359
19525 0.01167435956320244
19583 0.0013645355052548025
19616 0.0007221415312729035
19647 0.002470127083013753
19658 0.006036099276405896
19714 0.008043896509399857
19777 0.0014494881798046027
19846 0.0018789610311975074
19873 0.021586727920705834
19923 0.019001148175629153
19924 0.024748409043566365
20029 0.004474064217757532
20049 0.002275670543159579
20055 0.0035476795190017944
20057 0.003451536442606082
20077 0.0030252184021891783
20101 0.01705736983020059
20106 0.002180850937194596
20120 0.002114829300559993
20136 0.005704817310769859
20238 0.0009994378346756295
20288 0.012325325296661072
20341 0.005068574292108409
20343 0.006113361347143892
20348 0.01021617872183137
20353 0.01209130013280042
20363 0.016419448808154873
20385 0.007829612381075681
20454 0.019395181938908285
20534 0.02221424908119147
20561 0.0086444589184727
20592 0.010029864853353518
20638 0.011474026552447244
20671 0.0013300293648053083
20673 0.01810829782921769
20971 0.002711746516653607
21202 0.01260464354586479
21214 0.1032662389720252
21359 0.010854467836263456
21381 0.011107124540595734
21408 0.0026496885173127134
21433 0.0006484811340741568
21563 0.01739049147960489
21620 0.0009499877777138071
21669 0.05529284470438478
21687 0.021226949122027404
21696 0.0012297556620421413
21701 0.01057847563339776
21754 0.004396836411927426
21788 0.000852297756405294
21797 0.0072758297905098695
22087 0.003268955447404254
22224 0.008664060866133635
22358 0.007960105920760276
22464 0.0086444589184727
22477 0.007204078875738328
22485 0.015150498431880606
22512 0.014570411780209501
22547 0.01117207848527758
22594 0.006655620195898168
22749 0.004330162537090374
22759 0.021586727920705834
22785 0.0029166800320342997
22800 0.04018175671063987
22842 0.023297870987591052
22845 0.0059887944231425275
22868 0.013645895864160472
22872 0.014344263482068778
22880 0.0035809286241470784
22923 0.020472350729155125
22956 0.008566930138934826
22960 0.043917825769711864
22966 0.009528306339064669
23137 0.0020487135881849506
23141 0.0005956826781157048
23158 0.0022932516236841612
23178 0.005359786934890654
23183 0.005067441434966753
23245 0.0036774310317275577
23358 0.004699693532552193
23424 0.006450912735410702
23486 0.008664060866133635
23499 0.00936483049501209
23546 0.0022635372286522112
23630 0.005251025024685892
23634 0.004332030433066817
23648 0.01654047983534603
23774 0.0035742290383207974
23789 0.0027869079810101624
23804 0.007756909868600743
23853 0.006202553049293402
23873 0.002233861474590131
24028 0.015723666016316595
24069 0.01209130013280042
24170 0.027884753579366463
24219 0.02358549902447489
24366 0.004020672983476084
24375 0.0056059469934254934
24419 0.025137176591874553
24420 0.021226949122027404
24442 0.007976724095960192
24502 0.012736169473216442
24542 0.012995923063396276
24559 0.016398501467660656
24582 0.023017173746776705
24597 0.018458216627849914
24613 0.0074335619493481175
24739 0.01299609129920045
24880 0.01744680749755677
24889 0.002894499942495589
24919 0.0013949802270773759
24921 0.0014282012669788065
24932 0.0025626095519550186
24935 0.0019111559321751902
24997 0.02087896634953515
25104 0.004975066200475172
25173 0.021870049827712252
25257 0.014959859197976683
25258 0.005586582755106234
25279 0.00845831701488977
25288 0.005435065209053958
25325 0.009229108313924957
25333 0.008129469876521134
25337 0.008342469087259677
25461 0.019009208168979764
25469 0.005577884440824719
25476 0.003691643325569983
25493 0.0017437366119711641
25495 0.0009885771906765672
25503 0.0027991581259816357
25682 0.15403006739078615
25738 0.011792749512237445
25757 0.008360723943030486
25801 0.0011388527099746445
25828 0.0020542208827768454
25847 0.007960105920760276
25849 0.011698486130945785
25850 0.0064215980537225765
25851 0.0073430906134086486
25896 0.009184737600877242
25921 0.0048142313108542
25965 0.010188935578573153
25981 0.0016583554001583908
26031 0.026085737219407334
26034 0.022699167826010593
26050 0.0312097793297326
26051 0.016258939753042267
26072 0.010028479900170426
26085 0.002042143688917655
26098 0.0028198161195313156
26125 0.02213027868655608
26199 0.006235317726566009
26372 0.019494136948800676
26412 0.004688160542288261
26452 0.0028790666802016103
26564 0.0014203906475706068
26580 0.025074662133383795
26593 0.04776063552456166
26670 0.02088147013050912
26696 0.023108024582465424
26699 0.004169032838985416
26787 0.0022331097849006033
26814 0.0027040699518506247
26955 0.006694328060837816
26977 0.0077502045475962116
27054 0.0036528210726242184
27059 0.00759612493432392
27106 0.0008615221740619916
27226 0.055374649883549745
27359 0.0007050475424420897
27535 0.006302124110614634
27591 0.001933628968605735
27774 0.010595072175425907
27790 0.009075655206567536
27796 0.030324213031467716
27799 0.008270239917673014
27835 0.0578916794237111
27974 0.024810719753019045
27977 0.004292550604986886
27994 0.01161352839503019
28048 0.011762296055296398
28090 0.029272682490556645
28094 0.056747919565026485
28158 0.011552255054308963
28195 0.01785444318675202
28258 0.0014418305064018613
28297 0.01739049147960489
28312 0.036389055637761264
28313 0.029129951497958804
28392 0.0076723912489255666
28525 0.013502400656409603
28527 0.00304936220428167
28606 0.000513279264100609
28607 0.004264342457550148
28791 0.010354609327818246
28805 0.023524592110592796
28826 0.005505548763638231
28830 0.0037386016066193076
28919 0.008199319176695842
29045 0.0005881851665586411
29056 0.004245389824405481
29074 0.006273975109958838
29082 0.025137176591874553
29084 0.005120360491772351
29151 0.004824306618642592
29251 0.004273882373562564
29270 0.016981559297621924
29271 0.0008458824091133346
29292 0.005577884440824719
29297 0.021004100098743567
29309 0.0516331194860126
29334 0.0031743193476020705
29341 0.017211039828670865
29352 0.012464860944919113
29400 0.010360994112342165
29427 0.023297870987591052
29580 0.004864107391287984
29589 0.001159238726324312
30244 0.006576335356221915
30259 0.019311232329591102
30299 0.006668151556657823
30318 0.027460563459299665
30354 0.01937573222477846
30409 0.009345553065402683
30731 0.006520223279803639
30786 0.0034874732239423283
30801 0.010268671159385744
30812 0.0038002296351258304
30867 0.024650650593322145
30870 0.014047245742518134
30905 0.019139830859210116
31036 0.0033457538020708693
31067 0.0019544600696111843
31104 0.005051343389950751
31218 0.0010159135447925904
31257 0.02727375690515477
31294 0.012610068785362813
31371 0.010188935578573153
31375 0.0030469304959847947
31507 0.009319148395036421
31540 0.013843662470887436
31690 0.011371579886800393
31694 0.009032744307245703
31703 0.004597895116684636
31710 0.0017550991465158166
31869 0.00571489649329772
31870 0.05140054185971476
31881 0.0016013624651990497
31905 0.0018525953122603147
31922 0.0031551204310197624
31925 0.04938368572834365
32034 0.003409043310502904
32035 0.01742396791543504
32043 0.02520941944462198
32045 0.03351623545583274
32050 0.017709188356623533
32054 0.003555732184300659
32057 0.013406494182333096
32113 0.0032162044124283942
32133 0.03574178359344209
32134 0.07960105920760276
32162 0.005110570127543341
32191 0.01553191399172737
32254 0.0060170879401022555
32265 0.04442849816238294
32267 0.0050620209940633945
32280 0.0032684780512959215
32348 0.01313007162187262
32360 0.05259563276758552
32385 0.004139003730270646
32418 0.01369480588517897
32461 0.00515634391628196
32499 0.022211868504475075
32503 0.003626268402697881
32529 0.007581053257866929
32591 0.00797689621505921
32612 0.04245389824405481
32669 0.0030732840049468024
32726 0.0028836610128037225
32859 0.010613474561013702
32868 0.0015953448191920387
32879 0.016981559297621924
32880 0.002211140533544521
32885 0.0030019781115605657
32922 0.0658767386545678
32923 0.004718645390527366
33038 0.006531368960623817
33175 0.02388031776228083
33301 0.003554279852990635
33327 0.0027348173704350278
33358 0.1157833588474222
33414 0.0017133860277869653
33416 0.010854689891945832
33417 0.005458358345664189
33439 0.014047245742518134
33442 0.01697969246827564
33536 0.0054870761920381836
33586 0.004026186345590024
33588 0.001342533676024221
33620 0.0064215980537225765
33701 0.009847553716404465
33703 0.01632842240155954
33753 0.008586181667336927
33757 0.003279700293532131
33763 0.07889344915137829
33778 0.013122236978525393
33780 0.0016088452106973318
33798 0.005069955196248448
33822 0.005881148027648199
33828 0.017623042923330775
33864 0.005806764197515095
33865 0.010793363960352917
33894 0.011902962124501346
33906 0.012069520205994437
33956 0.006084157391663906
33982 0.008663913629975937
33986 0.011965452518190428
33992 0.009697590969454143
34027 0.00034243151478445354
34046 0.0111395068278861
34211 0.0015675758011376966
34218 0.01175646412912287
34219 0.02167157981112298
34251 0.000942256681125754
34264 0.032508858444286526
34336 0.0012341249489550817
34342 0.03939021486561786
34353 0.008660325074180748
34389 0.024110833621535224
34407 0.0258165597430063
34412 0.0029618998774921957
34465 0.006633421600633563
34490 0.004417168603427668
34605 0.00401349878357661
34626 0.14027192029017085
34639 0.023241984145262327
34641 0.005229800186267598
34644 0.0021820964260222345
34741 0.011920232723908705
34878 0.008547764747125128
34995 0.0010851607049034173
35010 0.07522398640015138
35046 0.004235976543198373
35071 0.002294064833479794
35103 0.0026242107431077837
35104 0.004788033636547534
35118 0.0022564572132588137
35176 0.00208107344333602
35415 0.03404875173901589
35432 0.01313007162187262
35462 0.01990542409357852
35490 0.012861357515731647
35532 0.03351623545583274
35575 0.0019104254209824662
35611 0.019009208168979764
35632 0.0014272883234833517
35637 0.007861833008158297
35646 0.010198741408122042
35649 0.015344782497851133
35669 0.006985102087687262
35686 0.004432541580005722
35687 0.03547733392552959
35702 0.0024268498320098764
35729 0.0008582324442868223
35774 0.014922544711720304
35818 0.006346928308911848
35839 0.029618998774921957
35872 0.004705481332469129
35911 0.0011742012421527143
35932 0.021072517362908858
35943 0.004539833565202119
35944 0.003232530323151381
36032 0.0030396585854931845
36171 0.002877146718347088
36204 0.009097263909440316
36357 0.0044274053788701416
36360 0.005660519765873974
36461 0.008450115680130774
36474 0.025756143556104817
36518 0.02221424908119147
36609 0.031819383056013895
36629 0.023156671769484438
36665 0.01010807101048924
36750 0.00047299465733658487
36760 0.0009896013576702752
36789 0.003930916504079149
36936 0.03133221587237493
36937 0.008969133431842564
36941 0.005125168532243454
36957 0.006488729017465415
36965 0.0046145541569624785
37052 0.06809750347803178
37114 0.013912393183683912
37154 0.12325325296661073
37210 0.005411970031111803
37220 0.012964454569965969
38939 0.0157886398428303
39084 0.17484494136251402
39259 0.0012921375860551006
39356 0.003143271081973933
39930 0.02318732197280652
39939 0.010063658740464797
40222 0.0069978953149540885
40257 0.0055091690748405465
40377 0.09318012191382288
42935 0.013744067776852276
44622 0.009504604084489882
44686 0.0058963747561187226
44738 0.01035082052866083
46300 0.009319148395036421
46677 0.03505367744921957
46708 0.008824135893683447
46713 0.013619500695606355
46743 0.0036987907473039036
46769 0.0037734290041249417
46899 0.016190045940529377
46906 0.017938266863685128
47127 0.0022214249081191468
47155 0.014867123898696235
47185 0.005572147140751954
47196 0.009075655206567536
47231 0.031102225146216435
47260 0.004391782576971186
47514 0.004682415247506045
47533 0.006621925202712188
47639 0.03165166045961603
47694 0.01518652373127936
47743 0.014418305064018613
47758 0.027291791728320944
47759 0.01553191399172737
47812 0.02954001292426036
48009 0.0258165597430063
48017 0.004195962600793041
48242 0.016612394965064923
48259 0.004264342457550148
48555 0.014047245742518134
48666 0.03210799026861288
48796 0.005869202522219558
48810 0.0020172319396361145
48823 0.004403710200849387
48923 0.0038361956244627833
48938 0.0011408930552298992
48959 0.002074103603237326
48966 0.0924180404344717
48969 0.006212765596690947
49068 0.03604576266004653
49087 0.01683194203508781
49099 0.004644122634898075
49128 0.014047245742518134
49241 0.015595309559040543
49308 0.012610068785362813
49336 0.005060729592006533
49497 0.027687324941774873
49521 0.0009209088556194101
49602 0.02043235744366274
49632 0.008683751913556664
49637 0.010271104413884229
49963 0.004336947607224668
50100 0.005942225259665525
50207 0.0015966781621249196
50208 0.0032217932222124044
50255 0.003378294289977836
50471 0.010613474561013702
50645 0.005439707261816547
50763 0.006656534567883158
50767 0.03673895040350897
50773 0.006294647186103678
50800 0.01654047983534603
50835 0.002439879209428437
50889 0.00608013423910998
50938 0.019104254209824662
50958 0.00711517847665723
50989 0.0028642060284594694
51010 0.02221424908119147
51016 0.021709379783891664
51033 0.03218538721598517
51043 0.02107880136316924
51064 0.007128453063367411
51086 0.013266843201267127
51158 0.0011659599761870408
51163 0.017526838724609785
51166 0.005419646584347422
51284 0.009673040106240335
51388 0.005719836589767864
51390 0.010076733380705636
51415 0.007031807424361977
51418 0.006509115574045881
51480 0.027889422204123594
51487 0.0086444589184727
51522 0.003147323593051839
51556 0.008046346803996293
51558 0.005101269481929149
51562 0.006573666055415361
51571 0.03505367744921957
51572 0.043917825769711864
51573 0.03210799026861288
51586 0.02876238113205396
51657 0.009117674818861105
51725 0.11980116352616701
51742 0.0578916794237111
51770 0.005314117999951227
51834 0.007182050454821301
51851 0.00230059133371729
51904 0.011204841178782792
51971 0.0647601837621175
51979 0.04962143950603809
52205 0.012736169473216442
52238 0.013016625413305873
52246 0.008869884376178907
52280 0.0051424641210833545
52329 0.15044797280030275
52379 0.018547819621188993
52386 0.003255895047512279
52388 0.004523960021267846
52570 0.011237796594014507
52625 0.005306737280506851
52868 0.007404749693730489
52877 0.017771399264953174
52897 0.02441623269711721
52903 0.003783020635608844
52905 0.01161352839503019
52908 0.018867022423801182
52909 0.016759748265318702
52910 0.024723445278672082
53077 0.0024256703526108056
53144 0.0004123072021112477
53182 0.0080664125067494
53239 0.011543356018020944
53405 0.005908002584852072
53407 0.0036528210726242184
53411 0.00987673714566873
53417 0.014310302778894878
53585 0.009229108313924957
53658 0.0027350399727737525
53660 0.002366226346164235
53786 0.005602420589391396
53811 0.010823940062223605
53813 0.029812271107894094
53831 0.01175646412912287
53849 0.019594106881871447
54003 0.01690641965471209
54029 0.013640532632434255
54064 0.000937402071139581
54146 0.00327557611666482
54215 0.005060729592006533
54409 0.014047245742518134
54421 0.29405740138240993
54451 0.018194527818880632
54452 0.01049539859962762
54489 0.008095022970264688
54514 0.022150509751700284
54528 0.008566930138934826
54603 0.014876594675538965
54619 0.0011140456053750677
54625 0.002447696871136216
54650 0.010301373933778692
54852 0.001551299570428312
54891 0.046595741975182105
54969 0.0030820689997203524
54987 0.019594106881871447
55019 0.017920395652113626
55035 0.013501239724257711
55057 0.008199250733830328
55058 0.017938266863685128
55179 0.0033209768123270114
55182 0.03259546556957521
55306 0.014256906126734822
55308 0.041430340379414475
55362 0.06313767346547638
55472 0.019104254209824662
55604 0.023270729605802228
55700 0.0054014661249177165
55796 0.0029664991009044506
55799 0.001569782597356176
55800 0.012568588295937277
55812 0.01621369130429328
55868 0.003680973836189723
55903 0.005368682846815783
55924 0.018430948234794926
55927 0.0010175368420678914
55961 0.0013888952533496663
56049 0.005094467789286576
56091 0.21226949122027403
56241 0.004144089850287346
56375 0.22475593188029014
56381 0.0006944476266748332
56414 0.004376690540624207
56415 0.0022811049802775717
56457 0.002463475720157919
56471 0.008453209827356045
56498 0.0067745582304342775
56501 0.001009875558915551
56505 0.0007054746753997291
56539 0.0009600127743630485
56560 0.0010339760838317864
56585 0.13145056606746724
56588 0.13645895864160473
56626 0.0008157156185265008
56736 0.012445768214869488
56771 0.0026009876391864754
56804 0.004511039955094371
56805 0.004861133386723833
57077 0.06342414539620607
57120 0.007927076435611894
57167 0.005490674767498065
57198 0.02240944646757056
57202 0.01369480588517897
57231 0.004673452488833808
57232 0.005427344945972916
57240 0.008332080228761432
57250 0.007361947672379446
57319 0.0014677519025854968
57349 0.03604576266004653
57369 0.00818894029166205
57435 0.042930908336684635
57471 0.004283465069467413
57529 0.009612574785160505
57563 0.014310302778894878
57587 0.0017870891796721048
57611 0.0017854443186752023
57617 0.002275670543159579
57672 0.009898577310789981
57703 0.0018440399816433072
57718 0.03351623545583274
57743 0.003411473966040118
57746 0.02135286842824615
57789 0.004636954905297248
57821 0.005668918163152719
57867 0.003436016944213069
57937 0.008865083160011444
57983 0.008306197482532461
57988 0.010916716691328378
57990 0.022462718161156317
57994 0.001799741329234542
58070 0.01010807101048924
58112 0.01891597318834216
58127 0.007448052323518387
58142 0.08293926705657717
58161 0.0012007702206049443
58199 0.014310302778894878
58237 0.015102177240968111
58353 0.003897295037838358
58367 0.009387839906547745
58385 0.00558603924263879
58400 0.11762296055296398
58429 0.0027021575968634603
58444 0.021709379783891664
58461 0.0011902962124501347
58559 0.0012930121292605524
58757 0.0005221168136054841
58800 0.006824116909718374
59009 0.07641701683929865
59016 0.005234042249267031
59108 0.00936483049501209
59165 0.004253295746491137
59167 0.024465358987531164
59224 0.014310302778894878
59320 0.00504070031921495
59341 0.0029504639706292913
60061 0.03411473966040118
60081 0.006093860991969589
60121 0.011349583913005296
60188 0.012778765357742248
60413 0.0011654774026330671
60460 0.009054148914608845
60464 0.0025643294241375386
60469 0.005711286759289885
60534 0.0017615725412470874
60688 0.008809347651073532
60755 0.012785104407930866
60767 0.07075649707342467
60826 0.04555818894657056
60838 0.014099080597656577
60872 0.015986823606547833
60876 0.010836286148095509
60917 0.0026666376052815414
60946 0.00500716937338469
61067 0.013202577204924529
61083 0.005513493278448676
61125 0.008423519310433617
61166 0.022608584863697826
61354 0.014685869102775646
61356 0.02954001292426036
61357 0.006738815448346895
61388 0.025137176591874553
61515 0.012207191188386365
61553 0.008706948627742959
61628 0.0021700905358905285
61642 0.0005940377552806176
61657 0.0018877173538014709
61697 0.03170311549288494
61698 0.010439483174767575
61701 0.0046608521832946824
61743 0.004554053446918871
61746 0.0039068004519068845
61761 0.011977588846285055
61806 0.005087684210339458
61814 0.004568688439557217
61849 0.012021715937204651
61919 0.006542552811583788
61926 0.01528340336785973
61943 0.02709823292173711
61957 0.0037386016066193076
61975 0.0014288896192838191
62084 0.004620134028978153
62103 0.018821925329876515
62109 0.003794290806320688
62111 0.006368084736608221
62125 0.036389055637761264
62127 0.035320849399217175
62138 0.0008355239103356512
62139 0.007491864396009671
62140 0.00995271204678926
62165 0.009011440665011633
62167 0.017689124268356168
62177 0.004608987746640449
62184 0.007168575688489554
62203 0.02173031037971681
62212 0.0037457182274113258
62253 0.0042560939673769865
62270 0.01605399513430644
62312 0.0028728201819285207
62335 0.014527949969448412
62349 0.014871868575662113
62362 0.006233035631264165
62408 0.0021238748426708905
62420 0.0014740936890296806
62437 0.01697969246827564
62438 0.00460271091082843
62440 0.0037876246079701515
62479 0.006482622265786118
62541 0.002642358811870631
62544 0.03478098295920978
62586 0.019494136948800676
62587 0.03441097250219691
62623 0.0015601677590710219
62624 0.013597333957170577
62693 0.006263689904860545
62722 0.005459293527774699
62725 0.002804575459508184
62799 0.0020878966349535152
62837 0.003147323593051839
62883 0.00305423728374495
62887 0.060381952442788774
63006 0.019494136948800676
63127 0.011865996403617803
63174 0.017211039828670865
63186 0.03939021486561786
63195 0.006509115574045881
63220 0.00593083175304401
63258 0.0064306787578658235
63418 0.009176259333919176
63595 0.0010379926221040295
63602 0.0023304106156047688
63605 0.002914455257028934
63615 0.005314117999951227
63677 0.005728412056918939
63683 0.0035021547589046127
63697 0.0019695107432808933
63701 0.0023970206034911747
63725 0.0024468245408933885
63732 0.00040172966480548126
63744 0.0022812189274866294
63745 0.0006334301793708442
63748 0.013793685350053908
63749 0.05768693906557915
63750 0.020542208827768457
63755 0.002806156218626245
63795 0.0029166800320342997
63820 0.0011178689365151978
63913 0.0031252477441608786
63980 0.0013230092943091873
64013 0.02099368594486227
64105 0.03381283930942418
64141 0.006831322946581857
64284 0.027380404861444763
64350 0.018369475201754484
64394 0.02099368594486227
64440 0.0029368569115795023
64469 0.01654047983534603
64482 0.021833433382656756
64539 0.02065324779440504
64565 0.009075655206567536
64591 0.004203549597409369
64600 0.00816421120077977
64625 0.05702762450693929
64665 0.010947996681847944
64714 0.0157886398428303
64780 0.03678203912897019
64828 0.007236459927963888
64835 0.01209130013280042
64904 0.006786591193543397
64908 0.011648935493795526
64953 0.0015814779975020417
64958 0.0019614224034727582
65248 0.004642589115388739
65326 0.007141777274700809
65367 0.002160020978435065
65374 0.01785444318675202
65421 0.04442849816238294
65426 0.01990542409357852
65490 0.0069596554498450505
65511 0.15778689830275658
65561 0.009032744307245703
65617 0.03911455868349026
65681 0.014871868575662113
65720 0.0244123125675963
65807 0.003979779493173769
65815 0.015406656620826341
65817 0.01504271985025564
65818 0.01605399513430644
65819 0.03259546556957521
65820 0.027745621211472324
65821 0.034862976217893485
65827 0.0157886398428303
65870 0.041084417655536914
65882 0.04064734938260566
65931 0.025137176591874553
65973 0.02093612566476705
65978 0.009206869498710682
65993 0.004670490984801259
66079 0.007551088620484056
66082 0.02450987854532555
66108 0.011870207028280769
66129 0.0013297652620423719
66174 0.0005659681294571075
66238 0.007845689613891033
66265 0.001908516904078388
66275 0.006715027841766138
66333 0.001661962088718979
66429 0.017526838724609785
66430 0.015162106515733858
66431 0.015723666016316595
66437 0.009335155599441586
66480 0.030212948620542572
66490 0.025564802678920636
66493 0.01302524974123015
66494 0.029272682490556645
66496 0.05878232064561435
66497 0.0636808473660822
66498 0.021709379783891664
66507 0.01209130013280042
66517 0.004030693352282255
66563 0.025472338946432884
66617 0.005737013276223622
66634 0.010354609327818246
66681 0.003378294289977836
66708 0.005815602499185589
66775 0.016630495708002617
66805 0.009747068474400338
66856 0.009816787299564521
66861 0.006542552811583788
66886 0.00892722159337601
66894 0.005463904417578563
66934 0.008234592331820976
66984 0.0010081400638429902
67022 0.014527949969448412
67041 0.04548631954720157
67052 0.019247631360577316
67078 0.0033663884070175617
67092 0.008473675482212924
67096 0.01605399513430644
67107 0.005489728221213983
67144 0.0005252730456652338
67156 0.02449263360233931
67212 0.01925375842384827
67217 0.002084479455518239
67220 0.0065214343048518334
67250 0.007319637628285311
67256 0.002868506638111811
67322 0.017627419156438746
67334 0.024336629566655624
67377 0.010872710639349612
67402 0.0199668605876945
67414 0.0016169491502179148
67464 0.022475593188029015
67472 0.011474026552447244
67530 0.03407954159285491
67550 0.0037699666843898716
67611 0.004288289481625397
67626 0.0032656551390272686
67631 0.005750455849256017
67633 0.016884582997890935
67728 0.013501239724257711
67730 0.008270239917673014
67769 0.012704157193421032
67770 0.044547136278419455
67771 0.021101275079251323
67772 0.06822947932080237
67784 0.018194527818880632
67833 0.004880982237077679
67842 0.023440802711441305
67886 0.010496842972431135
67911 0.01347763089669379
67954 0.0014451024364466462
67976 0.002542905540854719
68004 0.008624945467189463
68038 0.007491864396009671
68066 0.005395548649218531
68094 0.0014650501694650816
68098 0.004870729003910314
68110 0.009648613237285183
68166 0.011656329424167602
68170 0.011865996403617803
68203 0.03894637908116816
68206 0.006389382678871124
68229 0.0076264487863571505
68275 0.006064842606293544
68276 0.010134882869933507
68285 0.004424940376479493
68292 0.02449263360233931
68333 0.019594106881871447
68344 0.030089594560060554
68345 0.0172889178369454
68386 0.0017195548343676562
68404 0.0032853403628245337
68412 0.028373959782513242
68417 0.009771997038273486
68439 0.007491864396009671
68446 0.006263689904860545
68523 0.029481953973699224
68524 0.017771399264953174
68535 0.012207191188386365
68600 0.007756909868600743
68661 0.002199683846842218
68699 0.0028032654746624596
68801 0.017526838724609785
68814 0.039446724575689145
68844 0.027291791728320944
68862 0.005860200677860326
68908 0.008566930138934826
68940 0.007491864396009671
69006 0.0015399340229500164
69064 0.008224086697554362
69111 0.004302759957167716
69182 0.018281582975908768
69186 0.01725136754776805
69199 0.00041337778231796305
69236 0.053950738573142636
69238 0.022475593188029015
69410 0.00376067996256391
69491 0.004307610870309958
69603 0.0032545577870229407
69614 0.003271276405791894
69630 0.041084417655536914
69694 0.0021731196697426
69846 0.006311475932110263
70195 0.05768693906557915
70276 0.016190045940529377
70299 0.009471834305143513
70354 0.019797154621579962
70466 0.0035247701494141442
70483 0.025570208815861733
70559 0.0023791101133031956
70648 0.029166800320342995
70758 0.05054111586260171
70759 0.023017173746776705
70805 0.022608584863697826
70845 0.009206869498710682
70853 0.004417489164722662
70871 0.013597333957170577
70882 0.005932998201808901
70974 0.0013985544809534893
70995 0.008865083160011444
71028 0.0037558874289084603
71078 0.003213499446564283
71084 0.03570888637350404
71128 0.002403050844003102
71143 0.04555818894657056
71148 0.0027687324941774874
71155 0.0042814446263487885
71156 0.0578916794237111
71163 0.0022675672652610877
71194 0.006947001530845332
71275 0.005860200677860326
71315 0.014527949969448412
71355 0.0038054487237723644
71496 0.011096505712543772
71499 0.017205486251098454
71500 0.026907400295527694
71614 0.002152832888656579
71616 0.010565092489989693
71682 0.010946299205436579
71762 0.015513819737201485
71787 0.0003210259487451632
71841 0.0017203290598671467
71971 0.0020014933692849308
71975 0.009319148395036421
71983 0.005668918163152719
71993 0.007910664269078535
71995 0.005881148027648199
72117 0.008948128435515065
72135 0.020109741273499643
72137 0.0076198619910636265
72149 0.0034989476574770442
72182 0.005101942295278406
72198 0.0032297978376711178
72283 0.04928472875060057
72290 0.0172889178369454
72292 0.008960197826056813
72305 0.005990058176308351
72310 0.01837858758640062
72334 0.011020890682134615
72378 0.002838670759260722
72427 0.013746000668252045
72480 0.027291791728320944
72497 0.007829612381075681
72577 0.007927076435611894
72578 0.028094491485036267
72598 0.009387839906547745
72602 0.0028749818223964877
72606 0.0058333600640685995
72660 0.006212765596690947
72669 0.002902496976114243
72703 0.0026387091450034064
72729 0.022335611504500006
72741 0.0056521462159244565
72743 0.008270239917673014
72745 0.0069978953149540885
72758 0.012114724401522508
72759 0.00624322033000806
72761 0.000612097911856658
72847 0.01636451572643837
72872 0.010947996681847944
72895 0.02002867749353876
72958 0.015595309559040543
73068 0.008783565153942373
73107 0.013912393183683912
73164 0.010979456442427966
73219 0.0036703658424254875
73263 0.0033195923909339117
73290 0.0033963118595243848
73379 0.0029376172789567024
73421 0.046541459211604456
73442 0.02671923665709743
73460 0.011474026552447244
73465 0.0038599420229194622
73506 0.01739049147960489
73521 0.0653460891960911
73574 0.005108089360915685
73585 0.005280864960158394
73611 0.008471953086396746
73620 0.023156671769484438
73660 0.02302228765271537
73676 0.02490212586992392
73691 0.0009089873303938483
73838 0.008703532669623992
73852 0.004261701469310289
73875 0.010946299205436579
73926 0.0034298481525717526
74119 0.039499923793672426
74124 0.003147323593051839
74127 0.01438119056602698
74194 0.007172131741034389
74215 0.003635443236883856
74286 0.010188935578573153
74336 0.0007729821650748397
74356 0.003832347885621798
74404 0.009434199609789957
74635 0.011720401355720653
74703 0.001650475525686796
74763 0.007088777072291155
74799 0.0013357462152449612
74850 0.015323823224976647
74872 0.006212765596690947
74909 0.006835153563443529
74924 0.007263974984724206
74974 0.0016183188657200053
74981 0.0032462623975912765
75033 0.012053157230173289
75043 0.00825237762843398
75087 0.021141381798735356
75146 0.02497288132003224
75172 0.030813313241652682
75173 0.007155151389447439
75183 0.009099475867126852
75206 0.001709636054548895
75253 0.007383503250566761
75306 0.0019657437953245274
75310 0.006443256057276445
75344 0.0007088777072291154
75529 0.005314117999951227
75536 0.014151299414684937
75593 0.002243934384465147
75594 0.007204078875738328
75614 0.010203884590556812
75663 0.03356994291171397
75698 0.01864340873317873
75811 0.008326567528676533
75813 0.010161837345651415
75816 0.01248644066001612
75838 0.001305827355422055
75845 0.01299609129920045
75856 0.0578916794237111
75857 0.11136784069604863
75900 0.005914629786323425
75968 0.014527949969448412
76096 0.0023031047872000797
76111 0.003258222076438644
76112 0.0014733005762726072
76113 0.0019134679577882696
76114 0.0016567286408489426
76115 0.00163412134592426
76116 0.0011748695282220516
76127 0.017526838724609785
76129 0.01891510317804422
76266 0.007376159926573229
76283 0.024336629566655624
76311 0.004203549597409369
76389 0.0069596554498450505
76399 0.025074662133383795
76460 0.01777270008355225
76462 0.005702762450693929
76570 0.002175883167405998
76731 0.01252737980972109
76765 0.0035775756947237195
76788 0.013645895864160472
76816 0.0039148061905378406
76820 0.002056620367873385
76848 0.001691390368289036
76941 0.005321519278502692
76947 0.002258820820674937
77046 0.00909696445691519
77085 0.004153098741266231
77086 0.012964454569965969
77139 0.013085105623167576
77141 0.009229108313924957
77159 0.011325543121632066
77170 0.025773955499653462
77182 0.009576067273095068
77253 0.0013326999797575627
77265 0.025137176591874553
77268 0.08490779648810962
77305 0.0006326959499859137
77341 0.007209152532009306
77383 0.005887289432919773
77389 0.026907400295527694
77433 0.0019826119615118046
77442 0.009097263909440316
77523 0.09097263909440315
77972 0.0011224591192611434
77990 0.003357513920883069
78058 0.0004248879043087909
78171 0.007209152532009306
78323 0.026533686402534253
78381 0.0016426701814122669
78418 0.004198737188972453
78513 0.015476705335916312
78594 0.016258939753042267
78869 0.04021948254699929
79016 0.0034802450217515197
79189 0.021993601069203273
79235 0.00759612493432392
79254 0.005899560703150941
79265 0.007781773608889883
79276 0.0020109741273499643
79298 0.014505004218261642
79299 0.007477203213238615
79338 0.010188935578573153
79388 0.0038234413891329896
79405 0.01990026480190069
79423 0.019104254209824662
79425 0.009673040106240335
79587 0.03815553651990181
79671 0.011902962124501346
79675 0.021564209434710064
79678 0.021004100098743567
79680 0.044008590683081765
79681 0.023156671769484438
79682 0.056281943326303124
79684 0.039446724575689145
79690 0.02021614202097848
79695 0.009600127743630484
79774 0.007943556844001939
79918 0.0004896216156505824
79956 0.0017676763898528704
79962 0.01504271985025564
79963 0.011865996403617803
79971 0.008985087264462526
80000 0.0023031047872000797
80003 0.017627419156438746
80025 0.02002867749353876
80043 0.007031807424361977
80044 0.009906987489147043
80062 0.030813313241652682
80089 0.007361947672379446
80156 0.02234415697055516
80270 0.00398353622562378
80327 0.010124041988126789
80371 0.019395181938908285
80378 0.010584074354473498
80393 0.004468831394111032
80405 0.005027435318374911
80459 0.009872999591640653
80464 0.0074335619493481175
80475 0.004514489065187034
80489 0.00045395150027457856
80492 0.013912393183683912
80494 0.0015524988793887734
80526 0.001999398661415454
80529 0.003578132096467378
80544 0.005038366690352818
80545 0.0026170211246335155
80612 0.010161837345651415
80616 0.002032441982536292
80628 0.007461664164259537
80629 0.00971937518801879
80633 0.005658775250610799
80634 0.0024956378867461884
80738 0.001650475525686796
80928 0.01646918466364195
81089 0.013453700147763847
81210 0.003587653372737026
81224 0.02134553542997169
81332 0.0013689548920127806
81346 0.04962143950603809
81394 0.02021614202097848
81459 0.002404563147869687
81495 0.003691643325569983
81496 0.03281598621974062
81497 0.011508586873388352
81499 0.016545429233792888
81527 0.0024956569836478986
81538 0.004597895116684636
81540 0.003971778422000969
81542 0.00814805613839241
81547 0.001733598385646521
81549 0.0034092196131443463
81550 0.001548784289406134
81551 0.0026009876391864754
81578 0.004140633432725298
81584 0.007600459270251661
81869 0.014705927127195331
81909 0.0003213769738384164
81912 0.003631987492362103
82050 0.016638092735148
82058 0.04555957119383808
82087 0.0036011789273939043
82089 0.0042079855087719525
82106 0.004166685760048999
82150 0.012610068785362813
82156 0.057761275271544815
82209 0.008743365771086802
82351 0.007551088620484056
82396 0.0017988939933921528
82423 0.008624945467189463
82493 0.0008520332090230053
82538 0.016291295824802366
82568 0.013386451636252924
82627 0.009259220011680717
82632 0.002348018896080674
82634 0.0030281218262574244
82638 0.0024539825574598152
82738 0.015585768921130096
82788 0.003038639187605927
82855 0.0029256132021171
82859 0.056188982970072535
82860 0.024229448803045017
82896 0.00892722159337601
82924 0.05259563276758552
82967 0.01734386817805099
83024 0.004217274660005444
83038 0.003749608284558324
83091 0.018281582975908768
83094 0.023731992807235605
83122 0.04783361667517303
83156 0.0075223986400151386
83157 0.0009387084133492335
83183 0.0008235853380538535
83188 0.011684559149739855
83191 0.0015048644513449912
83293 0.0064215980537225765
83309 0.004532444652390193
83354 0.011042921508569168
83375 0.03505367744921957
83423 0.002801210294695698
83528 0.006872033888426138
83535 0.03265684480311908
83715 0.0019305469502873826
83773 0.003432929777147289
83791 0.011698486130945785
83794 0.01028499655073612
83849 0.0017211039828670868
83859 0.006847402942589485
83912 0.009319148395036421
83923 0.003296678897295024
83978 0.012651823980016333
83979 0.016981559297621924
83980 0.00656503581093631
83984 0.006253438366554718
84027 0.016190045940529377
84086 0.010054870636749822
84089 0.006142847012805357
84098 0.005860200677860326
84176 0.023440802711441305
84222 0.008162645316795976
84313 0.04827808082397775
84401 0.023309548052661343
84428 0.015222513314601324
84436 0.008112209855551873
84439 0.023156671769484438
84510 0.00386725793721147
84519 0.01132970723364802
84561 0.009504604084489882
84581 0.01546903174884588
84699 0.0017536630063467117
84702 0.0012093986982498399
84703 0.0017507608144356993
84791 0.019494136948800676
85012 0.020542208827768457
85028 0.0018601255680557927
85093 0.004913287089531557
85147 0.003541103653350262
85191 0.006921831235443718
85278 0.007993411803273917
85302 0.00802699756715322
85307 0.010947996681847944
85314 0.006084157391663906
85419 0.007976724095960192
85601 0.0027079027937384355
85608 0.004104028831326458
85696 0.05864866496928852
85790 0.012835838949232181
85823 0.13145056606746724
85869 0.010818165268249197
85947 0.005299377034625427
85998 0.02318732197280652
86090 0.04898526720467862
86323 0.014364100909642602
86391 0.0004985560134412007
86442 0.026085737219407334
86446 0.018860824578463612
86455 0.03407954159285491
86461 0.015162106515733858
86495 0.0016148933675519267
86660 0.006798666978585288
86711 0.005771678009010472
86744 0.03574178359344209
86774 0.016612394965064923
86778 0.033870486023104815
87008 0.013944711102061797
87016 0.012168314783327812
87021 0.004381709681152446
87158 0.010054870636749822
87211 0.019395181938908285
87509 0.004505720332505817
87577 0.0060460400284233825
87655 0.01744680749755677
87676 0.00379206496507211
88148 0.006172618484596014
88174 0.0048386408604435445
88302 0.007361947672379446
88304 0.0011284261198951367
88555 0.003142147073984319
88576 0.005389070298963234
88683 0.014695580161403588
88688 0.019494136948800676
88702 0.013944711102061797
88747 0.031445037373001965
88807 0.052340422492670305
88867 0.008664060866133635
88942 0.0037867699127501807
88965 0.05054111586260171
88992 0.03418877089283201
89102 0.011277756019853027
89175 0.01632842240155954
89204 0.014809499387460979
89206 0.03023020014211691
89208 0.020153466761411273
89211 0.016684938174519354
89219 0.01209130013280042
89225 0.0037645467277537567
89280 0.005014239950085213
89283 0.019200255487260967
89389 0.006553775029099369
89420 0.014983728792019342
89523 0.006113361347143892
89616 0.0026063102605490673
89637 0.0012148969290826494
89638 0.010002227334986735
89707 0.02764642235219239
89744 0.013453700147763847
89792 0.01403310809200221
89808 0.004642589115388739
89953 0.0066915076041417386
90001 0.013645895864160472
90002 0.004822285948717716
90029 0.022085843017138337
90040 0.004554053446918871
90128 0.00892722159337601
90137 0.034228903864619145
90225 0.02590248528085541
90294 0.005561646058173119
90301 0.06280837699430115
90302 0.001885908609064626
90309 0.029850397202851035
90380 0.020935990940249352
90410 0.011508586873388352
90453 0.01117207848527758
90456 0.011543356018020944
90460 0.01872966099002418
90475 0.007448052323518387
90513 0.02008831736076005
90544 0.04938368572834365
90770 0.016258939753042267
90835 0.002018410376104032
90857 0.0017034555693111603
90945 0.002748813555370455
90960 0.006263689904860545
91053 0.009341933598936265
91087 0.023731992807235605
91150 0.01161352839503019
91163 0.010502050049371783
91167 0.011805224143089451
91168 0.008509690071191386
91258 0.0009287435201664882
91374 0.015973488470155603
91412 0.029166800320342995
91436 0.0339766293648962
91445 0.017437366119711643
91457 0.024336629566655624
91469 0.01605399513430644
91499 0.023297870987591052
91564 0.006126195862133541
91570 0.00647601837621175
91598 0.013501239724257711
91668 0.013549116460868555
91688 0.004532444652390193
91780 0.03783194637668432
91813 0.022879346359071455
91816 0.017567774217458778
91846 0.013210023937587318
91858 0.012651823980016333
91892 0.013521896340835586
91950 0.0035642265316837055
91955 0.006389382678871124
92011 0.002738961177035794
92087 0.004192652514849656
92221 0.013408837006882111
92326 0.011720401355720653
92379 0.003086309242298007
92520 0.030339308014477186
92604 0.04064734938260566
92607 0.004489836477044574
92626 0.07491864396009672
92764 0.012864817649713577
92773 0.014364100909642602
92804 0.016190045940529377
92824 0.0011734799883184681
92858 0.024336629566655624
92862 0.022879346359071455
92873 0.022608584863697826
92876 0.02404930420227888
92895 0.005797952719218411
92896 0.00987673714566873
93011 0.014925198601425518
93026 0.03210799026861288
93063 0.03411473966040118
93140 0.006103595594193182
93250 0.0060170879401022555
93385 0.029391160322807176
93484 0.016190045940529377
93551 0.041530987412662305
93665 0.003805628328650331
93690 0.02967551757070192
93747 0.03381283930942418
93773 0.01605399513430644
94018 0.004474064217757532
94121 0.014527949969448412
94189 0.014983728792019342
94431 0.03106382798345474
94463 0.022879346359071455
94612 0.005914629786323425
94674 0.015344782497851133
94676 0.02432053695643992
94709 0.009771997038273486
94719 0.011792749512237445
95167 0.03210799026861288
95319 0.006896842675026954
95412 0.03238009188105875
95457 0.0014995489960615905
95558 0.01058799153913751
95612 0.022523832949762644
95665 0.007986744235077801
95745 0.006762567861884837
95790 0.05381480059105539
95798 0.01736750382711333
95822 0.015595309559040543
95856 0.007947497334659728
95857 0.0032407555911492217
95894 0.04064734938260566
95902 0.010188935578573153
95905 0.027296467638873497
95920 0.021833433382656756
95932 0.013735165245038256
95977 0.008199250733830328
96024 0.026513372255791062
96042 0.0052628799476101005
96047 0.03351623545583274
96085 0.013894003061690663
96205 0.05810496036315581
96244 0.00432222945923635
96246 0.011337836326305438
96301 0.018194527818880632
96484 0.0038416050061835026
96489 0.04362523836775648
96505 0.00664495798602597
96566 0.01592021184152055
96596 0.03570888637350404
96607 0.010947996681847944
96665 0.051222892240792725
96741 0.035615917261176196
96842 0.01252737980972109
96900 0.01227945563570521
96919 0.011543356018020944
96980 0.00936483049501209
97041 0.008010169480010342
97122 0.014809499387460979
97123 0.008844562134178084
97135 0.008509690071191386
97183 0.008358220711127932
97219 0.015626238720804392
97222 0.038309558062441615
97271 0.011792749512237445
97282 0.012069520205994437
97287 0.02313288409461496
97291 0.026350695461827122
97300 0.008415971017543905
97324 0.012568588295937277
97477 0.014472919855927776
97484 0.01782166068984303
97485 0.01248644066001612
97492 0.00945755158902211
97519 0.0014744410889927998
97528 0.00832429377334408
97529 0.008199250733830328
97531 0.008528684915100296
97536 0.006378715929824595
97728 0.012635278965650427
97763 0.006172618484596014
97772 0.00825237762843398
97778 0.009319148395036421
97900 0.019027243618861822
97911 0.04240778985516793
97913 0.0015450266243287232
97918 0.01252737980972109
97930 0.0008430827100540452
97995 0.03574178359344209
97999 0.006896842675026954
98039 0.02087896634953515
98063 0.010979456442427966
98073 0.004047511485132344
98108 0.014418305064018613
98156 0.01553191399172737
98165 0.00802699756715322
98171 0.011792749512237445
98197 0.006036099276405896
98201 0.0076264487863571505
98259 0.0008699569312306313
98272 0.00445234881652651
98275 0.01248644066001612
98289 0.0527758171300013
98305 0.0452282617678392
98320 0.01504271985025564
98352 0.018369475201754484
98377 0.010417492480536262
98386 0.013325126622094213
98430 0.005473998340923972
98495 0.009118975756479552
98506 0.007023622871259067
98566 0.014203906475706069
98719 0.00936483049501209
98720 0.015044797280030277
98721 0.014906135553947047
98727 0.024979702586029603
99043 0.007943556844001939
99159 0.0516331194860126
99182 0.10268671159385745
99213 0.005382082221641447
99234 0.011371579886800393
99271 0.012821647120687693
99325 0.008547764747125128
99350 0.01744680749755677
99453 0.025186947013428468
99493 0.008036351342127972
99501 0.011270946436474727
99568 0.042930908336684635
99672 0.013256686127895531
99739 0.013843662470887436
99769 0.010382746853165576
100048 0.019027243618861822
100123 0.006909314361600239
100140 0.006273975109958838
100159 0.0016320221111633395
100165 0.008566930138934826
100225 0.0052628799476101005
100239 0.029812271107894094
100259 0.021993601069203273
100344 0.01290827987150315
100477 0.030031777266350198
100480 0.04864107391287984
100505 0.024030508440031025
100573 0.0023397739387415388
100737 0.00664495798602597
100839 0.019395181938908285
101040 0.028513812253469644
101042 0.04898526720467862
101163 0.0029743737151324227
101167 0.01032662389720252
101278 0.017211039828670865
101279 0.008129469876521134
101281 0.009097263909440316
101380 0.021280469836884933
101477 0.0037905266289334646
101509 0.010134882869933507
101510 0.005205518858262851
101843 0.022608584863697826
101895 0.08521600892973547
101986 0.03898827389760135
102004 0.007390427160473757
102050 0.006847552971917593
102126 0.013896853605052864
102132 0.021958912884855932
102167 0.06822947932080237
102194 0.028094491485036267
102264 0.0011944711053352452
102315 0.03411473966040118
102430 0.17970174528925054
102548 0.0024103065687082785
102599 0.003930293335609367
102676 0.0054870761920381836
102699 0.06064842606293543
102718 0.008743365771086802
102831 0.0025695029199495176
102880 0.02110967316002725
103119 0.015986823606547833
103218 0.012727753222405559
103275 0.005299377034625427
103302 0.028302598829369873
103312 0.01837858758640062
103322 0.010732727084171159
103374 0.0038361956244627833
103456 0.05107314987334715
103482 0.006132986905240662
103509 0.0024445622789282997
103544 0.014418305064018613
103578 0.0011484372834279929
103676 0.0017195548343676562
103708 0.007155151389447439
103713 0.01546903174884588
103729 0.007781773608889883
103764 0.008840666516114115
104074 0.013122236978525393
104119 0.006553775029099369
104138 0.0024429992595683715
104139 0.03859445294914073
104157 0.015044797280030277
104160 0.04049739661674496
104161 0.04153462462498537
104164 0.024504783448534163
104277 0.011940158881140415
104366 0.05702762450693929
104397 0.018860824578463612
104398 0.009797053440935724
104405 0.013801178192969882
104425 0.020602747867557385
104437 0.027687324941774873
104447 0.04444540216068161
104525 0.009722266773447666
104548 0.018638296790072843
104586 0.0038208508419649324
104604 0.005998195984246362
104645 0.023354739459974797
104646 0.013313069135766315
104774 0.002153805435154979
104809 0.01729749419896529
104813 0.0647601837621175
104944 0.00047231239179477394
104961 0.00549762711074091
105075 0.0076570157153605855
105110 0.021141381798735356
105156 0.010054870636749822
105195 0.01713386027786965
105257 0.009937423702631365
105292 0.007195575973568611
105324 0.006576335356221915
105379 0.0026871596950789217
105381 0.008270239917673014
105400 0.014925558450268038
105419 0.006084157391663906
105516 0.018697291417378668
105517 0.016612394965064923
105573 0.002885839004505236
105664 0.020542208827768457
105723 0.06822947932080237
105817 0.009891839190233976
105939 0.01626646899902273
105963 0.011902962124501346
106031 0.0006565113487328008
106078 0.007347790080701794
106101 0.041530987412662305
106130 0.010054870636749822
106166 0.0018031386701108695
106172 0.035122647185997585
106206 0.007250191350977102
106396 0.009552127104912331
106428 0.006738222294214708
106453 0.004861133386723833
106497 0.007141777274700809
106541 0.0011989360541162636
106624 0.11940158881140414
106628 0.013406494182333096
106635 0.010134882869933507
106735 0.0004315395123068593
106845 0.055374649883549745
106863 0.004982684051957076
106918 0.007829612381075681
106931 0.0006506898572828563
106932 0.002132171228775074
107066 0.027296467638873497
107128 0.005854536498111329
107375 0.01161352839503019
107415 0.017724007754556216
107495 0.019200255487260967
107528 0.014418305064018613
107624 0.010439483174767575
107626 0.08683751913556666
107664 0.004463610796688005
107665 0.0046538987112849355
107716 0.01070266342287096
107744 0.04043289269008137
107776 0.015854152871223787
107857 0.019009208168979764
107929 0.01872966099002418
107932 0.01785444318675202
107976 0.03947045376130349
107980 0.003805628328650331
108110 0.014472919855927776
108130 0.0060460400284233825
108160 0.005545501947699466
108197 0.006273975109958838
108263 0.01592021184152055
108268 0.03570888637350404
108312 0.033224789930129846
108453 0.02080569921140672
108457 0.004171234543629838
108464 0.0369096765348221
108532 0.016684938174519354
108537 0.018458216627849914
108551 0.003649332227282648
108563 0.011096505712543772
108569 0.001159942574974175
108584 0.009296474068041198
108620 0.030324213031467716
108638 0.004521716972739565
108662 0.022879346359071455
108699 0.013894003061690663
108725 0.02825005602800445
108737 0.012864817649713577
108773 0.012324194122100184
108879 0.005328882067885518
108990 0.013597333957170577
109093 0.004867325913331124
109123 0.011231359080578159
109176 0.006284294147968638
109254 0.003279700293532131
109334 0.0007471354794612695
109356 0.02894583971185555
109553 0.05175410264330415
109674 0.006872033888426138
109726 0.01683194203508781
109833 0.010271104413884229
110073 0.011511143826357685
110091 0.012537331066691897
110141 0.004636954905297248
110195 0.015986823606547833
110710 0.0038848209709676632
110793 0.0037905266289334646
110913 0.019494136948800676
110999 0.021226949122027404
111059 0.008509690071191386
111069 0.03066001341427971
111073 0.007701503369539309
111079 0.006202679938254761
111085 0.03202605361590603
111102 0.005149394665720934
111205 0.005668918163152719
111340 0.02043235744366274
111381 0.04776063552456166
111389 0.010028479900170426
111396 0.026263586623458013
111542 0.012285694025610715
111570 0.011578335884742219
111576 0.017858540156159248
111580 0.009552127104912331
111586 0.01313007162187262
111593 0.012861357515731647
111636 0.04198737188972454
111637 0.006378715929824595
111670 0.002931247317812877
111679 0.007738352667958156
111683 0.0018579158042541697
111723 0.079867442350778
111783 0.07294139855088884
111816 0.00486795238593759
111824 0.031252477441608785
111843 0.007878042973123573
111860 0.0027079027937384355
111884 0.004437689711922105
111960 0.01736750382711333
111979 0.00185658447131435
112013 0.004356405946406074
112033 0.013040446559607278
112040 0.003357513920883069
112114 0.026907400295527694
112183 0.012651823980016333
112222 0.01654047983534603
112236 0.004396836411927426
112351 0.00206198102642468
112370 0.02318732197280652
112408 0.013359618328548714
112455 0.0016906419654712092
112469 0.0007742352263353459
112482 0.004034689379054839
112563 0.013597333957170577
112650 0.0028343883103978443
112688 0.004212624963577654
112727 0.019723362287844572
112850 0.03673895040350897
112870 0.015856036349051517
112983 0.008660325074180748
112995 0.007116900803534674
113086 0.008270239917673014
113088 0.03233259891175606
113203 0.038208508419649324
113206 0.013645895864160472
113252 0.015513819737201485
113254 0.0024265802064564962
113265 0.01713386027786965
113276 0.016630495708002617
113419 0.009229108313924957
113552 0.025303647960032667
113599 0.005067441434966753
113609 0.01713386027786965
113676 0.007707248367591806
113801 0.004189529431979092
113834 0.023795401061525178
113868 0.004620134028978153
113871 0.004483203624679847
113886 0.037394582834757335
113974 0.014099080597656577
114045 0.002122461558534455
114048 0.0038988273897601357
114147 0.0067268500738819235
114262 0.0044793093106271185
114302 0.003618229963981944
114304 0.002208584301713834
114332 0.009998860634332331
114338 0.026170211246335152
114346 0.0025939245362966274
114351 0.00244123125675963
114352 0.003541103653350262
114399 0.028373959782513242
114403 0.0004983520528350219
114413 0.004406979056476278
114415 0.004336947607224668
114456 0.015856036349051517
114491 0.0019117206945664948
114507 0.009180730243811278
114508 0.004919591506017505
114509 0.0025799499775146406
114513 0.005276723352702299
114519 0.04064734938260566
114521 0.028094491485036267
114525 0.008860203900680113
114551 0.0014555622255104505
114552 0.0005566845688777771
114553 0.001412514174478718
114559 0.009891839190233976
114564 0.0022770267234594353
114565 0.0017631983580825715
114566 0.0010643038557005384
114567 0.0007736116285687894
114568 9.684808988048597e-05
114579 0.0049534937445735215
114591 0.02000445466997347
114594 0.0006772940729888928
114620 0.029166800320342995
114621 0.03634417320456752
114637 0.009950132400950345
114655 0.0028032654746624596
114688 0.007075649707342468
114694 0.008199250733830328
114762 0.00578322102365374
114764 0.008060866755200279
114780 0.006503231573491891
114783 0.0033753099310644278
114786 0.008528684915100296
114821 0.010139910392496896
114851 0.0014983728792019343
114926 0.008844562134178084
114936 0.0025764334740154635
114973 0.0033533191683931983
114980 0.008622026376468282
114989 0.0018511874234326223
114991 0.027048475419101586
115060 0.004121737693597554
115063 0.016192674254373044
115070 0.002377629646524538
115107 0.004149094067739929
115119 0.001804842154919666
115127 0.0019248618851208728
115137 0.011042921508569168
115142 0.04099076117114483
115157 0.01802942684408508
115158 0.005577884440824719
115160 0.006443256057276445
115178 0.0028814863061575663
115209 0.0042312855392745655
115220 0.005389070298963234
115222 0.004148589404956496
115223 0.011304292431848913
115231 0.03267304459804555
115235 0.01028499655073612
115281 0.0026775408843482357
115284 0.007611256657300662
115285 0.006822947932080236
115286 0.011543356018020944
115287 0.010411037716525701
115288 0.011371579886800393
115289 0.007641701683929865
115301 0.006798666978585288
115333 0.0033963118595243848
115380 0.005241222005438865
115427 0.014966948613368265
115452 0.028513812253469644
115453 0.003779278775435146
115475 0.018547819621188993
115494 0.009801913379413666
115536 0.016630495708002617
115575 0.021769176568497115
115576 0.011902962124501346
115589 0.026907400295527694
115619 0.01248644066001612
115635 0.005427344945972916
115661 0.013095673745775343
115662 0.03056680673571946
115730 0.011684559149739855
115731 0.021564209434710064
115746 0.01248644066001612
115748 0.006762567861884837
115749 0.0031031039666290223
115752 0.014192008017903544
115768 0.0005165406032127799
115786 0.008266250969049054
115791 0.012355137950871344
115823 0.005170298838924131
115824 0.015390565316920351
115825 0.008326567528676533
115852 0.005878232064561435
115855 0.007390427160473757
115856 0.01477000646213018
115857 0.008586181667336927
115870 0.0067745582304342775
115880 0.0025825400520610854
115917 0.029405740138240995
115924 0.013710663905608725
116001 0.017761519369505832
116043 0.0016272788935114703
116063 0.001646961005705962
116074 0.01864340873317873
116075 0.02524119758171911
116076 0.011439993499198376
116077 0.009941189672473053
116205 0.006410823560343846
116213 0.008453209827356045
116217 0.011237796594014507
116246 0.012768287468336787
116329 0.01810829782921769
116357 0.01369480588517897
116363 0.010411037716525701
116377 0.013256686127895531
116440 0.019797154621579962
116443 0.008434549320010889
116528 0.012047044376932997
116623 0.006599051540526654
116644 0.019200255487260967
116687 0.010672767714985845
116695 0.03351623545583274
116726 0.0029259442923622882
116733 0.017771399264953174
116895 0.0943351121190059
116909 0.007491864396009671
116955 0.012325325296661072
117043 0.05895944507437869
117128 0.01785444318675202
117204 0.006410823560343846
117205 0.03505367744921957
117210 0.02673249103476454
117212 0.018822733638768782
117259 0.03351623545583274
117391 0.0031404188497150577
117392 0.056847895320055734
117396 0.02021614202097848
117419 0.01891510317804422
117467 0.017010587348621466
117482 0.002560891985231188
117559 0.011474026552447244
117647 0.0032407555911492217
117686 0.02748813555370455
117693 0.005293995769568755
117791 0.0076723912489255666
117857 0.0024383221710050623
117925 0.0011742012421527143
117947 0.0004537288732887938
117967 0.0042312855392745655
118078 0.0043639835341110315
118147 0.005395548649218531
118189 0.003916702890653273
118219 0.009528306339064669
118257 0.0015048117237005624
118385 0.001273616947321644
118485 0.0008622998966294138
118505 0.008342469087259677
118534 0.004056104927775936
118558 0.0017026964536385617
118618 0.0015756503301464929
118626 0.0026324637328022002
118646 0.02358549902447489
118689 0.012785104407930866
118698 0.0049945762640064475
118733 0.012298289156618868
118794 0.023610448286178903
118848 0.016745681105141547
118892 0.014256906126734822
118911 0.019594106881871447
118950 0.009697590969454143
118975 0.005320117459221233
119014 0.0017536630063467117
119097 0.0006864626018621869
119138 0.010553446705404599
119274 0.008379058863958184
119289 0.0029459142960408112
119299 0.008459077334308951
119329 0.018223275578628222
119331 0.002885839004505236
119337 0.0024539825574598152
119491 0.009047920042535691
119496 0.0026383616763511497
119497 0.0023300474514557253
119540 0.015150498431880606
119591 0.023297870987591052
119649 0.0008803803783329337
119860 0.02087896634953515
119868 0.03351623545583274
119952 0.00033038053108213857
119975 0.008397474377944907
120007 0.011011097527276461
120077 0.010236175364577563
120224 0.01990026480190069
120229 0.011011097527276461
120244 0.009271732515132648
120251 0.019009208168979764
120266 0.01986110168282679
120322 0.0044793093106271185
120350 0.0011086997138668414
120376 0.03898827389760135
120409 0.008898573356826712
120434 0.0027950627958777856
120444 0.0035742290383207974
120476 0.007783195194987548
120514 0.00152528975727143
120516 0.0048531604129129925
120517 0.0038555507991573485
120540 0.005466167155886885
120584 0.002073169203453572
120777 0.010732727084171159
120828 0.0007986728348588905
121057 0.0031147148918695324
121194 0.024810719753019045
121216 0.0011743080106031982
121261 0.0355454001671045
121305 0.005404315193726921
121343 0.0060170879401022555
121348 0.0014088683045593408
121370 0.009976111858916272
121564 0.004665263543302726
121648 0.007960105920760276
121675 0.00133502824666839
121712 0.012635278965650427
121755 0.010054870636749822
121782 0.0018648783022234127
121788 0.0057891679423711095
122028 0.005381480059105539
122037 0.013995790629908177
122073 0.05014932426676759
122087 0.00789431992141515
122091 0.011865996403617803
122213 0.011940158881140415
122317 0.028302598829369873
122382 0.007155151389447439
122427 0.02234415697055516
122436 0.014310302778894878
122522 0.022462718161156317
122549 0.007092351408619407
122635 0.012821647120687693
122814 0.037394582834757335
122840 0.008453209827356045
122920 0.011684559149739855
122945 0.003473500765422666
123209 0.014256906126734822
123302 0.008763419362304892
123370 0.0063154559371321195
123392 0.0022011755094023086
123482 0.02134553542997169
123493 0.03193681592384307
123494 0.00711517847665723
123576 0.005427344945972916
123635 0.07641701683929865
123767 0.0323463141520651
123949 0.0015755632806656158
123980 0.07223859937040993
124046 0.016803280078994856
124051 0.04064734938260566
124095 0.0037459321980048356
124208 0.020090878355319936
124236 0.012464860944919113
124416 0.018547819621188993
124564 0.0007509533887509695
124605 0.007566041271217688
124642 0.016258939753042267
124648 0.011024999780968688
124688 0.010674874415375594
124754 0.0016169491502179148
124799 0.013590651745958478
124904 0.0020687524587501296
124950 0.007641701683929865
124954 0.019395181938908285
125151 0.004758220226606391
125274 0.016190045940529377
125283 0.007188069811570021
125317 0.016716441422255864
125343 0.005241222005438865
125372 0.0647601837621175
125402 0.012168314783327812
125469 0.013744067776852276
125511 0.018821925329876515
125706 0.013875102367109893
125969 0.000715515138944744
126095 0.021833433382656756
126210 0.007462599300712759
126245 0.022085843017138337
126388 0.011107124540595734
126661 0.010028479900170426
126684 0.0035150421729208212
126691 0.055374649883549745
126717 0.004500800218803201
126762 0.02695526179338758
126765 0.008415971017543905
126878 0.0010113422027434973
126947 0.0012222298942779178
127083 0.0024445622789282997
127181 0.01621369130429328
127199 0.004806101688006204
127209 0.002161114729618175
127238 0.0034077707310308123
127239 0.0038751022737981058
127252 0.0036703658424254875
127328 0.004371682885543401
127331 0.008434549320010889
127332 0.01248644066001612
127358 0.013453700147763847
127360 0.007217357812885241
127378 0.012610068785362813
127556 0.05014932426676759
127576 0.000737331308754329
127737 0.02186492762316812
127789 0.019594106881871447
127950 0.011474026552447244
128009 0.014527949969448412
128072 0.031179732059199543
128200 0.008543507322004327
128211 0.0003693984130189711
128609 0.004047511485132344
128697 0.003843914327932528
128748 0.010468084498534062
128814 0.008612765338469927
128815 0.0031038593354711067
128895 0.0029527440818894377
128967 0.019139830859210116
128974 0.03265684480311908
129021 0.0008003457984844853
129022 0.0007455318716029137
129098 0.019009208168979764
129268 0.06280837699430115
129293 0.038054487237723644
129312 0.010054870636749822
129318 0.009140791487954384
129528 0.007222780419593446
129570 0.0742452271306991
129608 0.010854689891945832
129837 0.29391160322807175
129866 0.004592368800438621
129926 0.016891025666874723
129930 0.007168575688489554
129934 0.01829407898124596
130088 0.0021191629739128856
130192 0.17367503827113331
130204 0.043917825769711864
130236 0.02777234831414777
130280 0.012002342913567754
130309 0.01797017452892505
130346 0.024672260092663083
130424 0.004879758418856874
130427 0.010135695552672862
130489 0.009011440665011633
130499 0.010905744832512219
130575 0.0007315433356241494
130624 0.014472919855927776
130647 0.009405345169711582
130652 0.006182331943034311
130657 0.02695526179338758
130719 0.010613474561013702
130754 0.013882538262688883
130882 0.015150498431880606
130887 0.06559478286950436
130912 0.019797154621579962
130994 0.021917487545339197
131053 0.008288179700574692
131096 0.008397474377944907
131195 0.020542208827768457
131227 0.014203906475706069
131356 0.021492567542900395
131380 0.008342469087259677
131409 0.0029365696007321923
131424 0.008095022970264688
131516 0.04198737188972454
131562 0.030953410671832625
